-754
-4447
861
-760
-3832
969
-804
-4014
1266
-841
-3917
1309
-695
-3725
1384
-758
-3946
1754
-699
-3694
2271
-824
-3652
2456
-910
-3245
2673
-1084
-3325
2710
-1309
-3361
2281
-1324
-2477
2435
-1565
-2787
2458
-1592
-2895
1995
-1493
-3017
1748
-1373
-2983
1639
-1377
-3033
1635
-1383
-2954
1522
-1447
-3232
2052
-1087
-3573
2028
-1052
-3902
2031
-1163
-3958
1982
-1278
-3703
1956
-1072
-3313
1885
-1044
-3237
1888
-966
-3514
2137
-996
-3590
2214
-962
-3389
2223
-938
-3361
2245
-906
-3373
2176
-864
-3440
2219
-876
-3462
2234
-887
-3444
2313
-812
-3277
2209
-812
-3425
2206
-836
-3381
2257
-802
-3333
2266
-849
-3342
2274
-894
-3342
2269
-848
-3413
2239
-771
-3350
2199
-645
-3359
2256
-697
-3472
2246
-699
-3401
2219
-689
-3378
2171
-708
-3429
2180
-660
-3479
2206
-625
-3413
2193
-633
-3402
2187
-638
-3345
2259
-640
-3448
2273
-655
-3419
2240
-634
-3434
2294
-621
-3402
2258
-624
-3402
2183
-610
-3486
2159
-595
-3428
2153
-603
-3423
2199
-577
-3439
2207
-594
-3455
2201
-612
-3503
2196
-592
-3488
2132
-642
-3472
2083
-629
-3521
2015
-629
-3528
2025
-645
-3516
2032
-645
-3492
2012
-689
-3569
2033
-630
-3512
2035
-579
-3481
2102
-671
-3496
2052
-703
-3512
2068
-656
-3515
2169
-644
-3508
2130
-617
-3485
2131
-629
-3558
2045
-632
-3554
2003
-629
-3512
1989
-646
-3609
1896
-626
-3652
1913
-632
-3601
1849
-636
-3679
1779
-649
-3651
1794
-635
-3731
1718
-616
-3667
1752
-665
-3717
1696
-647
-3665
1680
-663
-3686
1729
-654
-3724
1762
-644
-3689
1718
-644
-3684
1729
-668
-3708
1760
-646
-3685
1758
-622
-3686
1773
-642
-3668
1756
-667
-3674
1759
-651
-3648
1755
-683
-3841
1864
-627
-3554
1757
-672
-3631
1685
-689
-3767
1765
-631
-3692
1784
-594
-3714
1794
-673
-3805
1726
-687
-3775
1714
-616
-3751
1645
-610
-3834
1564
-554
-3819
1516
-544
-3878
1550
-561
-3885
1485
-536
-3809
1440
-516
-3843
1386
-387
-3929
1359
-356
-3919
1360
-269
-3852
1282
-292
-3689
1150
-284
-3848
1307
-221
-4027
1445
-135
-3945
1422
8
-3838
1332
100
-3900
1166
193
-4010
1086
226
-4034
1044
188
-4027
877
-25
-4042
909
-113
-3962
1019
-31
-3926
957
63
-3975
894
58
-3977
872
-3
-4009
839
-57
-4062
842
-79
-4103
761
-137
-4011
676
-136
-3999
657
-66
-4108
673
-85
-4098
728
-170
-4094
665
-200
-4231
679
-145
-4150
722
-152
-3986
640
-173
-4133
575
-161
-4151
546
-114
-4081
626
-108
-4095
659
-154
-4093
592
-173
-4136
563
-154
-4100
539
-155
-4082
508
-166
-4109
500
-130
-4094
444
-88
-3963
365
-123
-4075
584
-108
-4066
792
-118
-4115
861
-124
-4081
873
-136
-4068
958
-113
-4192
1089
-89
-4042
822
-66
-4013
656
-101
-4025
600
-108
-4059
643
-99
-4069
768
-101
-4067
761
-121
-4077
762
-145
-4068
750
-143
-4056
717
-176
-4110
709
-145
-4093
699
-138
-4089
669
-160
-4078
669
-157
-4083
677
-142
-4079
663
-137
-4087
654
-127
-4078
672
-127
-4096
667
-119
-4085
637
-110
-4077
660
-125
-4083
643
-121
-4070
665
-112
-4102
685
-116
-4052
670
-114
-4112
698
-134
-4095
692
-130
-4088
721
-152
-4052
716
-144
-4070
728
-130
-4071
711
-124
-4077
720
-116
-4053
718
-126
-4073
723
-124
-4102
726
-122
-4088
736
-121
-4059
725
-126
-4069
699
-130
-4087
701
-135
-4086
684
-133
-4083
694
-127
-4067
702
-136
-4086
696
-156
-4088
670
-172
-4066
675
-156
-4088
709
-147
-4092
699
-163
-4073
679
-154
-4061
648
-146
-4081
666
-147
-4085
677
-154
-4097
687
-149
-4102
682
-166
-4102
694
-156
-4061
636
-168
-4106
617
-159
-4086
604
-153
-4088
602
-181
-4094
587
-196
-4094
583
-184
-4109
598
-178
-4102
593
-185
-4089
587
-175
-4096
597
-175
-4093
581
-179
-4101
599
-176
-4097
604
-174
-4114
610
-170
-4088
581
-173
-4091
580
-174
-4113
595
-194
-4096
600
-184
-4098
582
-186
-4122
606
-196
-4085
599
-210
-4089
582
-203
-4112
588
-192
-4088
567
-191
-4094
578
-186
-4107
589
-180
-4099
581
-191
-4101
571
-201
-4094
571
-200
-4106
577
-207
-4133
600
-204
-4105
587
-192
-4077
561
-194
-4090
536
-203
-4105
558
-206
-4094
552
-209
-4116
546
-212
-4106
546
-217
-4103
546
-215
-4121
560
-214
-4102
558
-212
-4098
565
-196
-4100
586
-189
-4118
515
-194
-4088
554
-187
-4127
563
-192
-4120
542
-192
-4100
549
-199
-4113
550
-185
-4094
541
-197
-4118
549
-208
-4089
556
-189
-4116
556
-190
-4112
555
-207
-4106
541
-220
-4099
536
-200
-4101
574
-187
-4111
518
-193
-4119
550
-206
-4118
567
-190
-4113
551
-188
-4093
527
-183
-4108
544
-194
-4094
553
-190
-4109
568
-196
-4118
543
-197
-4094
529
-204
-4096
551
-196
-4090
546
-177
-4095
544
-188
-4108
547
-226
-4100
535
-217
-4101
548
-206
-4108
552
-200
-4110
549
-194
-4095
550
-196
-4104
561
-201
-4106
551
-208
-4117
552
-210
-4107
539
-210
-4124
549
-201
-4101
558
-199
-4100
555
-215
-4091
551
-227
-4107
549
-219
-4110
545
-213
-4117
541
-228
-4104
544
-229
-4108
547
-218
-4115
540
-209
-4099
554
-210
-4102
559
-206
-4114
558
-203
-4093
565
-216
-4109
564
-218
-4116
551
-211
-4097
552
-222
-4092
537
-222
-4112
540
-218
-4111
541
-221
-4109
549
-220
-4109
557
-227
-4092
547
-234
-4106
546
-219
-4106
555
-217
-4105
550
-216
-4100
537
-206
-4102
551
-215
-4114
555
-225
-4104
538
-224
-4109
539
-220
-4106
541
-223
-4103
539
-216
-4093
530
-200
-4106
526
-240
-4141
532
-219
-4093
534
-215
-4105
529
-225
-4112
527
-226
-4102
538
-228
-4120
545
-221
-4111
535
-219
-4102
532
-216
-4110
529
-205
-4103
534
-220
-4098
532
-218
-4118
537
-207
-4121
537
-220
-4098
519
-222
-4092
539
-208
-4108
533
-220
-4147
559
-224
-4135
554
-233
-4097
571
-191
-4131
603
-210
-4063
633
-258
-4041
844
-251
-4137
823
-154
-4150
326
-202
-4048
436
-203
-4115
611
-202
-4106
533
-208
-4050
505
-201
-4002
531
-205
-4113
543
-222
-4123
642
-252
-4153
643
-229
-4067
585
-219
-4085
607
-238
-4103
609
-220
-4101
610
-224
-4084
619
-241
-4096
610
-226
-4078
608
-211
-4053
663
-208
-4113
673
-228
-4096
637
-226
-4076
651
-207
-4068
610
-165
-4027
648
-190
-3979
779
-175
-4019
843
-167
-3992
954
-192
-3959
1147
-169
-3920
1194
-118
-3855
1324
-120
-3875
1531
-88
-3827
1797
-95
-3799
1882
-53
-3748
1982
-91
-3666
1907
-60
-3592
1844
-47
-3562
2448
-269
-3541
2518
-240
-3647
2203
-336
-3762
2031
-316
-3452
2064
-297
-3307
1960
-319
-3313
1816
-352
-3521
1755
-369
-3619
1656
-394
-3486
1703
-331
-3657
1719
-328
-3767
1792
-318
-3709
1835
-337
-3647
1830
-335
-3537
1959
-304
-3736
2037
-249
-3819
1912
-208
-3738
1877
-252
-3647
1865
-207
-3681
1855
-210
-3800
1793
-233
-3738
1672
-213
-3833
1762
-256
-3841
1683
-254
-3733
1427
-230
-3838
1337
-246
-3849
1366
-261
-3839
1405
-241
-3804
1452
-278
-3878
1511
-265
-3819
1505
-241
-3806
1579
-233
-3873
1598
-233
-3805
1568
-236
-3793
1564
-249
-3810
1547
-250
-3845
1531
-266
-3849
1494
-255
-3828
1461
-237
-3850
1499
-233
-3862
1439
-279
-3879
1386
-265
-3909
1396
-252
-3906
1368
-249
-3862
1360
-237
-3881
1345
-268
-4029
1378
-257
-3924
1355
-240
-3897
1192
-175
-3926
1162
-145
-3880
1156
-200
-3993
1152
-200
-4000
1126
-198
-3960
1114
-206
-3970
1126
-188
-3959
1144
-181
-3976
1195
-203
-3975
1168
-199
-3945
1166
-186
-3985
1179
-162
-3953
1161
-157
-3943
1159
-157
-3956
1166
-167
-3973
1168
-169
-3980
1169
-163
-3959
1166
-173
-3964
1167
-161
-3983
1178
-136
-3948
1149
-159
-3934
1153
-161
-3964
1159
-132
-3958
1157
-138
-3978
1181
-168
-3953
1158
-172
-3962
1130
-168
-3973
1132
-172
-3969
1130
-160
-3964
1127
-152
-3968
1128
-167
-3985
1127
-173
-3977
1122
-171
-3983
1123
-181
-3988
1117
-162
-3961
1136
-158
-3962
1138
-159
-3965
1130
-161
-3989
1128
-162
-3979
1118
-158
-3981
1110
-176
-3984
1092
-176
-3987
1077
-161
-3973
1071
-175
-3996
1079
-168
-3995
1073
-158
-3990
1071
-170
-3986
1082
-178
-3987
1081
-174
-3990
1081
-161
-3999
1081
-159
-3980
1087
-166
-3993
1068
-176
-3998
1068
-173
-3988
1051
-173
-3992
1054
-173
-3999
1060
-165
-3986
1044
-171
-4007
1048
-153
-4003
1039
-144
-3995
1042
-175
-4012
1041
-169
-4002
1033
-160
-4011
1035
-170
-4004
1046
-159
-4002
1046
-154
-4008
1046
-161
-4041
1030
-169
-4061
1049
-97
-3959
968
-162
-4015
890
-169
-4002
856
-157
-4056
880
-144
-4056
903
-144
-4017
864
-149
-4049
860
-150
-4033
867
-163
-4036
881
-167
-4039
884
-156
-4057
894
-131
-4068
896
-121
-4042
881
-131
-4035
867
-122
-4046
843
-119
-4050
847
-114
-4025
857
-118
-4042
865
-117
-4040
845
-100
-4042
901
-87
-4072
926
-89
-4039
944
-86
-4028
866
-109
-4056
884
-127
-4022
897
-117
-4036
884
-120
-4047
884
-125
-4034
877
-116
-4066
871
-107
-4029
879
-98
-4033
886
-98
-4051
932
-92
-4048
893
-89
-4028
886
-90
-4019
903
-79
-4037
892
-75
-4040
870
-87
-4041
875
-112
-4040
880
-96
-4022
895
-98
-4052
892
-84
-4015
874
-90
-4024
860
-104
-4034
883
-96
-4035
890
-77
-4043
909
-79
-4033
907
-89
-4047
884
-81
-4050
867
-83
-4039
844
-88
-4043
843
-73
-4048
844
-62
-4051
845
-85
-4070
846
-102
-4029
836
-93
-4054
847
-73
-4058
846
-61
-4041
855
-77
-4035
869
-75
-4045
866
-77
-4035
869
-75
-4047
862
-79
-4062
863
-64
-4039
860
-67
-4036
861
-84
-4051
847
-69
-4041
839
-59
-4045
851
-87
-4085
839
-108
-4072
806
-87
-4023
860
-77
-4043
913
-54
-4075
918
-3
-4008
909
-23
-4016
872
-40
-4031
850
-76
-4050
810
-76
-4102
780
-48
-4053
824
-15
-4025
773
-46
-4054
843
-25
-4031
859
-55
-4059
831
-57
-4025
781
-56
-4061
809
-59
-4065
828
-55
-4040
809
-59
-4079
801
-63
-4080
804
-38
-4041
819
-33
-4038
860
-51
-4053
858
-46
-4042
848
-55
-4059
835
-72
-4064
827
-63
-4048
820
-62
-4044
798
-63
-4046
786
-58
-4045
816
-52
-4051
805
-48
-4083
810
-68
-4056
819
-71
-4041
802
-42
-4065
814
-34
-4059
818
-41
-4044
823
-52
-4049
819
-52
-4058
815
-45
-4050
831
-51
-4044
830
-49
-4059
834
-54
-4059
816
-62
-4043
822
-54
-4058
813
-59
-4058
824
-62
-4033
826
-56
-4054
815
-51
-4071
818
-64
-4059
814
-68
-4054
817
-54
-4063
825
-41
-4046
806
-37
-4068
835
-39
-4042
828
-43
-4047
806
-50
-4061
806
-44
-4064
824
-38
-4038
823
-53
-4069
814
-51
-4064
803
-48
-4022
814
-46
-4034
823
-35
-4057
832
-50
-4069
823
-68
-4057
805
-71
-4055
815
-53
-4065
834
-33
-4059
822
-44
-4062
810
-52
-4054
810
-58
-4061
810
-56
-4061
813
-39
-4063
829
-40
-4054
822
-42
-4054
813
-52
-4053
807
-57
-4053
807
-56
-4051
816
-44
-4064
807
-43
-4068
814
-56
-4062
808
-66
-4051
810
-58
-4065
813
-39
-4060
812
-41
-4051
817
-48
-4055
817
-47
-4057
814
-51
-4049
829
-50
-4073
822
-54
-4060
825
-47
-4048
815
-49
-4049
814
-55
-4069
804
-49
-4048
814
-51
-4072
798
-53
-4067
803
-58
-4056
804
-63
-4058
799
-52
-4068
805
-44
-4054
804
-52
-4054
814
-54
-4050
807
-47
-4061
804
-58
-4061
808
-62
-4060
821
-55
-4056
816
-57
-4064
812
-58
-4050
815
-61
-4050
818
-68
-4060
810
-68
-4058
803
-68
-4057
806
-54
-4069
816
-69
-4051
797
-68
-4060
792
-64
-4072
803
-52
-4046
803
-56
-4062
813
-58
-4053
814
-50
-4055
809
-58
-4059
815
-60
-4057
811
-62
-4072
818
-63
-4062
810
-68
-4061
813
-60
-4052
816
-64
-4063
823
-64
-4051
822
-59
-4051
831
-57
-4063
826
-51
-4061
812
-71
-4053
811
-67
-4059
814
-52
-4061
813
-52
-4055
816
-56
-4051
817
-58
-4059
826
-63
-4058
829
-59
-4048
826
-57
-4068
840
-43
-4044
836
-60
-4052
835
-63
-4074
831
-46
-4057
823
-60
-4030
831
-58
-4042
835
-51
-4063
833
-46
-4068
828
-68
-4040
825
-74
-4042
828
-50
-4055
834
-29
-4046
828
-37
-4035
836
-51
-4036
846
-55
-4057
842
-53
-4051
830
-56
-4068
846
-49
-4047
832
-51
-4047
835
-51
-4067
831
-49
-4053
831
-60
-4042
835
-61
-4044
824
-53
-4054
830
-45
-4071
829
-54
-4056
811
-66
-4040
818
-59
-4060
822
-46
-4060
820
-47
-4043
812
-57
-4053
829
-50
-4053
822
-50
-4057
817
-45
-4054
819
-40
-4057
836
-39
-4051
817
-50
-4058
818
-50
-4037
812
-48
-4052
821
-63
-4064
828
-46
-4047
812
-50
-4062
818
-59
-4059
828
-59
-4045
823
-59
-4059
815
-50
-4063
806
-44
-4052
820
-44
-4054
827
-54
-4054
826
-41
-4064
816
-50
-4062
819
-52
-4045
819
-48
-4063
819
-52
-4058
814
-59
-4059
817
-61
-4046
814
-59
-4057
808
-64
-4059
810
-55
-4042
804
-51
-4071
808
-61
-4059
815
-74
-4041
808
-65
-4065
811
-57
-4058
810
-53
-4052
818
-54
-4058
814
-53
-4055
810
-63
-4060
806
-71
-4062
814
-58
-4052
805
-53
-4055
801
-60
-4074
809
-65
-4050
807
-56
-4052
809
-63
-4054
804
-63
-4057
815
-65
-4060
815
-57
-4057
812
-61
-4060
814
-73
-4060
812
-73
-4069
820
-66
-4062
813
-63
-4056
822
-61
-4051
823
-56
-4061
828
-61
-4060
821
-66
-4063
828
-63
-4042
825
-60
-4064
840
-61
-4048
834
-71
-4058
839
-70
-4056
830
-66
-4052
827
-64
-4041
825
-61
-4052
834
-60
-4061
823
-59
-4073
826
-74
-4038
820
-70
-4053
840
-54
-4055
831
-40
-4044
839
-49
-4049
832
-48
-4043
831
-53
-4058
833
-57
-4054
833
-54
-4061
840
-55
-4038
830
-60
-4043
839
-54
-4065
831
-43
-4037
837
-60
-4019
846
-56
-4054
847
-54
-4065
845
-59
-4067
832
-70
-4044
807
-71
-4049
808
-64
-4068
816
-53
-4062
799
-64
-4065
797
-61
-4053
804
-63
-4059
807
-61
-4048
808
-60
-4065
812
-53
-4067
794
-64
-4069
791
-70
-4060
791
-62
-4058
791
-68
-4057
787
-63
-4059
793
-64
-4068
799
-65
-4081
800
-78
-4052
786
-73
-4060
794
-64
-4071
787
-59
-4061
794
-65
-4055
795
-69
-4066
788
-60
-4076
779
-65
-4064
790
-69
-4065
800
-57
-4069
789
-66
-4067
782
-65
-4051
786
-72
-4060
786
-72
-4068
785
-63
-4061
780
-68
-4068
777
-75
-4073
780
-83
-4049
775
-77
-4076
772
-67
-4065
774
-70
-4062
789
-71
-4055
781
-71
-4071
775
-67
-4056
769
-77
-4062
771
-76
-4073
777
-66
-4068
765
-74
-4067
768
-69
-4053
758
-76
-4064
771
-82
-4064
764
-70
-4065
767
-69
-4069
766
-78
-4072
769
-85
-4055
753
-87
-4087
766
-79
-4101
759
-67
-4030
740
-81
-4052
724
-85
-4076
743
-76
-4078
747
-82
-4075
737
-85
-4073
739
-78
-4085
745
-79
-4064
733
-81
-4070
734
-79
-4063
744
-88
-4072
741
-83
-4069
744
-79
-4068
731
-82
-4081
744
-90
-4073
737
-98
-4069
742
-83
-4087
740
-68
-4076
740
-66
-4072
751
-75
-4070
743
-74
-4077
746
-75
-4080
755
-81
-4076
755
-81
-4071
738
-83
-4077
742
-89
-4061
751
-87
-4083
759
-72
-4065
741
-84
-4069
748
-81
-4052
758
-76
-4073
745
-66
-4088
752
-72
-4087
745
-71
-4048
767
-70
-4069
765
-58
-4073
755
-59
-4064
742
-59
-4070
743
-71
-4065
764
-69
-4068
767
-64
-4071
775
-58
-4066
778
-71
-4036
775
-79
-4075
781
-69
-4070
771
-72
-4056
769
-83
-4053
764
-64
-4078
752
-65
-4079
762
-74
-4081
757
-82
-4055
739
-81
-4069
753
-70
-4075
764
-64
-4070
758
-70
-4072
751
-77
-4064
757
-69
-4074
745
-62
-4072
738
-59
-4078
740
-74
-4080
732
-65
-4075
735
-60
-4075
728
-63
-4073
758
-67
-4065
740
-60
-4072
744
-59
-4065
753
-66
-4078
756
-70
-4069
736
-75
-4063
743
-80
-4077
731
-64
-4075
743
-65
-4065
745
-70
-4067
750
-70
-4071
749
-72
-4073
750
-64
-4073
738
-67
-4068
749
-69
-4072
740
-70
-4079
738
-69
-4065
737
-67
-4073
744
-81
-4057
740
-74
-4084
744
-66
-4075
748
-77
-4076
746
-77
-4073
733
-84
-4074
730
-79
-4085
724
-69
-4075
727
-74
-4076
739
-73
-4075
727
-65
-4076
722
-64
-4073
720
-77
-4088
722
-70
-4061
711
-74
-4087
714
-75
-4074
714
-67
-4089
721
-72
-4078
726
-69
-4077
731
-75
-4075
729
-79
-4082
728
-73
-4072
726
-77
-4074
725
-87
-4074
727
-86
-4072
717
-89
-4083
727
-72
-4078
727
-78
-4070
739
-76
-4070
726
-77
-4076
724
-83
-4078
730
-83
-4084
727
-76
-4070
730
-79
-4069
728
-84
-4084
725
-85
-4080
732
-87
-4082
740
-79
-4067
742
-87
-4076
738
-81
-4080
738
-72
-4073
739
-82
-4078
739
-88
-4077
729
-85
-4064
712
-83
-4092
731
-76
-4075
734
-71
-4069
730
-81
-4073
732
-76
-4073
744
-81
-4074
745
-79
-4078
738
-74
-4061
740
-82
-4084
744
-78
-4069
734
-84
-4071
750
-83
-4107
753
-63
-4060
732
-85
-4061
739
-78
-4062
750
-68
-4073
747
-69
-4091
744
-81
-4060
740
-93
-4066
733
-81
-4078
737
-63
-4058
734
-65
-4068
739
-71
-4068
740
-76
-4074
735
-75
-4085
735
-67
-4080
738
-72
-4106
743
-66
-4051
717
-86
-4082
701
-81
-4073
676
-82
-4106
697
-87
-4070
688
-83
-4086
681
-85
-4084
672
-87
-4094
666
-103
-4100
659
-102
-4072
644
-98
-4096
646
-86
-4096
644
-79
-4088
647
-91
-4092
644
-88
-4092
635
-90
-4099
638
-90
-4103
640
-87
-4086
636
-88
-4102
626
-99
-4100
621
-96
-4093
632
-90
-4094
634
-100
-4096
620
-102
-4097
623
-95
-4097
621
-87
-4109
624
-98
-4092
620
-105
-4087
613
-101
-4102
616
-89
-4101
612
-93
-4094
619
-95
-4096
621
-95
-4096
613
-93
-4098
614
-100
-4104
622
-101
-4091
613
-97
-4099
619
-101
-4097
612
-102
-4099
614
-88
-4085
617
-101
-4092
618
-103
-4097
617
-97
-4087
610
-95
-4098
615
-104
-4094
611
-107
-4089
604
-108
-4111
609
-95
-4096
601
-94
-4096
616
-101
-4097
612
-94
-4098
606
-97
-4101
607
-102
-4101
607
-93
-4093
606
-97
-4106
611
-99
-4088
601
-102
-4103
610
-95
-4087
610
-104
-4103
612
-105
-4101
609
-94
-4098
609
-99
-4100
600
-105
-4095
604
-103
-4078
593
-93
-4108
593
-90
-4111
585
-91
-4097
615
-90
-4083
594
-96
-4114
596
-81
-4104
586
-86
-4113
605
-92
-4093
606
-90
-4100
609
-77
-4092
621
-101
-4101
623
-97
-4088
634
-88
-4087
625
-86
-4093
610
-99
-4093
619
-98
-4096
621
-97
-4110
620
-107
-4083
618
-115
-4089
620
-105
-4107
626
-87
-4087
625
-90
-4098
614
-82
-4084
610
-88
-4091
617
-93
-4108
615
-89
-4089
599
-90
-4115
610
-92
-4062
605
-97
-4122
616
-89
-4103
601
-92
-4073
614
-91
-4059
615
-81
-4098
616
-82
-4102
615
-96
-4126
599
-99
-4057
576
-102
-4110
577
-89
-4114
592
-77
-4081
566
-92
-4101
564
-100
-4107
569
-98
-4103
576
-91
-4104
584
-77
-4111
581
-85
-4089
580
-102
-4107
569
-86
-4107
573
-87
-4100
579
-98
-4097
564
-90
-4099
563
-89
-4109
575
-88
-4109
582
-98
-4092
566
-102
-4105
572
-90
-4109
567
-86
-4106
568
-94
-4096
580
-90
-4107
566
-93
-4109
571
-93
-4092
573
-90
-4127
577
-84
-4102
573
-93
-4103
569
-89
-4096
561
-91
-4108
576
-96
-4103
563
-90
-4105
555
-91
-4109
570
-100
-4095
570
-102
-4104
561
-109
-4108
571
-96
-4104
567
-94
-4102
580
-98
-4090
557
-99
-4109
567
-87
-4097
562
-97
-4112
567
-99
-4102
572
-90
-4105
575
-97
-4107
565
-101
-4102
568
-97
-4100
561
-105
-4113
560
-93
-4100
557
-94
-4109
558
-89
-4108
569
-106
-4100
559
-99
-4098
560
-104
-4121
566
-91
-4095
559
-96
-4100
580
-102
-4114
561
-99
-4110
556
-100
-4102
555
-105
-4124
559
-95
-4085
548
-99
-4114
551
-108
-4107
553
-106
-4111
548
-100
-4108
544
-102
-4104
545
-100
-4112
550
-96
-4107
550
-94
-4105
545
-101
-4113
547
-111
-4093
536
-112
-4118
550
-104
-4116
546
-100
-4107
569
-105
-4093
566
-104
-4102
559
-110
-4102
564
-105
-4112
565
-109
-4100
551
-115
-4123
553
-103
-4099
563
-109
-4099
559
-107
-4115
553
-93
-4106
546
-106
-4092
555
-101
-4097
561
-95
-4110
549
-100
-4126
545
-111
-4093
547
-110
-4085
540
-102
-4115
552
-88
-4086
549
-94
-4108
545
-103
-4107
554
-107
-4105
551
-100
-4115
542
-87
-4086
539
-91
-4119
550
-91
-4103
536
-107
-4114
540
-98
-4122
540
-85
-4107
550
-98
-4099
546
-100
-4096
532
-97
-4111
549
-105
-4112
550
-109
-4109
526
-111
-4105
524
-100
-4116
539
-94
-4102
547
-100
-4102
540
-98
-4114
550
-95
-4105
543
-100
-4103
545
-101
-4110
542
-100
-4098
541
-102
-4114
543
-106
-4110
539
-112
-4109
546
-97
-4101
541
-106
-4112
550
-112
-4109
543
-100
-4104
537
-99
-4118
545
-107
-4109
543
-116
-4096
529
-110
-4112
537
-109
-4120
536
-104
-4101
544
-104
-4105
542
-106
-4109
539
-106
-4106
541
-110
-4114
542
-110
-4113
541
-108
-4101
537
-105
-4117
537
-112
-4103
541
-111
-4124
545
-99
-4099
537
-113
-4113
544
-113
-4115
543
-103
-4111
531
-105
-4115
535
-108
-4113
541
-107
-4098
527
-115
-4120
528
-111
-4115
534
-99
-4109
538
-104
-4107
537
-102
-4112
528
-102
-4109
538
-105
-4113
537
-106
-4116
529
-103
-4108
534
-107
-4119
537
-98
-4104
522
-105
-4120
536
-101
-4103
537
-102
-4118
531
-120
-4130
525
-103
-4115
537
-95
-4097
528
-96
-4128
534
-102
-4086
536
-121
-4117
541
-110
-4124
543
-99
-4100
551
-95
-4105
551
-95
-4109
534
-98
-4112
533
-107
-4106
529
-109
-4131
544
-89
-4089
521
-113
-4131
549
-107
-4102
541
-106
-4097
556
-117
-4134
557
-98
-4116
554
-110
-4095
564
-115
-4089
572
-101
-4108
562
-105
-4116
558
-108
-4108
550
-113
-4089
542
-116
-4125
550
-99
-4106
548
-93
-4094
532
-98
-4106
546
-96
-4085
552
-103
-4117
551
-98
-4103
562
-94
-4106
579
-94
-4112
574
-104
-4094
560
-108
-4130
558
-98
-4115
548
-110
-4112
550
-114
-4116
544
-91
-4091
532
-96
-4125
559
-102
-4103
536
-117
-4111
539
-119
-4111
546
-106
-4112
544
-99
-4110
544
-104
-4120
547
-101
-4111
547
-108
-4109
535
-100
-4112
535
-91
-4100
542
-96
-4124
544
-103
-4113
538
-108
-4111
536
-97
-4100
540
-108
-4116
539
-110
-4115
535
-99
-4109
535
-99
-4112
538
-112
-4115
543
-109
-4108
532
-105
-4123
531
-101
-4114
534
-100
-4107
531
-102
-4108
534
-97
-4114
532
-101
-4118
533
-101
-4109
531
-103
-4116
529
-101
-4115
525
-108
-4106
528
-111
-4111
530
-108
-4105
533
-115
-4104
537
-113
-4126
542
-101
-4105
531
-113
-4120
534
-121
-4106
527
-118
-4108
523
-117
-4127
523
-106
-4115
525
-109
-4110
534
-107
-4108
528
-106
-4120
530
-110
-4105
517
-118
-4120
527
-110
-4115
530
-106
-4118
524
-115
-4117
525
-106
-4108
524
-107
-4108
527
-117
-4121
524
-109
-4114
522
-113
-4111
527
-120
-4113
542
-129
-4103
522
-121
-4118
512
-109
-4124
515
-106
-4113
532
-112
-4109
535
-112
-4114
532
-109
-4110
537
-115
-4117
544
-118
-4113
537
-117
-4120
540
-108
-4104
541
-125
-4115
545
-127
-4116
535
-115
-4113
536
-124
-4103
544
-115
-4100
542
-108
-4114
549
-109
-4120
548
-114
-4104
535
-124
-4107
542
-112
-4119
539
-102
-4094
544
-104
-4124
534
-103
-4102
539
-108
-4110
547
-109
-4105
539
-103
-4115
549
-101
-4091
555
-109
-4103
552
-108
-4121
545
-110
-4106
542
-125
-4095
542
-109
-4113
549
-93
-4109
549
-104
-4117
543
-116
-4113
527
-119
-4100
530
-114
-4113
538
-101
-4102
534
-101
-4113
535
-129
-4102
530
-135
-4096
535
-82
-4095
552
-66
-4131
554
-105
-4151
533
-107
-4093
526
-97
-4120
550
-103
-4107
552
-125
-4096
539
-120
-4122
551
-101
-4117
539
-92
-4111
509
-94
-4120
510
-114
-4108
515
-131
-4110
517
-105
-4111
519
-93
-4113
520
-83
-4100
511
-79
-4101
500
-79
-4118
487
-86
-4118
494
-98
-4107
526
-115
-4100
523
-116
-4118
526
-93
-4105
519
-109
-4110
518
-117
-4107
525
-94
-4109
507
-124
-4127
548
-150
-4118
559
-137
-4089
526
-106
-4116
530
-89
-4124
529
-84
-4113
529
-105
-4106
519
-122
-4103
502
-134
-4113
503
-120
-4117
505
-123
-4113
523
-123
-4122
525
-112
-4105
526
-122
-4122
548
-128
-4086
534
-124
-4089
550
-143
-4120
561
-133
-4116
551
-115
-4091
527
-119
-4105
515
-122
-4107
519
-123
-4135
534
-117
-4116
523
-118
-4104
528
-132
-4106
529
-124
-4099
516
-117
-4124
524
-122
-4120
515
-123
-4114
523
-116
-4109
520
-114
-4118
526
-112
-4109
539
-118
-4124
538
-116
-4089
523
-119
-4127
562
-131
-4093
540
-113
-4089
526
-115
-4133
560
-126
-4105
549
-135
-4095
532
-126
-4117
538
-116
-4109
553
-120
-4106
553
-118
-4106
547
-122
-4107
553
-124
-4120
557
-116
-4114
545
-112
-4110
550
-112
-4098
553
-122
-4098
545
-126
-4118
534
-113
-4114
535
-124
-4085
540
-115
-4088
535
-98
-4094
545
-114
-4122
550
-134
-4101
529
-143
-4115
543
-125
-4120
546
-104
-4101
542
-115
-4102
541
-120
-4111
540
-121
-4119
542
-121
-4109
537
-112
-4113
544
-111
-4115
546
-116
-4093
540
-126
-4105
534
-122
-4123
534
-127
-4111
538
-135
-4117
531
-125
-4087
529
-122
-4113
544
-132
-4130
537
-137
-4094
520
-144
-4097
529
-145
-4113
549
-129
-4109
539
-126
-4092
535
-137
-4126
563
-138
-4092
557
-138
-4134
576
-143
-4108
567
-134
-4094
549
-139
-4111
555
-149
-4115
554
-147
-4100
545
-149
-4104
546
-150
-4109
553
-148
-4111
537
-149
-4098
541
-153
-4115
557
-160
-4096
535
-166
-4112
542
-157
-4110
535
-147
-4103
543
-158
-4104
550
-153
-4112
540
-155
-4118
532
-162
-4113
535
-160
-4117
543
-151
-4098
540
-146
-4115
532
-157
-4117
539
-156
-4117
538
-147
-4097
536
-163
-4103
547
-162
-4115
541
-151
-4108
532
-157
-4111
536
-165
-4110
536
-170
-4103
526
-169
-4098
527
-158
-4123
540
-153
-4107
547
-153
-4107
541
-153
-4104
537
-155
-4111
545
-158
-4110
541
-158
-4112
536
-156
-4110
540
-165
-4113
540
-165
-4119
549
-167
-4113
544
-157
-4114
535
-165
-4112
540
-172
-4111
540
-153
-4109
541
-160
-4114
538
-160
-4122
540
-164
-4104
534
-170
-4106
541
-168
-4118
544
-158
-4109
546
-157
-4111
543
-159
-4111
546
-168
-4105
537
-158
-4175
567
-145
-4263
565
-178
-4267
578
-229
-4291
603
-295
-4353
665
-398
-4114
701
-522
-4109
787
-420
-4043
574
-471
-3994
687
-580
-4177
854
-645
-4209
1041
-719
-4015
1048
-796
-4066
1133
-973
-4036
1301
-996
-3945
1183
-1108
-3862
1211
-1146
-3724
1133
-1187
-3615
1177
-1249
-3609
1140
-1340
-3465
1081
-1417
-3630
1024
-1403
-3486
844
-1421
-3300
984
-1468
-3646
982
-1465
-3797
929
-1485
-3693
1083
-1525
-3869
1072
-1557
-3844
1161
-1576
-3851
1179
-1546
-3859
1110
-1565
-3795
1153
-1560
-3688
1160
-1601
-3672
1244
-1597
-3600
1265
-1608
-3586
1318
-1598
-3495
1251
-1593
-3395
1201
-1623
-3427
1244
-1687
-3436
1324
-1660
-3471
1275
-1644
-3732
1278
-1688
-3835
1317
-1640
-3719
1379
-1655
-3657
1488
-1643
-3467
1428
-1634
-3557
1390
-1674
-3599
1398
-1700
-3562
1362
-1696
-3547
1348
-1670
-3556
1283
-1659
-3596
1298
-1665
-3601
1290
-1651
-3618
1269
-1655
-3612
1292
-1650
-3592
1303
-1655
-3629
1305
-1651
-3587
1303
-1651
-3599
1297
-1649
-3586
1297
-1640
-3666
1244
-1638
-3604
1276
-1637
-3610
1290
-1653
-3611
1290
-1665
-3639
1266
-1667
-3669
1254
-1668
-3623
1256
-1640
-3616
1211
-1644
-3636
1230
-1666
-3612
1212
-1675
-3631
1221
-1663
-3612
1205
-1647
-3627
1210
-1641
-3627
1234
-1644
-3629
1236
-1651
-3624
1226
-1646
-3633
1229
-1641
-3630
1221
-1642
-3631
1220
-1652
-3661
1230
-1658
-3631
1236
-1668
-3628
1219
-1675
-3684
1214
-1663
-3615
1215
-1641
-3581
1193
-1626
-3547
1190
-1629
-3661
1160
-1638
-3777
1208
-1690
-3683
1259
-1646
-3649
1215
-1648
-3697
1163
-1632
-3597
1152
-1625
-3607
1130
-1625
-3655
1152
-1646
-3678
1165
-1656
-3682
1101
-1632
-3644
1175
-1629
-3663
1177
-1667
-3704
1152
-1638
-3654
1124
-1624
-3669
1098
-1626
-3642
1141
-1628
-3658
1148
-1633
-3687
1132
-1619
-3662
1146
-1626
-3658
1122
-1657
-3714
1148
-1635
-3702
1157
-1615
-3684
1124
-1615
-3668
1142
-1610
-3652
1123
-1610
-3624
1144
-1606
-3622
1147
-1589
-3671
1154
-1592
-3686
1138
-1620
-3689
1169
-1603
-3713
1181
-1597
-3700
1166
-1593
-3664
1198
-1603
-3684
1194
-1592
-3667
1179
-1582
-3647
1166
-1590
-3710
1185
-1603
-3662
1194
-1623
-3680
1186
-1616
-3659
1188
-1607
-3660
1202
-1608
-3666
1200
-1594
-3672
1186
-1600
-3662
1205
-1610
-3675
1179
-1603
-3686
1205
-1587
-3667
1179
-1576
-3658
1183
-1594
-3657
1203
-1602
-3684
1190
-1601
-3702
1186
-1598
-3689
1178
-1604
-3673
1182
-1614
-3683
1176
-1596
-3652
1152
-1607
-3647
1166
-1627
-3668
1166
-1632
-3685
1189
-1614
-3686
1186
-1576
-3631
1162
-1587
-3683
1181
-1596
-3618
1214
-1596
-3677
1148
-1575
-3709
1141
-1588
-3756
1164
-1585
-3661
1181
-1587
-3672
1166
-1606
-3693
1178
-1597
-3643
1172
-1600
-3684
1173
-1589
-3638
1164
-1591
-3646
1148
-1606
-3703
1183
-1606
-3728
1161
-1584
-3696
1185
-1580
-3694
1170
-1568
-3684
1168
-1565
-3683
1148
-1572
-3687
1148
-1574
-3690
1169
-1579
-3673
1166
-1577
-3690
1177
-1586
-3687
1184
-1575
-3683
1169
-1576
-3690
1164
-1590
-3694
1153
-1575
-3687
1164
-1581
-3684
1165
-1585
-3685
1168
-1569
-3685
1166
-1567
-3677
1153
-1604
-3701
1158
-1592
-3671
1167
-1592
-3665
1176
-1587
-3689
1178
-1582
-3687
1178
-1583
-3701
1156
-1591
-3688
1167
-1591
-3672
1150
-1589
-3665
1155
-1581
-3749
1158
-1601
-3699
1214
-1548
-3606
1170
-1570
-3694
1180
-1594
-3682
1184
-1553
-3680
1123
-1565
-3763
1126
-1574
-3669
1168
-1558
-3681
1150
-1603
-3696
1151
-1614
-3662
1159
-1582
-3668
1129
-1564
-3678
1152
-1560
-3698
1135
-1565
-3700
1139
-1580
-3724
1149
-1571
-3699
1127
-1571
-3709
1141
-1546
-3670
1125
-1579
-3654
1146
-1587
-3695
1154
-1552
-3729
1118
-1557
-3711
1120
-1563
-3697
1127
-1566
-3702
1119
-1553
-3702
1120
-1555
-3689
1131
-1565
-3666
1127
-1570
-3674
1118
-1564
-3701
1135
-1567
-3695
1141
-1562
-3700
1143
-1550
-3678
1129
-1570
-3731
1150
-1571
-3708
1154
-1569
-3709
1157
-1543
-3683
1147
-1563
-3664
1170
-1554
-3664
1178
-1553
-3684
1163
-1565
-3691
1158
-1568
-3705
1159
-1572
-3723
1162
-1571
-3714
1150
-1568
-3696
1147
-1564
-3671
1136
-1576
-3692
1154
-1558
-3665
1156
-1558
-3677
1168
-1553
-3660
1174
-1567
-3705
1173
-1556
-3703
1178
-1547
-3729
1164
-1558
-3695
1181
-1564
-3698
1172
-1554
-3654
1169
-1559
-3754
1174
-1559
-3665
1202
-1559
-3697
1141
-1575
-3703
1135
-1572
-3686
1178
-1556
-3670
1118
-1578
-3740
1155
-1553
-3669
1074
-1583
-3718
1092
-1570
-3676
1126
-1558
-3682
1148
-1568
-3696
1153
