-1917
-611
-3767
-1913
-609
-3769
-1917
-606
-3772
-1915
-610
-3765
-1914
-613
-3767
-1915
-611
-3769
-1919
-617
-3763
-1917
-626
-3766
-1919
-619
-3766
-1918
-628
-3763
-1918
-631
-3770
-1920
-624
-3794
-1886
-584
-3751
-1849
-572
-3745
-1940
-567
-3706
-1876
-615
-3825
-1904
-543
-3856
-1838
-518
-3846
-1918
-445
-3792
-2070
-378
-3746
-2099
-418
-3902
-3034
-687
-4634
-3846
-843
-5115
-2273
-793
-4959
-1225
-346
-4816
-71
-13
-3893
162
444
-2782
297
1056
-2103
231
1053
-2086
-1659
652
-2832
-2130
593
-3428
-2330
544
-3365
-2437
538
-4047
-1998
578
-4437
-1846
-511
-6060
-946
-83
-4263
-766
383
-3517
-648
57
-4797
-147
154
-4406
-439
324
-3670
-901
154
-4255
-961
122
-4122
-1026
81
-4086
-781
41
-4131
-831
26
-4152
-1299
-31
-4128
-1143
-68
-4116
-964
-72
-4129
-1023
-81
-4121
-1069
-102
-4115
-1030
-102
-4130
-1013
-101
-4107
-1037
-102
-4109
-1030
-105
-4112
-1008
-105
-4111
-985
-121
-4132
-987
-109
-4120
-980
-112
-4113
-900
-117
-4106
-845
-132
-4104
-1064
-198
-4155
-1009
-181
-4046
-935
-227
-4212
-1296
-297
-4094
-917
-256
-4108
-823
-261
-4153
-1045
-245
-4083
-830
-256
-4122
-972
-247
-4144
-1013
-261
-4102
-852
-256
-4132
-961
-248
-4126
-987
-260
-4119
-954
-259
-4128
-962
-257
-4112
-947
-254
-4117
-971
-252
-4118
-973
-262
-4117
-964
-259
-4121
-966
-260
-4117
-971
-258
-4121
-962
-258
-4125
-954
-255
-4117
-969
-252
-4116
-975
-252
-4117
-958
-257
-4123
-946
-265
-4123
-955
-262
-4126
-983
-242
-4118
-980
-255
-4114
-954
-260
-4120
-960
-260
-4116
-972
-254
-4115
-971
-254
-4120
-969
-261
-4128
-1021
-261
-4142
-900
-245
-4155
-1343
-451
-4437
-2346
-830
-4522
-1970
101
-3714
-1852
224
-3765
-898
72
-3988
-186
274
-3410
-86
438
-3335
-204
125
-4042
-358
-17
-4252
236
72
-4018
4
-59
-4398
-410
-400
-4645
-566
-255
-4001
-575
-188
-4106
-1011
-516
-4457
-611
-781
-4657
-660
-581
-4371
-1102
-602
-4223
-964
-491
-4082
-653
-536
-4195
-800
-365
-4106
-1376
-559
-4010
-1368
-592
-3983
-981
-532
-4086
-1045
-553
-4066
-1075
-557
-4065
-1068
-562
-4066
-1073
-587
-4068
-1073
-566
-4065
-1080
-566
-4061
-1089
-584
-4062
-1079
-566
-4062
-1090
-582
-4062
-1090
-580
-4062
-1092
-579
-4061
-1083
-592
-4063
-1090
-583
-4054
-1090
-583
-4057
-1088
-590
-4058
-1083
-578
-4062
-1094
-584
-4061
-1089
-583
-4066
-1089
-573
-4066
-1093
-583
-4062
-1127
-554
-4074
-1158
-552
-4225
-1365
-497
-3907
-1203
-514
-3993
-760
-636
-4048
-1025
-521
-4027
-1290
-503
-4064
-1202
-472
-4051
-1202
-520
-4047
-1223
-539
-4024
-1249
-547
-4024
-1180
-520
-3998
-1183
-576
-4066
-1155
-535
-4051
-1151
-570
-4053
-1105
-563
-4098
-1155
-548
-4064
-1230
-490
-4123
-1382
-516
-4071
-1033
-545
-4002
-849
-553
-4133
-998
-536
-3971
-1011
-540
-3988
-1028
-486
-4067
-1298
-470
-4068
-1252
-514
-4046
-1130
-539
-4058
-1187
-526
-4038
-1189
-527
-4056
-1154
-548
-4055
-1184
-519
-4104
-1294
-418
-4203
-1444
-362
-4144
-1351
-144
-4037
-673
-195
-3920
-414
-697
-4113
-216
-804
-3888
-805
-333
-3998
-1294
-399
-4285
-936
-508
-4141
-864
-523
-4190
-837
-446
-4199
-1218
-498
-4037
-1113
-555
-4098
-1078
-506
-4042
-995
-562
-4057
-949
-566
-4087
-1580
-488
-3871
-419
-643
-4244
-692
-454
-4172
-815
-513
-4190
-1210
-402
-4025
-1322
-564
-4032
-921
-518
-4098
-919
-502
-4111
-930
-558
-4100
-1021
-571
-4109
-1018
-507
-4086
-1044
-543
-4082
-971
-622
-4061
-970
-633
-4031
-1019
-539
-4082
-1001
-533
-4071
-1038
-561
-4077
-992
-587
-4096
-995
-582
-4089
-1006
-588
-4079
-1010
-597
-4070
-997
-578
-4087
-1015
-578
-4076
-1010
-595
-4077
-1008
-597
-4078
-1012
-584
-4078
-1012
-587
-4073
-1004
-598
-4080
-1005
-590
-4081
-1019
-588
-4073
-1011
-590
-4072
-1008
-594
-4081
-1014
-593
-4071
-1011
-587
-4078
-1011
-594
-4076
-1007
-595
-4077
-1013
-583
-4075
-1016
-590
-4077
-1011
-593
-4070
-1013
-595
-4076
-1011
-589
-4077
-1012
-584
-4068
-1009
-600
-4079
-1018
-594
-4074
-1017
-591
-4072
-1011
-600
-4074
-1018
-595
-4078
-1023
-591
-4072
-1007
-599
-4077
-1006
-597
-4084
-1029
-590
-4072
-1012
-603
-4108
-1041
-616
-4089
-1068
-613
-4251
-1136
-599
-4050
-1157
-625
-4007
-634
-449
-4058
-1519
-607
-3890
-494
-332
-3937
-800
-527
-4035
-1108
-602
-4199
-922
-561
-4121
-934
-599
-4180
-942
-560
-4148
-894
-526
-4102
-963
-543
-4095
-964
-550
-4097
-933
-558
-4107
-958
-524
-4097
-947
-492
-4084
-921
-483
-4106
-933
-511
-4080
-964
-554
-4114
-940
-515
-4101
-932
-483
-4088
-949
-488
-4072
-943
-499
-4102
-939
-514
-4108
-937
-521
-4105
-944
-523
-4099
-939
-519
-4095
-946
-520
-4097
-922
-531
-4106
-932
-532
-4096
-962
-534
-4090
-965
-535
-4086
-923
-524
-4107
-943
-520
-4094
-951
-518
-4092
-934
-518
-4099
-935
-532
-4097
-949
-521
-4095
-950
-517
-4094
-939
-530
-4091
-933
-532
-4103
-942
-515
-4101
-944
-520
-4093
-935
-537
-4102
-945
-522
-4100
-952
-509
-4092
-940
-514
-4097
-928
-524
-4101
-963
-526
-4105
-984
-530
-4088
-928
-540
-4113
-954
-525
-4081
-1037
-539
-4046
-976
-547
-4088
-981
-556
-4087
-999
-553
-4083
-979
-554
-4087
-988
-549
-4087
-991
-554
-4088
-981
-562
-4086
-1006
-572
-4109
-933
-486
-4116
-1011
-524
-4086
-971
-543
-4181
-1087
-426
-3992
-1103
-526
-4052
-993
-461
-4074
-1121
-511
-4072
-1159
-512
-4167
-982
-412
-4195
-1477
-499
-3851
-1343
-535
-4127
-1175
-308
-4212
-1438
-366
-3961
-1567
-547
-3709
-1735
-378
-3920
-2089
-362
-4041
-1742
-697
-3423
-1612
-753
-3920
-1960
-539
-3549
-1898
-561
-3715
-2447
-698
-3997
-1676
-588
-4480
-2106
-343
-4429
-1519
-70
-4578
-1707
-43
-3764
-2135
-166
-3453
-1403
-18
-3549
-1145
-166
-3335
-1906
-241
-2891
-2680
-496
-2215
-3000
121
-2330
-2723
-58
-2589
-3251
300
-3250
-3314
-130
-3876
-3050
-303
-3198
-4109
-214
-2248
-3927
-276
-1096
-4632
-445
-1780
-4388
-287
-1762
-3725
-273
-2093
-3797
-290
-2121
-3818
-263
-1969
-3801
-239
-1977
-3783
-261
-2027
-3760
-277
-2034
-3807
-281
-1961
-3788
-272
-1976
-3768
-273
-2012
-3774
-285
-2013
-3784
-282
-1998
-3749
-266
-2033
-3764
-283
-2025
-3771
-277
-2005
-3761
-271
-2011
-3769
-293
-2020
-3765
-278
-2033
-3773
-279
-2016
-3765
-278
-2024
-3766
-281
-2034
-3771
-290
-2000
-3769
-277
-2004
-3773
-289
-2017
-3781
-291
-1983
-3774
-288
-2004
-3774
-286
-2008
-3779
-294
-1987
-3775
-292
-2001
-3777
-290
-2000
-3782
-295
-1988
-3779
-294
-1995
-3771
-295
-1997
-3779
-292
-1995
-3777
-291
-2002
-3773
-300
-1993
-3769
-290
-1999
-3778
-290
-1998
-3780
-294
-1997
-3774
-292
-2007
-3773
-289
-1998
-3773
-296
-2004
-3776
-296
-1996
-3776
-293
-1996
-3774
-288
-2002
-3773
-290
-1999
-3773
-296
-2001
-3778
-293
-1999
-3778
-286
-1992
-3772
-287
-2009
-3773
-291
-1999
-3774
-286
-2001
-3772
-290
-1996
-3776
-294
-2009
-3773
-286
-2005
-3773
-290
-1997
-3769
-291
-2015
-3770
-292
-1996
-3775
-291
-2011
-3779
-294
-2006
-3768
-291
-2008
-3768
-291
-2004
-3769
-292
-2020
-3773
-291
-2013
-3766
-294
-2018
-3770
-296
-2008
-3766
-294
-2009
-3773
-296
-2020
-3770
-292
-2011
-3770
-296
-2009
-3763
-291
-2013
-3765
-294
-2015
-3764
-298
-2018
-3767
-302
-2010
-3766
-301
-2018
-3767
-294
-2011
-3768
-291
-2014
-3770
-303
-2016
-3769
-298
-2010
-3757
-303
-2022
-3767
-307
-2028
-3769
-302
-2014
-3763
-306
-2019
-3766
-311
-2024
-3763
-299
-2020
-3759
-298
-2025
-3763
-300
-2026
-3761
-301
-2018
-3757
-303
-2026
-3766
-305
-2019
-3763
-301
-2017
-3764
-304
-2020
-3761
-301
-2018
-3763
-299
-2023
-3767
-299
-2014
-3763
-303
-2018
-3764
-301
-2016
-3764
-301
-2015
-3764
-302
-2016
-3764
-303
-2014
-3765
-301
-2015
-3765
-301
-2025
-3760
-302
-2023
-3761
-303
-2014
-3767
-301
-2019
-3760
-301
-2017
-3758
-300
-2016
-3763
-298
-2015
-3766
-299
-2021
-3767
-298
-2017
-3763
-304
-2019
-3768
-302
-2023
-3764
-299
-2010
-3764
-303
-2024
-3762
-298
-2026
-3768
-303
-2005
-3766
-303
-2014
-3762
-301
-2031
-3771
-295
-2017
-3766
-303
-2024
-3758
-305
-2024
-3766
-300
-2023
-3766
-299
-2017
-3763
-312
-2033
-3766
-301
-2033
-3770
-294
-2019
-3763
-293
-2029
-3798
-319
-1992
-3788
-309
-2062
-3819
-303
-2023
-3791
-245
-1875
-3810
-255
-1948
-3815
-236
-1901
-3833
-243
-1892
-3919
-254
-1910
-3923
-228
-1884
-3975
-208
-1916
-3985
-168
-1898
-3828
-150
-2005
-3878
-59
-1933
-3880
2
-1934
-3976
19
-1923
-4206
-88
-2284
-4244
-145
-2658
-4432
111
-2528
-4710
700
-2801
-4300
526
-2710
-3790
763
-2593
-3555
1034
-2527
-3198
1054
-2373
-2613
1330
-1731
-2067
1707
-1735
-1935
1805
-1775
-1783
2166
-1535
-2064
2132
-1847
-2444
2480
-1745
-1940
2976
-1994
-2079
2648
-1890
-2846
3261
-1548
-2405
3308
-1481
-1045
3267
-2325
-2422
3078
-2039
-2129
3250
-1987
-1495
3283
-1810
-1579
3221
-2042
-1627
3262
-2003
-1613
3273
-2024
-1703
3242
-2020
-1795
3261
-1990
-1476
3231
-1966
-1438
3248
-1853
-2059
3157
-2094
-2038
3214
-1875
-1998
3120
-2004
-1812
3162
-2026
-1787
3206
-1847
-1878
3184
-1879
-2013
3141
-2009
-2003
3135
-2034
-1949
3157
-1932
-1882
3138
-2052
-1921
3187
-2111
-2052
3127
-1977
-1923
3117
-1937
-1574
3168
-2105
-1563
3160
-2180
-1756
3132
-2134
-1706
3155
-2052
-2035
3125
-2041
-2133
3090
-2108
-1820
3111
-2215
-1849
3121
-2173
-1923
3142
-2025
-1791
3171
-2014
-1723
3146
-2072
-1754
3154
-2096
-1774
3168
-2046
-1769
3161
-2073
-1959
3177
-2054
-1880
3225
-1785
-1719
3191
-1909
-1940
3127
-2181
-1921
3163
-2158
-1821
3208
-1966
-1821
3207
-1928
-1797
3199
-2029
-1807
3187
-2027
-1784
3202
-1993
-1855
3192
-2013
-1892
3188
-2006
-1828
3194
-2039
-1822
3189
-2067
-1703
3212
-2018
-1746
3223
-1991
-1850
3214
-1949
-1782
3217
-1969
-1801
3214
-1981
-1757
3211
-1941
-1753
3203
-2008
-1857
3180
-2027
-1938
3177
-2032
-1863
3176
-2016
-1763
3196
-2008
-1850
3177
-2012
-1827
3179
-2027
-1831
3172
-2055
-1819
3177
-2035
-1854
3178
-2008
-1863
3172
-2024
-1796
3174
-2052
-1848
3168
-2049
-1834
3182
-2005
-1799
3182
-2025
-1825
3174
-2054
-1847
3177
-2026
-1838
3177
-2027
-1830
3177
-2030
-1813
3183
-2011
-1808
3186
-1993
-1843
3190
-1987
-1816
3188
-2011
-1756
3175
-2058
-1824
3171
-2077
-1898
3165
-2046
-1876
3176
-2000
-1820
3185
-1998
-1830
3182
-2024
-1852
3175
-2046
-1817
3178
-2052
-1771
3191
-2029
-1791
3188
-2007
-1804
3181
-2027
-1856
3165
-2050
-1824
3178
-2036
-1794
3180
-2014
-1841
3168
-2072
-1819
3177
-2074
-1842
3179
-2007
-1853
3183
-1982
-1823
3185
-2001
-1802
3191
-2017
-1836
3182
-2033
-1839
3173
-2048
-1789
3185
-2020
-1813
3185
-2009
-1825
3187
-1980
-1841
3184
-2014
-1839
3179
-2053
-1818
3180
-2033
-1812
3183
-2020
-1813
3188
-2027
-1824
3189
-2010
-1800
3180
-2040
-1826
3179
-2031
-1815
3186
-2028
-1804
3182
-2033
-1827
3181
-2011
-1823
3185
-2023
-1784
3187
-2038
-1831
3179
-2038
-1846
3177
-2033
-1790
3186
-2030
-1803
3192
-2008
-1820
3188
-2003
-1812
3180
-2043
-1832
3175
-2043
-1817
3178
-2039
-1797
3186
-2032
-1807
3193
-2008
-1821
3183
-2019
-1798
3183
-2039
-1821
3179
-2054
-1805
3187
-2033
-1815
3186
-2026
-1810
3181
-2021
-1810
3186
-2023
-1805
3186
-2032
-1790
3185
-2043
-1834
3186
-2036
-1814
3191
-2017
-1786
3185
-2028
-1800
3188
-2009
-1837
3183
-2019
-1814
3183
-2041
-1804
3181
-2051
-1802
3189
-2031
-1795
3191
-2000
-1808
3186
-2042
-1812
3185
-2049
-1816
3189
-2026
-1805
3186
-2023
-1808
3188
-2025
-1826
3183
-2025
-1787
3184
-2038
-1793
3187
-2032
-1829
3187
-2018
-1786
3186
-2027
-1803
3181
-2029
-1846
3179
-2046
-1824
3181
-2029
-1787
3184
-2012
-1817
3185
-2013
-1825
3181
-2037
-1818
3182
-2042
-1811
3183
-2040
-1794
3189
-2018
-1803
3192
-1997
-1813
3188
-2046
-1838
3175
-2056
-1823
3185
-2010
-1815
3189
-2007
-1823
3179
-2048
-1834
3171
-2050
-1813
3187
-2017
-1802
3182
-2025
-1796
3180
-2060
-1846
3178
-2035
-1828
3179
-2031
-1812
3173
-2044
-1789
3186
-2023
-1811
3188
-1997
-1834
3179
-2054
-1817
3174
-2078
-1803
3179
-2027
-1810
3184
-2002
-1810
3186
-2025
-1802
3181
-2042
-1804
3178
-2062
-1820
3180
-2033
-1791
3193
-2001
-1835
3182
-2006
-1836
3174
-2081
-1811
3175
-2067
-1831
3181
-1995
-1763
3190
-2007
-1801
3181
-2057
-1838
3173
-2046
-1828
3175
-2044
-1797
3185
-2028
-1786
3188
-2024
-1828
3177
-2050
-1826
3175
-2053
-1799
3178
-2041
-1809
3187
-2010
-1834
3180
-2031
-1802
3174
-2063
-1814
3176
-2054
-1821
3181
-2028
-1802
3181
-2027
-1793
3181
-2039
-1815
3179
-2047
-1813
3174
-2040
-1813
3179
-2047
-1801
3180
-2035
-1794
3182
-2021
-1825
3180
-2061
-1837
3173
-2044
-1781
3183
-1995
-1818
3184
-2030
-1865
3167
-2064
-1848
3173
-2041
-1801
3181
-2022
-1816
3180
-2027
-1812
3178
-2013
-1831
3173
-2039
-1839
3175
-2042
-1845
3173
-2039
-1834
3174
-2022
-1827
3185
-2010
-1809
3181
-2018
-1798
3180
-2036
-1832
3169
-2048
-1848
3167
-2042
-1851
3174
-2038
-1855
3173
-2015
-1831
3169
-2044
-1810
3176
-2030
-1804
3182
-2011
-1841
3165
-2038
-1843
3165
-2052
-1833
3171
-2047
-1802
3177
-2025
-1825
3177
-2011
-1824
3182
-2018
-1828
3171
-2066
-1857
3165
-2065
-1847
3176
-2026
-1784
3183
-2005
-1812
3180
-2008
-1842
3170
-2036
-1843
3164
-2052
-1801
3174
-2051
-1810
3173
-2030
-1855
3173
-2043
-1822
3170
-2038
-1803
3173
-2034
-1806
3179
-2014
-1828
3177
-2023
-1858
3166
-2055
-1797
3173
-2047
-1815
3175
-2002
-1827
3176
-2041
-1819
3168
-2073
-1809
3168
-2047
-1817
3170
-2047
-1868
3163
-2049
-1836
3169
-2042
-1830
3172
-2030
-1807
3172
-2032
-1841
3167
-2047
-1813
3171
-2051
-1833
3170
-2031
-1793
3182
-1999
-1801
3173
-2058
-1841
3169
-2049
-1856
3165
-2053
-1793
3173
-2036
-1816
3181
-2007
-1844
3174
-2037
-1813
3165
-2073
-1798
3178
-2039
-1821
3177
-2024
-1815
3176
-2032
-1814
3173
-2044
-1829
3167
-2046
-1855
3163
-2058
-1848
3169
-2036
-1827
3176
-2005
-1831
3169
-2033
-1828
3165
-2049
-1828
3175
-2030
-1825
3174
-2025
-1840
3170
-2043
-1850
3178
-2001
-1836
3177
-2012
-1806
3176
-2059
-1838
3170
-2053
-1842
3172
-2026
-1816
3174
-2025
-1828
3174
-2027
-1829
3178
-2022
-1848
3171
-2055
-1838
3171
-2052
-1826
3173
-2027
-1812
3173
-2034
-1825
3173
-2035
-1820
3173
-2062
-1845
3164
-2059
-1827
3174
-2046
-1853
3173
-2022
-1825
3176
-2018
-1813
3172
-2047
-1809
3177
-2069
-1813
3177
-2043
-1834
3184
-1994
-1809
3180
-2011
-1836
3170
-2077
-1851
3167
-2061
-1820
3178
-2015
-1800
3180
-2008
-1813
3174
-2046
-1843
3160
-2063
-1804
3174
-2049
-1802
3174
-2023
-1816
3182
-2014
-1860
3168
-1976
-1954
3155
-2043
-1649
3136
-2155
-1793
3084
-2194
-1954
3097
-2165
-1839
3123
-2109
-1881
3134
-2051
-1748
3096
-2127
-1760
3063
-2299
-1819
3064
-2269
-1917
3070
-2252
-2027
3060
-2006
-1839
3033
-1802
-1857
2918
-1963
-1808
2738
-2057
-1909
2511
-2112
-2277
2119
-2150
-2612
1978
-2029
-2841
1733
-2582
-2702
1781
-2654
-2912
1887
-2565
-3200
1908
-2864
-3118
1694
-2915
-2784
1736
-2403
-2726
1380
-2412
-2818
1283
-2656
-2558
1505
-2674
-2686
1684
-2538
-3423
1558
-2575
-4066
1324
-2762
-3511
1002
-2960
-3505
747
-3003
-3753
589
-3335
-2993
705
-2904
-3119
809
-2334
-3134
715
-2616
-3107
796
-2725
-3235
674
-2917
-3177
523
-3070
-2988
589
-2883
-2937
517
-2874
-3142
475
-2677
-3583
427
-2802
-3653
335
-2857
-3528
457
-2565
-3242
413
-2806
-3060
464
-2826
-3149
499
-2764
-3261
519
-2715
-3416
418
-2789
-3469
516
-2679
-3400
512
-2765
-3194
495
-2938
-3020
573
-2811
-3026
467
-2875
-3139
681
-2616
-3156
618
-2718
-3173
565
-2897
-3076
650
-2810
-2915
611
-2948
-2989
549
-3089
-2884
505
-3109
-2976
453
-3031
-3366
616
-2809
-3420
788
-2498
-3244
618
-2740
-2981
505
-3200
-2766
711
-2999
-2887
707
-2781
-3044
644
-2828
-3170
660
-2862
-3151
497
-3103
-2978
526
-3084
-3025
615
-2927
-3034
572
-2968
-3008
595
-2933
-3038
589
-2929
-2985
563
-3001
-2997
560
-2993
-2997
544
-3001
-2967
543
-2993
-2965
485
-3072
-3007
481
-3096
-3069
499
-2968
-3098
510
-2940
-3004
494
-3005
-3006
487
-3039
-3031
505
-3000
-3026
481
-3015
-2950
481
-3051
-2985
511
-3043
-3007
543
-2976
-2972
493
-3021
-2982
492
-3036
-2967
528
-3002
-2953
504
-3015
-2998
485
-3068
-3041
509
-3022
-3004
507
-2970
-2934
512
-3000
-2952
508
-3048
-2938
497
-3067
-2970
482
-3033
-3067
460
-3001
-3037
465
-3046
-3017
465
-3061
-3009
478
-3023
-2955
493
-3027
-2972
489
-3052
-2990
495
-3031
-2958
512
-3008
-2933
501
-3028
-2970
501
-3045
-2976
488
-3041
-2963
484
-3046
-3025
481
-3038
-2985
477
-3052
-2965
494
-3039
-2934
487
-3058
-2927
482
-3081
-2951
496
-3045
-2952
489
-3048
-2972
482
-3063
-2985
468
-3077
-2958
476
-3083
-2947
515
-3023
-2945
496
-3046
-2967
488
-3085
-2941
499
-3058
-2962
508
-3042
-2937
502
-3057
-2961
507
-3051
-2964
504
-3061
-2950
507
-3056
-2953
511
-3048
-2957
518
-3043
-2959
507
-3060
-2963
503
-3069
-2939
516
-3054
-2953
514
-3046
-2959
511
-3061
-2951
513
-3069
-2961
512
-3062
-2954
517
-3052
-2938
521
-3054
-2952
510
-3061
-2957
524
-3053
-2950
528
-3055
-2941
517
-3061
-2930
524
-3058
-2954
527
-3062
-2962
522
-3065
-2940
523
-3058
-2947
523
-3063
-2954
520
-3071
-2933
528
-3047
-2947
532
-3049
-2940
527
-3066
-2929
526
-3078
-2939
515
-3086
-2942
523
-3060
-2929
528
-3058
-2948
512
-3075
-2925
524
-3074
-2938
517
-3067
-2954
517
-3067
-2931
521
-3065
-2926
535
-3041
-2925
529
-3055
-2939
500
-3106
-2947
494
-3088
-2965
512
-3043
-2946
510
-3066
-2941
501
-3084
-2954
512
-3052
-2956
511
-3053
-2942
494
-3092
-2940
515
-3060
-2939
532
-3035
-2957
504
-3076
-2949
490
-3094
-2943
517
-3057
-2946
518
-3053
-2890
526
-3070
-2892
527
-3053
-2957
508
-3055
-2961
487
-3074
-2992
476
-3085
-2987
478
-3084
-2935
492
-3087
-2914
511
-3064
-2896
517
-3049
-2904
505
-3070
-2949
481
-3122
-2947
501
-3048
-2903
484
-3096
-2965
474
-3110
-2951
500
-3059
-2904
506
-3067
-2894
504
-3076
-2926
493
-3087
-2958
482
-3080
-2945
474
-3094
-2902
494
-3082
-2938
485
-3100
-2909
482
-3088
-2916
495
-3090
-2905
486
-3096
-2942
478
-3099
-2932
492
-3079
-2930
484
-3088
-2898
494
-3085
-2900
505
-3072
-2917
489
-3097
-2857
494
-3086
-3028
477
-3091
-2885
475
-3100
-2901
494
-3099
-2897
471
-3138
-2907
499
-3074
-2903
496
-3080
-2909
458
-3144
-2934
473
-3122
-2900
486
-3092
-2889
484
-3100
-2894
477
-3117
-2909
485
-3112
-2915
481
-3105
-2897
483
-3112
-2873
492
-3116
-2913
493
-3080
-2919
496
-3102
-2884
484
-3114
-2883
491
-3120
-2890
486
-3096
-2891
487
-3113
-2923
487
-3100
-2936
457
-3135
-2903
470
-3113
-2867
497
-3082
-2921
482
-3092
-2941
468
-3108
-2904
469
-3108
-2912
465
-3116
-2922
482
-3094
-2910
480
-3086
-2893
476
-3106
-2902
466
-3119
-2923
472
-3092
-2922
462
-3115
-2917
473
-3099
-2905
476
-3108
-2909
478
-3107
-2905
489
-3089
-2882
491
-3094
-2896
472
-3115
-2921
469
-3118
-2918
473
-3103
-2897
477
-3114
-2912
487
-3095
-2884
493
-3084
-2877
483
-3113
-2908
479
-3122
-2918
481
-3102
-2922
466
-3110
-2889
463
-3131
-2903
478
-3125
-2889
483
-3107
-2895
479
-3114
-2903
478
-3108
-2881
498
-3092
-2904
481
-3115
-2912
479
-3111
-2893
480
-3121
-2890
479
-3117
-2892
486
-3117
-2881
488
-3114
-2908
485
-3116
-2897
489
-3110
-2881
482
-3128
-2881
480
-3125
-2891
488
-3108
-2897
492
-3122
-2882
490
-3117
-2879
488
-3114
-2883
485
-3126
-2902
478
-3119
-2907
487
-3118
-2879
488
-3125
-2853
501
-3126
-2889
501
-3099
-2889
486
-3125
-2882
478
-3147
-2890
498
-3100
-2886
498
-3117
-2877
493
-3120
-2897
486
-3126
-2889
485
-3148
-2879
496
-3122
-2888
508
-3098
-2855
502
-3121
-2863
500
-3129
-2887
490
-3117
-2904
484
-3134
-2894
495
-3120
-2880
492
-3123
-2861
500
-3121
-2864
495
-3132
-2895
491
-3127
-2886
497
-3111
-2868
494
-3121
-2896
477
-3148
-2883
489
-3137
-2881
504
-3113
-2865
502
-3114
-2864
494
-3119
-2903
486
-3128
-2877
475
-3139
-2883
491
-3129
-2889
498
-3122
-2874
494
-3130
-2874
481
-3136
-2871
492
-3121
-2874
495
-3124
-2896
493
-3127
-2877
494
-3123
-2884
481
-3133
-2876
490
-3128
-2886
491
-3122
-2864
492
-3128
-2877
492
-3121
-2908
483
-3146
-2864
485
-3148
-2862
505
-3098
-2869
497
-3114
-2876
494
-3123
-2899
483
-3121
-2898
473
-3136
-2880
485
-3132
-2886
485
-3121
-2878
486
-3117
-2882
483
-3117
-2892
469
-3145
-2889
484
-3119
-2881
490
-3110
-2883
485
-3115
-2904
480
-3126
-2887
480
-3124
-2881
486
-3116
-2886
490
-3119
-2893
480
-3124
-2891
483
-3134
-2870
481
-3127
-2892
487
-3125
-2910
487
-3115
-2862
498
-3105
-2870
486
-3137
-2880
473
-3150
-2908
481
-3132
-2886
486
-3125
-2853
484
-3127
-2863
491
-3118
-2885
484
-3131
-2879
477
-3138
-2879
485
-3124
-2899
479
-3137
-2883
489
-3124
-2855
487
-3114
-2852
479
-3155
-2894
471
-3148
-2883
477
-3124
-2864
475
-3154
-2855
487
-3127
-2877
486
-3118
-2873
477
-3147
-2878
476
-3138
-2883
473
-3152
-2852
483
-3140
-2878
490
-3117
-2865
479
-3137
-2868
476
-3157
-2868
490
-3113
-2877
483
-3128
-2872
472
-3163
-2854
488
-3126
-2875
485
-3139
-2880
473
-3147
-2869
476
-3142
-2851
486
-3135
-2873
485
-3129
-2884
466
-3158
-2869
477
-3153
-2842
496
-3106
-2866
477
-3138
-2892
460
-3159
-2862
480
-3130
-2840
474
-3141
-2844
476
-3145
-2916
469
-3151
-2865
469
-3145
-2878
464
-3148
-2843
477
-3145
-2844
493
-3117
-2866
483
-3126
-2883
458
-3149
-2874
462
-3156
-2871
479
-3125
-2879
455
-3148
-2846
470
-3143
-2875
469
-3133
-2873
466
-3135
-2877
452
-3154
-2888
454
-3153
-2870
475
-3113
-2858
474
-3116
-2884
450
-3149
-2893
449
-3140
-2873
454
-3133
-2868
451
-3144
-2880
454
-3142
-2881
455
-3136
-2882
452
-3137
-2881
452
-3130
-2883
451
-3128
-2893
450
-3130
-2879
446
-3147
-2861
467
-3125
-2871
455
-3137
-2852
451
-3159
-2874
464
-3123
-2885
447
-3136
-2873
439
-3173
-2847
467
-3117
-2890
466
-3118
-2860
457
-3152
-2866
452
-3153
-2868
447
-3156
-2867
468
-3138
-2878
468
-3118
-2844
467
-3142
-2873
444
-3174
-2867
456
-3146
-2871
469
-3122
-2877
462
-3137
-2864
453
-3160
-2875
450
-3156
-2848
470
-3129
-2846
471
-3131
-2884
449
-3162
-2873
459
-3158
-2768
465
-3188
-2733
486
-3157
-2892
469
-3134
-3056
433
-3169
-3050
414
-3309
-2904
558
-3237
-2901
662
-3158
-3001
573
-3325
-3006
676
-3444
-3212
762
-3230
-3105
1015
-2974
-3362
1150
-3094
-3258
1451
-3363
-2998
1570
-3497
-2880
1636
-3166
-2777
1634
-2854
-2539
1775
-2549
-2185
2197
-2330
-1980
2380
-2211
-1800
2519
-1968
-1544
2480
-1852
-1779
2445
-1688
-2170
2913
-2008
-1670
3085
-2157
-1324
3417
-2014
-1756
3701
-1085
-2497
3303
-1496
-1995
3498
-1164
-1670
3547
-1046
-1922
3541
-890
-1764
3606
-989
-1552
3623
-969
-1642
3622
-996
-1577
3646
-1092
-1610
3654
-1123
-1674
3653
-1070
-1506
3677
-1062
-1454
3691
-1043
-1577
3657
-1225
-1572
3698
-1050
-1492
3684
-950
-1579
3683
-977
-1651
3691
-1224
-1544
3696
-1129
-1703
3688
-1129
-1629
3690
-1045
-1512
3695
-1000
-1519
3693
-963
-1539
3699
-1099
-1526
3700
-1119
-1519
3687
-1203
-1497
3699
-1160
-1561
3685
-1102
-1676
3682
-1121
-1641
3682
-1040
-1617
3680
-1042
-1576
3697
-1101
-1567
3688
-1033
-1543
3683
-974
-1535
3697
-1037
-1606
3690
-1112
-1709
3688
-1064
-1641
3681
-967
-1569
3691
-967
-1568
3692
-1018
-1598
3696
-1033
-1609
3690
-1010
-1603
3693
-1030
-1581
3697
-1028
-1598
3689
-1029
-1562
3694
-1055
-1595
3693
-1039
-1596
3690
-1057
-1564
3694
-1052
-1578
3689
-1024
-1602
3680
-992
-1598
3683
-1038
-1613
3693
-1112
-1629
3689
-1100
-1626
3679
-1053
-1664
3682
-1021
-1550
3684
-1007
-1603
3689
-1036
-1654
3688
-1046
-1618
3686
-1045
-1560
3689
-1031
-1583
3701
-1047
-1596
3695
-1043
-1591
3694
-1028
-1560
3694
-1008
-1558
3699
-1042
-1568
3695
-1049
-1597
3692
-1016
-1618
3695
-1039
-1585
3696
-1052
-1585
3695
-1034
-1583
3690
-1008
-1560
3698
-1040
-1563
3701
-1042
-1570
3689
-998
-1577
3695
-1034
-1604
3696
-1097
-1647
3698
-1123
-1597
3702
-1098
-1565
3706
-1030
-1532
3703
-956
-1525
3705
-914
-1555
3712
-941
-1616
3708
-1005
-1615
3708
-1000
-1582
3712
-969
-1554
3715
-975
-1579
3719
-998
-1570
3714
-958
-1592
3716
-963
-1512
3721
-969
-1545
3717
-967
-1583
3712
-991
-1562
3723
-1004
-1578
3719
-973
-1605
3720
-975
-1608
3711
-958
-1590
3713
-936
-1595
3713
-950
-1555
3721
-1001
-1573
3712
-969
-1579
3715
-962
-1595
3722
-991
-1613
3717
-998
-1567
3717
-975
-1604
3717
-1001
-1580
3722
-980
-1559
3722
-946
-1576
3719
-964
-1548
3725
-952
-1546
3721
-938
-1562
3723
-973
-1574
3713
-952
-1612
3713
-962
-1545
3715
-941
-1592
3715
-996
-1551
3721
-1035
-1642
3716
-1015
-1528
3722
-958
-1538
3711
-922
-1567
3714
-926
-1558
3714
-946
-1566
3719
-997
-1679
3707
-1037
-1636
3709
-1035
-1555
3710
-993
-1568
3712
-945
-1591
3710
-941
-1580
3712
-957
-1601
3712
-970
-1603
3718
-991
-1570
3715
-974
-1575
3723
-985
-1577
3719
-963
-1558
3716
-943
-1576
3717
-942
-1584
3723
-971
-1574
3716
-958
-1570
3724
-971
-1584
3720
-969
-1566
3722
-991
-1567
3715
-951
-1616
3720
-971
-1558
3718
-978
-1531
3723
-967
-1558
3722
-957
-1621
3718
-971
-1607
3719
-963
-1567
3725
-971
-1550
3724
-954
-1566
3719
-951
-1597
3720
-984
-1560
3723
-974
-1562
3721
-963
-1564
3725
-958
-1585
3719
-965
-1562
3724
-949
-1562
3724
-969
-1559
3728
-976
-1557
3726
-952
-1595
3724
-956
-1577
3725
-988
-1567
3724
-971
-1568
3723
-961
-1538
3723
-965
-1577
3721
-989
-1603
3722
-995
-1530
3725
-966
-1583
3721
-956
-1554
3719
-960
-1563
3729
-1002
-1580
3725
-973
-1572
3721
-957
-1559
3725
-974
-1546
3725
-972
-1564
3724
-943
-1578
3726
-961
-1551
3727
-981
-1562
3725
-966
-1565
3726
-939
-1577
3725
-964
-1580
3724
-970
-1573
3721
-946
-1562
3718
-942
-1601
3724
-947
-1600
3721
-939
-1596
3721
-967
-1562
3720
-956
-1554
3724
-946
-1603
3723
-956
-1583
3723
-959
-1588
3719
-953
-1596
3719
-938
-1602
3719
-951
-1576
3716
-956
-1613
3716
-917
-1570
3723
-951
-1584
3720
-971
-1591
3728
-1007
-1556
3723
-1007
-1537
3727
-951
-1595
3721
-907
-1612
3717
-923
-1572
3723
-992
-1573
3723
-978
-1641
3714
-912
-1545
3724
-962
-1514
3726
-990
-1581
3722
-979
-1581
3728
-981
-1580
3723
-986
-1590
3717
-936
-1586
3722
-945
-1557
3724
-977
-1553
3729
-977
-1593
3725
-934
-1577
3722
-957
-1541
3730
-978
-1536
3731
-987
-1558
3725
-943
-1551
3727
-943
-1555
3727
-974
-1592
3729
-967
-1589
3722
-968
-1556
3727
-938
-1591
3727
-975
-1551
3730
-968
-1572
3725
-950
-1548
3725
-927
-1547
3727
-947
-1584
3725
-977
-1564
3725
-971
-1533
3728
-950
-1587
3726
-966
-1573
3729
-991
-1544
3729
-969
-1568
3727
-974
-1641
3738
-1066
-1859
3735
-1377
-1799
3706
-1279
-1821
3695
-994
-2757
3671
-1380
-2774
3628
-1577
-2083
3652
-1396
-1284
3642
-670
-180
3696
-37
34
3679
489
945
3706
453
1838
3776
806
1492
3868
566
1093
3915
737
702
3954
702
549
4109
466
75
4043
-637
395
4043
209
772
3955
511
717
3900
631
722
3966
463
715
3922
912
786
3710
1084
1104
4034
-651
732
3983
58
908
3943
268
754
4012
-107
737
3949
452
610
3965
57
628
4034
-185
857
3999
88
973
4009
88
376
3960
44
247
3988
-115
1047
3967
-274
872
3888
22
786
4022
-161
1132
3929
40
540
3986
-317
519
4036
-522
996
3953
-248
834
3945
-457
869
3998
-298
965
3892
-530
489
3984
-620
648
3946
-727
847
3848
-1593
508
3848
-1472
220
3810
-966
7
3846
-1502
380
3850
-1196
634
3927
-496
727
3811
-1374
311
3791
-1459
271
3925
-1130
435
3825
-1707
762
3703
-1765
746
3852
-1421
463
3968
-1217
5
3817
-1355
-263
3754
-1363
4
3932
-1131
164
3852
-1544
-125
3752
-1835
-319
3895
-903
170
4046
-408
-348
3853
-635
-192
4018
-1176
-120
3854
-1809
-381
3629
-1935
121
3927
-1673
-16
3829
-1454
102
3920
-1109
-372
3860
-1421
-343
3796
-1480
-280
3916
-1247
-95
3932
-1071
-194
3873
-1366
-271
3892
-1443
-106
3960
-1100
-185
3852
-1257
-354
3863
-1057
-409
3948
-965
-431
3887
-1295
-112
3882
-1341
-236
3844
-1608
-56
3827
-1782
82
3813
-1566
-207
4004
-689
-563
3914
-1200
-271
3807
-1675
-190
3873
-1416
-246
3822
-1700
-383
3833
-1201
-474
4056
-360
-384
3974
-961
-334
3855
-1378
-289
3834
-1491
-261
3804
-1587
-173
3872
-1459
-242
3893
-1351
-164
3871
-1392
-112
3853
-1481
-270
3870
-1425
-328
3876
-1323
-283
3884
-1149
-146
3898
-1229
-235
3874
-1256
-442
3894
-1220
-306
3886
-1270
-337
3879
-1280
-227
3890
-1349
86
3825
-1722
-26
3849
-1540
-262
3882
-1241
-186
3918
-940
-205
3910
-1278
-121
3832
-1635
26
3856
-1386
-30
3918
-1096
-169
3876
-1184
-265
3805
-1339
-500
3885
-1252
-729
3778
-1183
-1116
3691
-1224
-1338
3697
-1342
-1281
3617
-1082
-2082
3472
-1360
-1802
3499
-1713
-1307
3476
-1761
-1494
3343
-1638
-2655
3127
-1605
-2584
3091
-1846
-2046
3232
-1896
-2155
3150
-1941
-1710
3197
-2189
-1274
3279
-2171
-1449
3187
-2320
-1399
3185
-2356
-1488
3237
-2281
-1740
3128
-2146
-1257
3167
-2619
-1315
3192
-2510
-1388
3223
-2275
-1310
3273
-2250
-1277
3265
-2203
-1092
3300
-2215
-1087
3308
-2292
-1145
3292
-2261
-1174
3294
-2279
-1204
3311
-2263
-1185
3295
-2271
-1166
3303
-2267
-1179
3313
-2247
-1155
3318
-2217
-1168
3306
-2243
-1195
3301
-2243
-1212
3305
-2247
-1192
3291
-2301
-1139
3295
-2297
-1138
3307
-2272
-1192
3296
-2240
-1199
3294
-2249
-1203
3305
-2263
-1185
3309
-2269
-1193
3302
-2242
-1222
3297
-2231
-1171
3306
-2241
-1173
3297
-2273
-1177
3287
-2297
-1178
3287
-2306
-1174
3292
-2268
-1197
3283
-2278
-1189
3293
-2246
-1220
3283
-2303
-1238
3272
-2301
-1210
3289
-2288
-1189
3291
-2270
-1160
3290
-2280
-1105
3315
-2279
-1192
3285
-2279
-1222
3295
-2263
-1195
3309
-2213
-1196
3310
-2213
-1217
3309
-2195
-1160
3297
-2270
-1175
3296
-2312
-1228
3290
-2261
-1192
3298
-2270
-1157
3299
-2249
-1219
3294
-2253
-1211
3293
-2258
-1200
3291
-2267
-1204
3282
-2301
-1196
3284
-2288
-1182
3295
-2285
-1167
3302
-2221
-1163
3316
-2190
-1178
3285
-2310
-1184
3286
-2321
-1223
3302
-2215
-1227
3280
-2265
-1158
3287
-2357
-1171
3286
-2302
-1198
3289
-2271
-1189
3292
-2242
-1143
3301
-2266
-1177
3292
-2270
-1220
3278
-2305
-1196
3284
-2276
-1167
3299
-2264
-1193
3298
-2254
-1184
3298
-2281
-1135
3294
-2294
-1153
3299
-2254
-1213
3295
-2267
-1132
3299
-2258
-1167
3296
-2278
-1195
3302
-2273
-1210
3297
-2257
-1206
3297
-2284
-1170
3310
-2262
-1158
3313
-2252
-1162
3322
-2215
-1154
3324
-2216
-1149
3318
-2248
-1154
3319
-2237
-1171
3309
-2256
-1128
3319
-2291
-1147
3319
-2232
-1199
3313
-2234
-1174
3315
-2262
-1172
3314
-2230
-1168
3322
-2230
-1152
3313
-2243
-1142
3328
-2260
-1180
3312
-2250
-1153
3312
-2249
-1166
3317
-2239
-1183
3317
-2241
-1178
3317
-2240
-1132
3323
-2256
-1136
3316
-2274
-1157
3317
-2250
-1147
3328
-2207
-1133
3324
-2227
-1154
3321
-2263
-1182
3319
-2252
-1166
3320
-2242
-1144
3322
-2238
-1136
3329
-2235
-1151
3328
-2250
-1156
3319
-2248
-1162
3323
-2241
-1139
3327
-2218
-1148
3328
-2216
-1125
3314
-2275
-1175
3313
-2251
-1181
3322
-2223
-1100
3332
-2240
-1147
3324
-2241
-1161
3325
-2241
-1141
3325
-2244
-1146
3324
-2261
-1154
3321
-2243
-1157
3325
-2243
-1136
3324
-2229
-1124
3320
-2243
-1149
3326
-2247
-1158
3320
-2253
-1151
3323
-2248
-1140
3322
-2225
-1150
3326
-2232
-1158
3324
-2246
-1156
3322
-2263
-1134
3324
-2246
-1110
3331
-2230
-1135
3329
-2237
-1143
3325
-2231
-1152
3323
-2251
-1142
3322
-2261
-1161
3328
-2225
-1145
3331
-2218
-1136
3330
-2232
-1158
3323
-2254
-1163
3326
-2239
-1151
3327
-2208
-1142
3330
-2243
-1155
3328
-2230
-1155
3330
-2205
-1141
3328
-2227
-1165
3324
-2228
-1189
3320
-2251
-1160
3321
-2224
-1141
3334
-2227
-1148
3323
-2240
-1154
3331
-2236
-1158
3321
-2244
-1158
3324
-2234
-1191
3330
-2217
-1162
3332
-2216
-1144
3329
-2228
-1152
3325
-2244
-1131
3331
-2238
-1173
3336
-2227
-1155
3327
-2218
-1147
3322
-2233
-1142
3331
-2231
-1154
3334
-2216
-1151
3321
-2237
-1140
3327
-2243
-1160
3322
-2233
-1126
3334
-2235
-1130
3337
-2224
-1155
3321
-2243
-1144
3330
-2224
-1147
3326
-2242
-1152
3322
-2259
-1139
3329
-2226
-1147
3324
-2230
-1129
3326
-2240
-1141
3331
-2243
-1163
3324
-2239
-1141
3323
-2244
-1119
3326
-2247
-1176
3328
-2207
-1164
3317
-2231
-1125
3318
-2270
-1158
3329
-2228
-1143
3328
-2235
-1168
3326
-2215
-1141
3323
-2258
-1153
3314
-2277
-1176
3323
-2233
-1140
3321
-2238
-1144
3332
-2224
-1170
3315
-2247
-1156
3320
-2263
-1124
3324
-2232
-1133
3332
-2235
-1174
3317
-2257
-1158
3322
-2247
-1150
3322
-2236
-1132
3328
-2241
-1148
3327
-2234
-1142
3327
-2252
-1155
3318
-2235
-1143
3326
-2238
-1160
3336
-2208
-1163
3326
-2230
-1160
3326
-2238
-1147
3327
-2240
-1160
3325
-2251
-1193
3321
-2227
-1168
3329
-2214
-1153
3330
-2235
-1188
3331
-2202
-1157
3336
-2189
-1158
3323
-2252
-1189
3316
-2274
-1160
3316
-2245
-1182
3334
-2180
-1153
3341
-2198
-1145
3335
-2218
-1157
3331
-2225
-1173
3325
-2252
-1146
3331
-2227
-1166
3331
-2210
-1159
3336
-2212
-1185
3314
-2250
-1168
3320
-2248
-1157
3329
-2218
-1173
3335
-2202
-1130
3327
-2214
-1085
3323
-2290
-1140
3316
-2286
-1154
3314
-2309
-1162
3286
-2454
-1295
3215
-2528
-1418
3251
-2340
-1578
3289
-2105
-1710
3284
-1986
-1343
3245
-2433
-1464
3177
-2738
-1014
3428
-2398
-1354
3440
-2035
-1188
3530
-1582
-1634
3485
-1244
-1295
3362
-1966
-410
3470
-2320
-811
3565
-1744
-743
3670
-1578
-438
3704
-1720
-947
3652
-1775
-1559
3519
-1787
-1396
3540
-1763
-1029
3675
-1650
-1032
3703
-1440
-1103
3675
-1489
-1041
3674
-1543
-1405
3639
-1444
-1464
3616
-1471
-1378
3625
-1539
-1271
3626
-1567
-1314
3613
-1570
-1102
3631
-1666
-1058
3643
-1553
-1254
3596
-1687
-1387
3482
-1950
-1437
3484
-1865
-1302
3627
-1642
-1288
3631
-1521
-1315
3583
-1582
-1249
3575
-1709
-1283
3620
-1500
-1425
3607
-1470
-1409
3547
-1762
-1366
3573
-1656
-1325
3600
-1594
-1233
3577
-1751
-1102
3636
-1631
-1316
3528
-1794
