1608
-357
-3739
1665
-357
-3737
1657
-389
-3741
1670
-365
-3734
1688
-267
-3739
1650
-321
-3712
1634
-343
-3725
1666
-314
-3741
1626
-351
-3712
1679
-352
-3735
1689
-334
-3705
1675
-350
-3724
1664
-367
-3734
1714
-319
-3718
1721
-261
-3715
1743
-279
-3726
1668
-391
-3730
1612
-489
-3901
1497
-458
-3866
1704
-299
-3619
2077
-197
-3519
1748
-133
-3530
1661
-239
-3714
1244
-452
-3973
569
-409
-4044
829
-340
-3838
1699
-346
-3829
2164
-338
-3615
2275
-260
-3527
1992
-338
-3580
1663
-427
-3723
1624
-399
-3763
1698
-345
-3726
1797
-331
-3659
1855
-346
-3582
1933
-352
-3602
1818
-366
-3616
1752
-354
-3660
1765
-381
-3667
1811
-392
-3631
1875
-372
-3647
1876
-352
-3634
1831
-345
-3667
1814
-372
-3659
1837
-501
-3643
1846
-330
-3610
1824
-309
-3602
1807
-368
-3643
1840
-381
-3635
1855
-334
-3627
1832
-354
-3652
1822
-371
-3636
1849
-357
-3638
1823
-355
-3633
1818
-340
-3657
1836
-364
-3632
1850
-376
-3634
1841
-349
-3638
1833
-346
-3639
1825
-353
-3647
1819
-352
-3643
1803
-366
-3656
1812
-343
-3706
1874
-354
-3690
1789
-355
-3662
1801
-324
-3644
1806
-315
-3710
1666
-268
-3687
1555
-290
-3738
1386
-266
-3781
1472
-280
-3871
1724
-310
-3712
1687
-255
-3630
1655
-252
-3676
1737
-325
-3708
1708
-322
-3652
1743
-323
-3646
1740
-373
-3607
1855
-350
-3593
1821
-472
-3829
2054
-458
-3566
2180
-443
-3709
1949
-480
-3544
1918
-283
-3420
2044
-187
-3044
2098
-362
-3751
1965
-617
-3950
1501
-460
-3449
1989
-454
-3652
1690
-338
-3697
1826
-329
-3722
1690
-341
-3706
1785
-375
-3756
1579
-403
-3556
1269
-440
-3515
1758
-689
-3963
1549
-804
-4018
1323
-642
-3770
1601
-585
-3893
1455
-470
-3680
1315
-471
-3660
1110
-518
-3723
1867
-528
-3677
1638
-763
-3783
1458
-583
-3958
1465
-322
-3834
1908
-506
-3603
1683
-544
-3458
1601
-705
-3777
1722
-743
-3769
1614
-445
-3738
1978
-189
-3836
1780
-263
-3630
1472
-621
-3741
1693
-654
-3814
1366
-642
-3641
1533
-726
-3987
1520
-841
-4338
1005
-632
-3954
1157
-304
-3835
1354
161
-3649
1018
248
-3524
1106
78
-3842
1305
-200
-3909
1372
-279
-3999
1392
-296
-4136
1104
-275
-3785
1143
-220
-3850
1289
-170
-3799
1384
-287
-4045
1361
-353
-3907
1556
-244
-3701
1491
-283
-3703
1462
-323
-3755
1569
-530
-4066
1970
-615
-3808
1611
-483
-3615
1510
-327
-3705
1508
-356
-3765
1584
-436
-3667
1671
-481
-3725
1811
-535
-3774
1577
-503
-3736
1656
-453
-3729
1634
-512
-3726
1650
-511
-3743
1696
-472
-3690
1582
-457
-3689
1625
-474
-3707
1825
-519
-3741
1761
-532
-3763
1576
-463
-3668
1536
-350
-3634
1915
-519
-3878
1760
-562
-3821
1808
-352
-3662
1915
-148
-3258
1420
-190
-3557
1707
-302
-3914
1714
-491
-3896
1772
-396
-3713
1426
-263
-3644
1523
-203
-3746
1598
-290
-3693
1696
-345
-3811
1609
-363
-3744
1653
-300
-3736
1648
-404
-3811
1655
-439
-3714
1532
-410
-3791
1607
-435
-3788
1545
-439
-3713
1615
-408
-3702
1748
-422
-3745
1739
-451
-3719
1598
-434
-3717
1613
-430
-3735
1664
-444
-3724
1653
-457
-3759
1651
-437
-3728
1648
-414
-3698
1639
-443
-3696
1711
-461
-3721
1665
-458
-3735
1675
-469
-3745
1592
-472
-3718
1739
-436
-3798
1755
-401
-3595
1696
-380
-3630
1642
-402
-3683
1887
-462
-3721
1676
-472
-3706
1594
-422
-3714
1723
-411
-3732
1810
-471
-3769
1556
-339
-3633
1939
-246
-3510
1872
-248
-3520
2260
-337
-3578
1763
-393
-3668
1779
-336
-3751
1795
-261
-3564
1997
-252
-3599
1883
-294
-3576
1745
-262
-3664
1782
-292
-3712
1880
-400
-3635
1765
-207
-3467
1883
-330
-3799
1835
-375
-3622
1829
-219
-3559
1688
-276
-3574
2117
-356
-3599
1883
-464
-3714
1977
-394
-3650
1859
-364
-3569
1566
-321
-3615
1713
-455
-3805
1791
-437
-3586
1760
-375
-3641
2073
-511
-3697
1701
-490
-3639
1588
-328
-3559
1774
-387
-3625
1886
-546
-3688
1833
-592
-3658
1933
-509
-3647
1880
-507
-3631
1801
-481
-3633
1752
-464
-3598
1733
-455
-3625
1834
-493
-3727
1842
-496
-3682
1719
-444
-3633
1594
-416
-3747
1735
-374
-3595
1935
-379
-3601
1860
-422
-3652
1554
-430
-3749
1490
-385
-3801
1652
-410
-3855
1464
-402
-3647
1662
-335
-3607
1627
-427
-3822
1685
-477
-3748
1739
-418
-3705
1746
-387
-3629
1736
-447
-3721
1764
-491
-3743
1696
-456
-3712
1662
-427
-3677
1709
-434
-3684
1738
-453
-3714
1731
-462
-3697
1708
-437
-3668
1715
-423
-3673
1752
-431
-3677
1728
-460
-3708
1713
-461
-3698
1751
-442
-3685
1735
-446
-3698
1697
-440
-3668
1713
-448
-3693
1798
-436
-3661
1748
-437
-3678
1722
-442
-3700
1731
-443
-3681
1717
-428
-3682
1727
-439
-3684
1719
-460
-3698
1708
-451
-3694
1777
-435
-3676
1743
-430
-3666
1683
-461
-3692
1719
-458
-3713
1787
-439
-3678
1678
-436
-3672
1686
-427
-3655
1790
-465
-3684
1766
-480
-3715
1697
-472
-3702
1689
-446
-3670
1738
-428
-3669
1742
-454
-3670
1765
-465
-3672
1759
-470
-3700
1737
-455
-3678
1714
-438
-3656
1747
-479
-3680
1780
-497
-3706
1778
-466
-3660
1759
-443
-3646
1762
-455
-3664
1754
-461
-3675
1738
-456
-3685
1728
-446
-3667
1758
-480
-3696
1746
-476
-3675
1777
-448
-3669
1775
-441
-3665
1700
-429
-3666
1686
-443
-3698
1761
-463
-3710
1762
-452
-3658
1722
-434
-3650
1732
-427
-3666
1794
-476
-3700
1765
-483
-3694
1746
-456
-3679
1759
-421
-3660
1759
-422
-3637
1747
-462
-3678
1722
-483
-3703
1766
-449
-3699
1750
-436
-3663
1720
-428
-3648
1757
-448
-3667
1781
-463
-3690
1762
-448
-3679
1737
-437
-3671
1733
-433
-3675
1760
-443
-3669
1749
-462
-3680
1729
-442
-3686
1736
-436
-3680
1742
-428
-3665
1755
-450
-3672
1770
-458
-3692
1730
-445
-3688
1715
-442
-3678
1751
-455
-3670
1791
-449
-3672
1765
-435
-3669
1726
-447
-3681
1742
-449
-3684
1733
-450
-3687
1745
-430
-3657
1757
-434
-3673
1751
-462
-3681
1750
-457
-3681
1753
-451
-3674
1752
-447
-3676
1749
-455
-3668
1750
-455
-3674
1772
-458
-3669
1769
-443
-3667
1752
-444
-3671
1750
-457
-3671
1759
-449
-3671
1772
-453
-3676
1763
-453
-3668
1740
-440
-3653
1784
-461
-3672
1778
-465
-3663
1740
-443
-3667
1756
-445
-3673
1788
-476
-3662
1847
-476
-3667
1774
-466
-3688
1685
-505
-3724
1724
-487
-3734
2049
-348
-3499
1862
-458
-3766
1433
-383
-3715
1641
-213
-3545
1390
-319
-3544
1831
-388
-3838
1809
-637
-3961
1641
-423
-3564
1726
-225
-3486
1950
-483
-3709
1834
-462
-3595
1811
-410
-3561
1923
-547
-3795
2044
-542
-3622
1769
-432
-3520
1903
-384
-3488
1978
-443
-3525
1784
-460
-3623
1821
-412
-3572
1904
-396
-3441
1844
-315
-3406
1947
-360
-3471
2197
-487
-3576
2552
-780
-3398
2208
-559
-3453
2615
-525
-3134
2917
-650
-3179
2268
-563
-3482
2319
-816
-3388
1368
-789
-3573
1555
-922
-3723
1072
-1159
-3687
1064
-1681
-3579
1175
-1908
-3725
1055
-1540
-3814
851
-1134
-3803
963
-1020
-3957
1337
-732
-4054
689
-341
-4005
371
-229
-3829
721
-496
-3999
734
-855
-4066
1358
-975
-3905
1542
-1079
-3679
1904
-682
-3705
1699
-626
-3732
1281
-744
-3802
1152
-797
-3816
1481
-828
-3723
1790
-726
-3673
1589
-876
-3638
1775
-873
-3582
1872
-851
-3579
1907
-784
-3520
2127
-745
-3445
2268
-747
-3356
2365
-816
-3459
1921
-807
-3704
1082
-778
-3822
1018
-803
-3773
1065
-658
-3747
343
-771
-4172
414
-812
-4044
806
-742
-3849
1575
-766
-3791
2005
-838
-3681
1657
-848
-3663
1907
-756
-3640
1531
-812
-3704
1617
-797
-3679
1568
-782
-3679
1593
-759
-3698
1636
-766
-3660
1744
-798
-3631
1807
-842
-3591
1778
-833
-3612
1741
-788
-3619
1703
-781
-3643
1675
-793
-3629
1857
-820
-3576
1884
-814
-3559
1831
-768
-3591
1764
-812
-3614
1652
-823
-3633
1733
-790
-3634
1731
-761
-3639
1611
-786
-3654
1667
-809
-3656
1614
-797
-3658
1818
-788
-3605
1938
-801
-3539
1905
-798
-3561
1729
-800
-3612
1692
-790
-3636
1739
-775
-3620
1717
-795
-3637
1745
-783
-3666
1786
-734
-3616
1820
-757
-3584
1675
-778
-3638
1621
-742
-3665
1784
-730
-3624
1771
-747
-3642
1773
-655
-3667
1672
-765
-3625
1699
-814
-3626
1728
-743
-3616
1716
-756
-3600
1667
-784
-3632
1730
-731
-3630
1932
-733
-3573
2011
-771
-3512
1913
-781
-3533
1843
-784
-3554
1885
-787
-3535
1961
-780
-3500
1998
-784
-3489
1949
-769
-3503
1927
-773
-3516
1922
-806
-3505
1973
-808
-3494
1938
-771
-3509
1883
-792
-3517
1951
-801
-3501
1923
-790
-3507
1941
-792
-3496
1917
-767
-3519
1974
-742
-3527
1989
-786
-3485
1903
-830
-3499
1918
-794
-3512
1937
-897
-3514
1925
-747
-3514
1885
-752
-3536
1855
-757
-3550
1874
-788
-3543
1898
-753
-3540
1919
-753
-3531
1860
-775
-3539
1862
-773
-3523
1777
-807
-3500
2018
-805
-3498
2075
-688
-3512
2006
-713
-3525
1882
-791
-3494
2012
-793
-3477
1943
-767
-3498
1987
-760
-3486
1981
-768
-3475
1988
-764
-3478
1965
-775
-3482
1939
-786
-3492
1924
-746
-3509
2011
-757
-3494
1975
-749
-3490
1979
-753
-3493
1912
-748
-3512
2022
-744
-3484
1988
-740
-3490
1950
-741
-3497
1969
-764
-3486
2007
-743
-3480
1991
-745
-3479
1995
-740
-3481
1933
-773
-3488
1965
-778
-3486
1985
-738
-3482
1985
-738
-3478
1972
-771
-3482
1956
-749
-3500
2056
-743
-3473
1956
-743
-3494
1973
-762
-3493
1961
-744
-3499
1952
-749
-3501
1939
-757
-3503
1938
-742
-3502
1994
-754
-3500
1945
-743
-3520
1947
-732
-3526
1926
-756
-3509
1784
-789
-3506
2036
-759
-3463
2051
-737
-3450
2119
-706
-3447
2003
-787
-3438
2129
-800
-3396
2072
-757
-3429
2078
-765
-3419
2070
-796
-3411
2062
-767
-3406
2186
-779
-3356
2239
-790
-3343
2110
-783
-3381
2117
-782
-3382
2140
-799
-3368
2085
-799
-3385
2197
-770
-3354
2179
-797
-3356
2102
-804
-3377
2134
-807
-3375
2149
-801
-3370
2164
-782
-3372
2134
-800
-3367
2126
-820
-3375
2055
-824
-3403
2042
-790
-3410
2136
-796
-3403
2130
-792
-3398
2135
-804
-3391
2031
-816
-3417
2090
-790
-3392
2091
-820
-3382
2030
-839
-3422
2068
-780
-3411
2077
-776
-3439
1978
-773
-3493
2047
-733
-3509
2101
-742
-3487
1991
-734
-3438
1817
-804
-3540
1842
-696
-3547
1930
-734
-3554
1856
-725
-3555
1883
-750
-3543
1791
-761
-3583
1737
-727
-3622
1792
-725
-3621
1920
-701
-3601
1875
-660
-3685
1674
-684
-3704
1437
-753
-3738
1392
-671
-3828
1285
-606
-3811
1256
-685
-3902
1307
-761
-3875
920
-786
-3818
978
-799
-3900
1206
-680
-3837
1122
-715
-3860
1197
-704
-3793
1516
-827
-3897
968
-798
-3939
1114
-716
-3870
1758
-745
-3778
1301
-826
-3690
1463
-853
-3749
1677
-750
-3715
1848
-642
-3603
2209
-663
-3561
1690
-789
-3565
2093
-823
-3505
1733
-799
-3599
1632
-759
-3656
1496
-825
-3694
1831
-766
-3553
2106
-739
-3562
1551
-735
-3677
1508
-739
-3702
1698
-735
-3645
1853
-752
-3592
1921
-766
-3580
1782
-758
-3613
1747
-766
-3612
1760
-776
-3609
1798
-767
-3599
1796
-769
-3601
1858
-782
-3587
1767
-799
-3642
1859
-716
-3573
1863
-776
-3600
1624
-757
-3656
1472
-745
-3711
1485
-745
-3717
1659
-722
-3692
1767
-720
-3679
1678
-735
-3686
1565
-736
-3712
1463
-736
-3733
1487
-763
-3722
1614
-744
-3696
1696
-733
-3715
1622
-702
-3716
1561
-750
-3713
1547
-759
-3711
1581
-751
-3710
1612
-747
-3703
1620
-739
-3713
1661
-740
-3699
1565
-746
-3721
1553
-742
-3748
1660
-704
-3720
1630
-712
-3725
1538
-750
-3742
1597
-710
-3726
1462
-700
-3775
1217
-707
-3818
1113
-718
-3855
1260
-706
-3890
1406
-665
-3827
1285
-701
-3868
1207
-683
-3850
1213
-725
-3844
1158
-711
-3859
1269
-697
-3815
1222
-740
-3839
1202
-780
-3849
1407
-736
-3820
1154
-739
-3890
1632
-672
-3778
1852
-730
-3677
1688
-763
-3693
1571
-745
-3725
1510
-759
-3726
1549
-775
-3730
1641
-724
-3710
1668
-725
-3693
1451
-798
-3741
1310
-771
-3771
1583
-738
-3715
1643
-761
-3698
1554
-798
-3734
1284
-796
-3773
1781
-776
-3671
1772
-789
-3673
1578
-775
-3711
1663
-785
-3696
1547
-794
-3735
1567
-757
-3697
1622
-773
-3657
1616
-830
-3693
1504
-806
-3704
1551
-776
-3706
1590
-785
-3697
1544
-794
-3717
1539
-786
-3719
1567
-792
-3707
1583
-796
-3692
1617
-770
-3690
1664
-754
-3690
1595
-827
-3700
1600
-814
-3691
1595
-796
-3696
1650
-786
-3681
1605
-784
-3685
1618
-786
-3689
1637
-804
-3686
1618
-792
-3690
1639
-797
-3681
1621
-798
-3681
1604
-794
-3684
1674
-795
-3690
1639
-803
-3683
1655
-781
-3681
1591
-795
-3683
1615
-774
-3678
1662
-772
-3667
1638
-784
-3674
1648
-797
-3671
1681
-789
-3669
1619
-796
-3680
1637
-786
-3671
1698
-762
-3658
1661
-791
-3668
1680
-774
-3667
1679
-792
-3661
1636
-789
-3669
1674
-781
-3665
1701
-777
-3659
1654
-786
-3673
1656
-782
-3671
1721
-787
-3665
1680
-765
-3682
1680
-759
-3682
1692
-748
-3690
1691
-684
-3684
1533
-807
-3708
1397
-804
-3664
1520
-817
-3682
1508
-782
-3641
1773
-812
-3656
1498
-798
-3724
1962
-756
-3608
1891
-941
-3592
1727
-827
-3573
1669
-976
-3591
1621
-916
-3633
1778
-764
-3665
1773
-835
-3746
1592
-771
-3461
2218
-761
-3355
2397
-681
-3285
2019
-814
-3500
1729
-853
-3557
1989
-808
-3459
2257
-737
-3300
2244
-781
-3412
2164
-816
-3434
1898
-838
-3478
1803
-786
-3531
2025
-752
-3486
2274
-758
-3461
1991
-753
-3519
1644
-738
-3578
1602
-806
-3610
1799
-773
-3594
1789
-705
-3614
1803
-730
-3622
1741
-753
-3630
1738
-745
-3609
1818
-769
-3605
1749
-743
-3628
1684
-745
-3650
1725
-748
-3644
1727
-757
-3640
1728
-760
-3634
1734
-747
-3647
1701
-742
-3644
1748
-760
-3626
1687
-770
-3628
1773
-759
-3619
1673
-773
-3645
1801
-753
-3615
1866
-727
-3612
1725
-747
-3630
1703
-795
-3624
1794
-763
-3613
1798
-708
-3640
1703
-745
-3652
1789
-770
-3604
1703
-752
-3608
1754
-744
-3624
1693
-743
-3651
1721
-723
-3638
1822
-757
-3603
1843
-771
-3594
1767
-751
-3606
1749
-754
-3615
1833
-766
-3586
1827
-762
-3579
1828
-768
-3582
1799
-764
-3594
1773
-767
-3598
1848
-770
-3576
1849
-767
-3570
1843
-785
-3569
1813
-790
-3573
1831
-770
-3577
1779
-789
-3566
1968
-781
-3521
1864
-769
-3576
1742
-740
-3595
1971
-756
-3551
1679
-773
-3609
1771
-737
-3595
1869
-775
-3556
1835
-753
-3580
1840
-720
-3601
1772
-751
-3616
1788
-763
-3588
1878
-752
-3549
1824
-763
-3580
1747
-758
-3603
1885
-731
-3569
1914
-734
-3557
1811
-758
-3578
1841
-750
-3574
1856
-745
-3573
1838
-746
-3574
1839
-748
-3574
1839
-757
-3565
1856
-765
-3561
1830
-749
-3571
1892
-746
-3553
1856
-772
-3555
1839
-774
-3569
1856
-770
-3562
1873
-766
-3553
1871
-764
-3569
1810
-773
-3576
1865
-769
-3558
1869
-761
-3569
1789
-765
-3582
1847
-766
-3569
1820
-772
-3579
1796
-762
-3599
1917
-749
-3577
1879
-757
-3603
1768
-639
-3613
2090
-747
-3558
1889
-787
-3704
1602
-765
-3764
1311
-772
-3775
1212
-561
-3524
1546
-690
-3895
1333
-722
-3903
1161
-754
-3931
1292
-625
-3795
1146
-689
-3851
1271
-695
-3909
1096
-700
-3878
1158
-790
-4063
1038
-642
-3861
1069
-560
-3788
1179
-672
-4009
1186
-714
-3950
1079
-779
-4028
938
-699
-3949
979
-653
-3947
874
-641
-3943
819
-651
-3968
829
-684
-4002
819
-707
-3994
829
-695
-3991
824
-686
-3991
849
-696
-3972
800
-633
-3876
902
-746
-4151
953
-707
-3963
974
-681
-3865
898
-618
-3862
1104
-783
-4074
1185
-743
-3947
1246
-687
-3849
1339
-645
-3827
1362
-664
-3787
1501
-756
-3851
1510
-763
-3827
1381
-736
-3816
1329
-694
-3824
1370
-755
-3851
1291
-780
-3861
1268
-644
-3722
1422
-740
-3993
1413
-748
-3931
1201
-651
-3746
1145
-615
-3740
1000
-825
-4082
919
-780
-4013
1042
-651
-3851
912
-674
-3906
1046
-714
-3972
990
-740
-3882
1082
-720
-3984
985
-720
-4032
1015
-643
-3847
965
-744
-3943
994
-711
-3916
1238
-792
-3968
1084
-730
-3910
1045
-695
-3852
1279
-694
-3783
1486
-813
-3907
1414
-818
-3863
1328
-764
-3783
1307
-779
-3853
1365
-782
-3799
1353
-796
-3800
1415
-792
-3800
1273
-839
-3815
1300
-827
-3819
1465
-783
-3786
1478
-763
-3744
1349
-816
-3802
1402
-824
-3794
1393
-820
-3772
1470
-823
-3759
1480
-810
-3753
1433
-814
-3763
1405
-830
-3761
1438
-827
-3768
1510
-818
-3736
1502
-811
-3727
1532
-818
-3733
1510
-832
-3734
1512
-815
-3734
1507
-823
-3733
1468
-825
-3749
1522
-822
-3749
1813
-753
-3737
1319
-750
-3753
1224
-867
-3768
1545
-815
-3728
1536
-803
-3719
1475
-788
-3759
1453
-756
-3784
1463
-786
-3753
1474
-808
-3756
1496
-809
-3744
1445
-803
-3755
1490
-795
-3760
1509
-790
-3748
1488
-784
-3756
1465
-809
-3754
1470
-800
-3724
1492
-819
-3730
1458
-820
-3732
1663
-795
-3664
1740
-823
-3656
1631
-829
-3674
1667
-820
-3667
1668
-825
-3661
1657
-829
-3655
1651
-826
-3660
1660
-825
-3660
1669
-827
-3660
1659
-827
-3663
1611
-828
-3675
1651
-828
-3669
1653
-815
-3668
1633
-823
-3666
1625
-853
-3697
1602
-799
-3692
1761
-766
-3684
1525
-801
-3747
1942
-741
-3719
1180
-749
-3792
1167
-660
-3797
1432
-785
-3818
1322
-716
-3804
1381
-677
-3788
1288
-724
-3818
1249
-722
-3851
1386
-704
-3835
1339
-707
-3838
1291
-722
-3836
1284
-709
-3825
1374
-708
-3792
1314
-742
-3839
1343
-723
-3812
1383
-757
-3824
1411
-738
-3843
1432
-708
-3778
1368
-754
-3762
1463
-742
-3768
1568
-746
-3696
1601
-793
-3745
1159
-853
-3834
1622
-774
-3686
2032
-794
-3585
1683
-889
-3703
1275
-854
-3751
1534
-823
-3677
1764
-830
-3636
1787
-843
-3636
1566
-867
-3694
1479
-837
-3708
1748
-797
-3690
1515
-801
-3715
1710
-797
-3681
1672
-824
-3680
1346
-793
-3793
1610
-707
-3745
1683
-749
-3679
1416
-867
-3751
1438
-796
-3724
1398
-784
-3746
1491
-747
-3763
1496
-753
-3748
1476
-780
-3783
1484
-773
-3782
1429
-769
-3748
1515
-764
-3657
1553
-815
-3731
1515
-759
-3659
1634
-799
-3714
1622
-798
-3730
1691
-775
-3679
1753
-802
-3651
1618
-821
-3676
1589
-805
-3676
1687
-811
-3644
1734
-821
-3641
1659
-789
-3654
1735
-786
-3660
1774
-787
-3631
1771
-813
-3642
1529
-803
-3680
1610
-800
-3689
1519
-780
-3712
1632
-760
-3672
1730
-787
-3647
1672
-766
-3718
1605
-688
-3736
1863
-760
-3783
1601
-678
-3641
1367
-703
-3739
1150
-725
-3828
1385
-690
-3763
1538
-697
-3744
1411
-707
-3733
1401
-722
-3738
1351
-818
-3809
1487
-739
-3760
1712
-749
-3697
1757
-744
-3659
1827
-768
-3645
1775
-726
-3636
1811
-748
-3598
1795
-800
-3605
1670
-788
-3628
1770
-777
-3596
1795
-801
-3564
1793
-822
-3563
1740
-825
-3604
2168
-768
-3506
2259
-674
-3404
2238
-607
-3426
1738
-640
-3584
1428
-615
-3666
1906
-682
-3568
2070
-681
-3517
2017
-587
-3514
1998
-644
-3523
1860
-656
-3549
1837
-625
-3576
2016
-651
-3524
1965
-633
-3539
1794
-628
-3584
1873
-759
-3577
1856
-653
-3593
1865
-613
-3588
1953
-678
-3515
1848
-668
-3548
1917
-622
-3540
1887
-649
-3529
2059
-597
-3497
1996
-663
-3497
2160
-714
-3456
1855
-770
-3545
1786
-806
-3556
1912
-807
-3523
2159
-781
-3447
2062
-776
-3473
1911
-780
-3543
1856
-795
-3558
2075
-707
-3576
1856
-740
-3521
1806
-876
-3559
1415
-895
-3670
1468
-846
-3648
1758
-787
-3602
1796
-802
-3601
1739
-825
-3607
1806
-838
-3579
1674
-817
-3571
1862
-901
-3534
1953
-996
-3497
2038
-764
-3503
2056
-732
-3470
2100
-835
-3421
2031
-852
-3417
2141
-948
-3426
1958
-905
-3561
1744
-819
-3432
2043
-512
-3356
2294
-605
-3404
2256
-750
-3375
1849
-866
-3525
1908
-796
-3510
1891
-749
-3483
2186
-732
-3409
2043
-748
-3421
2260
-684
-3372
2275
-729
-3359
2262
-673
-3358
2222
-651
-3354
2157
-659
-3439
1735
-639
-3527
1912
-674
-3520
1995
-644
-3490
2078
-624
-3482
1953
-644
-3513
1922
-654
-3509
1936
-652
-3489
1933
-681
-3508
1942
-589
-3532
2079
-640
-3439
2249
-625
-3392
2208
-699
-3404
1897
-677
-3473
2084
-629
-3441
2280
-663
-3364
2207
-687
-3397
2064
-648
-3446
2095
-645
-3441
2036
-678
-3463
1956
-634
-3495
2006
-641
-3489
2084
-667
-3468
1980
-653
-3507
1964
-632
-3510
1918
-680
-3519
1923
-652
-3492
2025
-687
-3469
1844
-667
-3513
2100
-598
-3447
2344
-675
-3371
2211
-645
-3372
2146
-697
-3392
2055
-684
-3413
2137
-660
-3392
2160
-670
-3371
2224
-699
-3358
2152
-683
-3375
2260
-686
-3338
2244
-696
-3330
2155
-707
-3367
1980
-750
-3439
2060
-754
-3401
2380
-678
-3304
2346
-734
-3271
2212
-776
-3353
1947
-708
-3438
2038
-669
-3444
2263
-749
-3308
2344
-811
-3333
1903
-724
-3464
2034
-684
-3462
2146
-761
-3394
2242
-790
-3377
2027
-776
-3446
2018
-754
-3425
2120
-798
-3387
2110
-779
-3380
2109
-795
-3366
2061
-906
-3391
2112
-745
-3395
2241
-765
-3367
2026
-816
-3401
2088
-774
-3405
2100
-779
-3403
2190
-796
-3367
2096
-793
-3409
1948
-792
-3435
2375
-808
-3302
2213
-809
-3334
2021
-779
-3424
1980
-827
-3437
2090
-817
-3399
2138
-811
-3384
2171
-805
-3366
2087
-825
-3386
2021
-831
-3416
2086
-798
-3405
2176
-802
-3372
2084
-820
-3369
2038
-869
-3387
2099
-804
-3363
2441
-750
-3332
1952
-782
-3436
2019
-749
-3421
2190
-780
-3375
2119
-783
-3416
2046
-725
-3434
2182
-766
-3410
1988
-788
-3426
1799
-803
-3469
2081
-818
-3435
2246
-805
-3361
2026
-837
-3407
1870
-854
-3459
2208
-850
-3347
2379
-800
-3295
2100
-853
-3358
2118
-850
-3365
2118
-805
-3360
2224
-821
-3348
2111
-813
-3341
2452
-785
-3287
2079
-803
-3388
2006
-786
-3404
2200
-813
-3360
2102
-852
-3369
2215
-865
-3330
2074
-885
-3367
1914
-865
-3404
2324
-909
-3295
2224
-905
-3305
2162
-873
-3355
2091
-874
-3323
2324
-870
-3291
2188
-879
-3315
2092
-862
-3339
2158
-907
-3287
2213
-895
-3342
2145
-882
-3352
2170
-871
-3350
2094
-862
-3367
2192
-876
-3342
2029
-874
-3424
2226
-778
-3445
2422
-767
-3460
1885
-771
-3557
1533
-751
-3685
1273
-710
-3787
619
-745
-4013
1126
-618
-3808
1346
-764
-3795
1127
-694
-3823
1125
-701
-3847
1190
-778
-3922
1201
-735
-3843
1410
-715
-3822
1661
-743
-3830
1479
-693
-3772
1624
-738
-3748
1379
-815
-3833
1431
-705
-3797
1742
-636
-3714
1252
-756
-3835
806
-723
-3931
1439
-679
-3835
1684
-761
-3809
1383
-740
-3832
1057
-720
-3867
1107
-665
-3895
1074
-638
-3867
1029
-658
-3907
1288
-683
-3875
1422
-668
-3940
1276
-637
-3860
1206
-750
-3785
1684
-827
-3821
1396
-582
-3750
1430
-530
-3963
1030
-333
-4068
1049
-611
-3806
1181
-980
-3618
1521
-1271
-3535
1916
-1511
-3576
1574
-1155
-3755
968
-1029
-3764
1364
-600
-3967
1265
-234
-4010
1326
-309
-3822
1419
-808
-3824
1186
-1002
-3871
1352
-859
-3823
1329
-755
-3850
1244
-718
-3731
1320
-873
-3882
1079
-768
-3830
1527
-688
-3759
1953
-726
-3655
1827
-841
-3640
1435
-878
-3719
1372
-865
-3765
1497
-785
-3725
1615
-750
-3709
1567
-785
-3727
1548
-798
-3724
1558
-782
-3720
1589
-771
-3726
1535
-757
-3730
1519
-788
-3735
1598
-781
-3706
1563
-752
-3733
1522
-753
-3746
1600
-790
-3709
1466
-777
-3714
1566
-779
-3699
1483
-815
-3749
1455
-786
-3710
1737
-748
-3652
1820
-790
-3620
1745
-796
-3624
1767
-792
-3609
1838
-821
-3582
1786
-823
-3586
1799
-841
-3603
1875
-929
-3536
1985
-709
-3478
1986
-737
-3533
1825
-780
-3584
1742
-792
-3612
1838
-783
-3590
1851
-835
-3574
1911
-815
-3565
1880
-980
-3608
1814
-965
-3564
1775
-930
-3705
1599
-846
-3741
1490
-820
-3732
1279
-871
-3589
1437
-704
-3484
1668
-443
-3578
2495
121
-3924
1790
6
-3593
1389
-675
-3520
1896
-1005
-3754
1734
-857
-3505
1929
-600
-3560
1935
-549
-3602
1873
-586
-3653
1724
-646
-3632
1770
-870
-3547
1843
-701
-3562
1826
-676
-3605
1815
-746
-3541
1848
-789
-3581
2004
-781
-3495
2123
-745
-3499
2127
-690
-3463
2297
-688
-3390
2099
-771
-3446
1890
-724
-3530
1613
-755
-3622
1471
-825
-3688
1623
-791
-3663
1841
-815
-3599
1837
-819
-3568
1829
-791
-3616
1696
-794
-3637
1613
-801
-3685
1480
-776
-3725
1518
-801
-3714
1883
-748
-3643
1519
-751
-3749
1618
-672
-3728
1606
-710
-3693
1419
-734
-3750
1596
-732
-3737
1508
-780
-3782
1366
-797
-3744
1708
-825
-3765
1230
-841
-3736
1498
-826
-3777
1203
-838
-3801
1516
-798
-3751
1540
-847
-3726
1550
-806
-3729
1530
-800
-3721
1685
-815
-3697
1651
-797
-3696
1506
-783
-3733
1433
-831
-3736
1497
-840
-3730
1514
-778
-3721
1695
-757
-3708
1507
-762
-3737
1549
-730
-3729
1567
-737
-3723
1644
-696
-3708
1620
-705
-3748
1448
-731
-3765
1345
-793
-3773
1476
-818
-3718
1856
-814
-3647
1484
-760
-3696
1720
-751
-3733
1444
-717
-3788
1121
-679
-3844
1463
-726
-3775
1664
-740
-3731
1529
-744
-3742
1438
-758
-3769
1498
-711
-3786
1385
-707
-3785
1584
-747
-3763
1514
-751
-3767
1432
-750
-3800
1463
-722
-3818
1368
-692
-3807
1272
-708
-3848
1198
-674
-3838
1201
-694
-3871
1228
-700
-3851
1273
-722
-3885
1140
-679
-3843
1261
-703
-3813
1196
-704
-3843
1221
-663
-3805
1502
-779
-3820
1637
-771
-3766
1598
-767
-3716
1872
-777
-3631
1760
-791
-3642
1578
-770
-3688
1527
-811
-3709
1677
-762
-3662
1725
-774
-3659
1631
-808
-3672
1670
-779
-3675
1649
-772
-3681
1654
-780
-3663
1732
-777
-3663
1569
-771
-3690
1659
-788
-3671
1702
-769
-3667
1616
-756
-3692
1601
-788
-3708
1583
-775
-3717
1878
-712
-3645
1457
-787
-3743
1633
-720
-3722
1416
-699
-3770
1378
-678
-3766
1417
-724
-3786
1437
-714
-3779
1476
-717
-3736
1452
-734
-3760
1372
-694
-3769
1470
-730
-3771
1707
-755
-3698
1805
-756
-3683
1434
-781
-3747
1592
-768
-3710
1631
-780
-3700
1550
-776
-3711
1619
-772
-3701
1575
-775
-3711
1568
-771
-3709
1616
-780
-3692
1570
-785
-3709
1610
-768
-3699
1629
-782
-3690
1568
-785
-3703
1592
-768
-3701
1599
-789
-3701
1615
-770
-3692
1580
-785
-3696
1636
-786
-3686
1583
-795
-3700
1621
-790
-3687
1577
-800
-3700
1713
-789
-3670
1602
-800
-3688
1602
-788
-3695
1594
-809
-3688
1655
-784
-3685
1582
-800
-3702
1606
-807
-3719
1606
-788
-3730
1744
-763
-3677
1604
-745
-3671
1531
-753
-3712
1262
-817
-3768
1405
-736
-3737
1709
-758
-3686
1769
-794
-3679
1635
-763
-3707
1601
-765
-3707
1541
-798
-3708
1532
-778
-3718
1626
-779
-3688
1807
-795
-3649
1519
-785
-3723
1485
-763
-3785
1776
-769
-3646
1686
-767
-3648
1660
-697
-3684
1196
-830
-3782
1274
-767
-3755
1625
-735
-3697
1790
-785
-3687
1767
-785
-3686
1380
-782
-3761
1566
-779
-3718
1702
-804
-3708
1489
-806
-3769
1929
-722
-3614
1530
-776
-3691
1373
-767
-3744
1289
-801
-3753
1482
-779
-3716
1584
-760
-3728
1703
-791
-3710
1688
-775
-3680
1488
-790
-3734
1519
-777
-3721
1750
-763
-3695
1672
-705
-3704
1511
-661
-3738
1546
-673
-3724
1732
-668
-3677
1694
-709
-3667
1504
-741
-3754
1197
-797
-3806
1377
-861
-3712
1823
-860
-3623
2174
-733
-3534
1777
-770
-3652
1673
-827
-3667
1527
-790
-3706
1436
-720
-3716
1619
-781
-3698
1438
-813
-3711
1777
-775
-3662
1787
-777
-3644
1523
-780
-3710
1441
-784
-3715
1759
-776
-3661
1935
-749
-3598
1842
-739
-3630
1362
-714
-3713
1873
-697
-3617
1611
-716
-3682
1502
-751
-3723
1735
-826
-3641
1941
-778
-3572
1712
-798
-3633
1691
-760
-3656
1714
-754
-3664
1593
-730
-3692
1611
-711
-3684
1793
-739
-3639
1621
-743
-3676
1678
-741
-3656
1692
-746
-3647
1532
-797
-3691
1778
-738
-3633
1893
-778
-3592
1656
-822
-3646
1653
-792
-3663
1735
-805
-3639
1772
-790
-3602
1895
-818
-3544
1866
-840
-3566
1774
-791
-3590
1819
-810
-3586
1726
-826
-3591
1966
-769
-3552
1851
-924
-3586
1610
-811
-3633
1789
-797
-3597
1780
-781
-3596
1898
-801
-3564
1775
-811
-3590
1762
-796
-3596
1827
-813
-3581
1778
-804
-3586
1793
-802
-3569
1917
-799
-3526
2030
-818
-3482
1969
-804
-3505
1855
-796
-3543
1888
-810
-3527
1896
-817
-3523
1916
-798
-3517
1941
-810
-3511
1875
-820
-3524
1904
-815
-3520
1908
-808
-3518
1897
-801
-3527
1852
-814
-3540
1881
-797
-3557
2038
-766
-3549
2035
-747
-3523
1866
-788
-3573
1411
-755
-3723
1174
-741
-3789
1602
-742
-3796
2005
-591
-3686
2042
-646
-3752
1681
-594
-3654
1010
-731
-3766
914
-795
-3959
694
-702
-4022
555
-692
-4023
847
-817
-4011
1083
-676
-3862
1001
-719
-3951
842
-722
-3979
829
-697
-3900
1011
-747
-3963
994
-750
-3997
1120
-626
-3991
1161
-627
-3904
1094
-707
-3890
1172
-759
-3975
1101
-687
-3876
1114
-707
-3918
1186
-727
-3952
1175
-705
-3889
1133
-698
-3911
1115
-711
-3912
1170
-715
-3909
1130
-706
-3915
1148
-722
-3908
1143
-721
-3911
1136
-706
-3922
1166
-693
-3870
1248
-735
-3884
1188
-722
-3882
1153
-727
-3910
1214
-726
-3889
1188
-720
-3879
1206
-729
-3892
1216
-728
-3887
1193
-709
-3882
1194
-732
-3880
1182
-737
-3878
1262
-743
-3882
1184
-738
-3849
1222
-825
-3923
1133
-712
-3882
1321
-627
-3810
1357
-687
-3827
1340
-758
-3876
1244
-788
-3896
1218
-750
-3868
1263
-707
-3826
1278
-725
-3850
1264
-763
-3872
1236
-753
-3868
1288
-734
-3838
1251
-755
-3889
1183
-737
-3863
1135
-713
-3830
1389
-755
-3834
1451
-857
-3903
1293
-771
-3827
1157
-727
-3853
1280
-730
-3864
1219
-797
-3906
1222
-828
-3822
1182
-807
-3829
1117
-783
-3817
1221
-816
-3846
1131
-799
-3831
1315
-829
-3858
1472
-800
-3806
1445
-790
-3771
1564
-797
-3741
1659
-803
-3711
1612
-822
-3707
1490
-823
-3724
1487
-861
-3731
1619
-843
-3692
1722
-803
-3658
1734
-761
-3606
1893
-784
-3580
1603
-866
-3724
1516
-802
-3678
1637
-819
-3694
1698
-768
-3604
1913
-739
-3527
1875
-787
-3567
1797
-789
-3601
1754
-834
-3641
1738
-825
-3621
1774
-794
-3608
1776
-766
-3593
1879
-812
-3578
1728
-768
-3592
1978
-768
-3536
1744
-771
-3617
1641
-753
-3646
1827
-746
-3627
1927
-706
-3559
1903
-694
-3617
1517
-688
-3679
1676
-696
-3653
1871
-681
-3599
1737
-735
-3673
1408
-808
-3707
1746
-808
-3655
1767
-768
-3602
1890
-782
-3598
1621
-794
-3655
1666
-795
-3647
1790
-801
-3613
1743
-789
-3617
1726
-799
-3609
1761
-818
-3600
1802
-781
-3589
1843
-777
-3579
1920
-797
-3543
1924
-804
-3532
1833
-787
-3560
1823
-806
-3577
1848
-810
-3557
1847
-798
-3567
1844
-794
-3585
1910
-781
-3598
2124
-761
-3607
2354
-739
-3732
1610
-701
-3563
1298
-785
-3775
1039
-661
-3886
1027
-607
-3877
909
-578
-3838
1174
-647
-4015
1084
-576
-3823
854
-540
-3815
958
-644
-4097
1015
-691
-3993
1112
-668
-3888
1142
-700
-4015
788
-643
-3960
949
-625
-3921
1160
-503
-3884
1480
-576
-3854
1565
-699
-3801
1347
-622
-3832
1419
-656
-3740
1665
-679
-3712
1713
-703
-3766
1591
-698
-3779
1288
-681
-3810
1471
-665
-3841
1686
-625
-3681
1556
-621
-3647
1253
-734
-3928
864
-653
-3875
1301
-741
-3947
1416
-647
-3796
1733
-663
-3676
1672
-721
-3724
1368
-718
-3815
1258
-734
-3831
1343
-731
-3822
1445
-722
-3779
1544
-728
-3742
1651
-692
-3701
1622
-720
-3762
1476
-720
-3749
1535
-771
-3781
1549
-725
-3741
1420
-714
-3707
1525
-729
-3763
1502
-696
-3745
1548
-709
-3730
1569
-745
-3755
1541
-740
-3758
1489
-715
-3749
1522
-721
-3770
1510
-723
-3727
1509
-743
-3744
1478
-750
-3787
1396
-698
-3749
1577
-678
-3750
1420
-701
-3757
1557
-688
-3793
1468
-716
-3763
1431
-710
-3784
1485
-717
-3825
1394
-683
-3781
1569
-691
-3753
1473
-717
-3739
1503
-731
-3827
1561
-703
-3799
1405
-682
-3651
1479
-660
-3705
1512
-729
-3806
1534
-732
-3765
1572
-712
-3745
1547
-714
-3692
1589
-711
-3719
1650
-731
-3726
1671
-731
-3670
1459
-724
-3710
1694
-784
-3818
1665
-761
-3789
1543
-700
-3647
1412
-677
-3671
1379
-693
-3735
1619
-698
-3714
1676
-776
-3827
1739
-736
-3778
1539
-701
-3704
1152
-680
-3799
1161
-706
-3881
1323
-689
-3798
1461
-681
-3739
1584
-690
-3729
1669
-761
-3828
1504
-737
-3848
1329
-677
-3770
1474
-680
-3705
1466
-657
-3705
1422
-689
-3799
1566
-718
-3810
1564
-697
-3732
1517
-697
-3775
1493
-687
-3743
1480
-708
-3809
1480
-684
-3748
1460
-709
-3740
1502
-734
-3809
1457
-693
-3775
1443
-696
-3758
1518
-708
-3778
1514
-700
-3773
1537
-708
-3793
1460
-692
-3743
