-1592
-299
-3953
-1587
-302
-3945
-1584
-287
-3931
-1593
-300
-3946
-1601
-308
-3939
-1602
-294
-3937
-1599
-302
-3944
-1591
-303
-3932
-1598
-300
-3939
-1598
-300
-3953
-1590
-308
-3948
-1585
-305
-3936
-1597
-292
-3940
-1586
-297
-3947
-1592
-305
-3940
-1598
-306
-3946
-1579
-295
-3944
-1587
-299
-3936
-1645
-323
-3925
-1603
-308
-3941
-1616
-305
-3928
-1614
-306
-3932
-1609
-317
-3942
-1612
-306
-3926
-1608
-307
-3926
-1613
-312
-3932
-1611
-309
-3935
-1620
-305
-3933
-1613
-310
-3928
-1615
-314
-3931
-1615
-311
-3929
-1617
-307
-3933
-1620
-303
-3928
-1624
-314
-3938
-1612
-313
-3924
-1629
-302
-3920
-1621
-310
-3930
-1616
-317
-3936
-1624
-303
-3932
-1621
-305
-3922
-1616
-309
-3920
-1622
-313
-3929
-1627
-303
-3930
-1625
-301
-3924
-1620
-313
-3931
-1630
-316
-3923
-1627
-309
-3922
-1629
-306
-3916
-1625
-312
-3940
-1638
-311
-3918
-1615
-310
-3921
-1614
-324
-3927
-1644
-335
-3902
-1639
-338
-3878
-1751
-404
-3888
-1769
-390
-3936
-1814
-365
-3848
-1982
-434
-3775
-2386
-425
-3561
-2417
-410
-3496
-2455
-402
-3423
-2722
-421
-3353
-2621
-442
-3352
-2556
-432
-3389
-2542
-421
-3460
-2461
-433
-3489
-2624
-454
-3498
-2586
-474
-3575
-2409
-406
-3466
-2538
-352
-3322
-2875
-331
-3269
-2946
-335
-3048
-2956
-333
-2877
-2521
-493
-3487
-2361
-422
-3679
-2230
-390
-3612
-2670
-460
-3503
-3112
-585
-3459
-3425
-399
-2986
-3670
-336
-2756
-3865
-341
-2317
-4118
-72
-2048
-3683
249
-1477
-3888
297
-1633
-3256
-290
-2243
-4370
-596
-2411
-4186
-320
-1363
-3598
21
37
-3799
388
97
-4131
1103
1131
-4286
774
454
-3952
559
-1090
-4106
773
-870
-3382
572
-1140
-2654
660
-917
-3615
-183
-407
-4751
264
553
-4871
35
-124
-4945
-197
463
-4882
-42
1131
-3913
7
922
-3988
-249
942
-4082
-307
941
-4380
-349
1129
-4227
-217
1125
-4006
-157
1071
-4274
-87
1141
-4356
-332
900
-4290
-260
1124
-3894
-105
1256
-3934
-49
1107
-4166
-143
1125
-4052
-35
1186
-3782
189
1393
-4059
51
1661
-4470
99
2148
-4385
-193
1216
-4083
-43
410
-4153
-96
-642
-3227
-145
-2015
-2970
69
-2043
-3964
190
-1183
-4665
10
-756
-4476
60
-899
-4201
93
-1020
-4131
33
-1063
-3993
-25
-1157
-4131
-27
-1179
-4132
-14
-1148
-4138
2
-1096
-4240
-7
-994
-4059
-36
-1128
-4101
-7
-1140
-4129
-32
-1133
-4139
-54
-1177
-4022
-46
-1158
-4120
-41
-1138
-4163
-53
-1158
-4145
-55
-1157
-4115
-60
-1168
-4062
-40
-1112
-4123
-39
-1158
-4126
-71
-1199
-4168
-89
-1195
-4131
-57
-1147
-4148
-73
-1186
-4108
-4
-1209
-4032
-131
-1606
-4263
-160
-1703
-3698
237
-1246
-3995
157
-884
-4185
23
-1593
-4188
-37
-1455
-4426
15
-1112
-4081
-54
-964
-4338
-115
-1125
-3982
88
-879
-4098
201
-315
-4039
223
-285
-4074
410
-367
-3694
-97
-861
-4115
-56
-754
-4367
99
-320
-4458
-208
-186
-4118
-279
-430
-4314
-59
-244
-4533
93
134
-4250
80
-27
-4257
-76
-179
-4294
-65
-15
-4408
-53
-45
-4274
-59
-80
-4234
159
189
-4228
-43
-112
-4208
-34
-199
-4637
-5
-91
-4499
-55
-398
-4055
-24
-797
-4005
95
-969
-4193
180
-1141
-3968
157
-1234
-3969
191
-1331
-3963
211
-1419
-3954
274
-1419
-3938
264
-1430
-3990
324
-1511
-3918
276
-1566
-3891
223
-1707
-3934
232
-1689
-3912
224
-1667
-3896
246
-1729
-3909
260
-1707
-3825
222
-1769
-3607
231
-1858
-3837
279
-1787
-4208
147
-1342
-4268
76
-1127
-4080
118
-1275
-4071
168
-1338
-4156
132
-1206
-4118
115
-1084
-3994
125
-1171
-4073
159
-1120
-4413
113
-895
-4073
-59
-1151
-4064
72
-1185
-4180
97
-997
-4223
88
-987
-4159
55
-1046
-4176
56
-1032
-4221
95
-921
-4220
185
-865
-4193
123
-962
-4207
168
-991
-4145
147
-1005
-4028
102
-1050
-4056
-168
-1633
-4313
-315
-1899
-4044
394
-1157
-3773
234
-1177
-3463
78
-1555
-3729
4
-1545
-4452
57
-1128
-4448
28
-1077
-3933
-262
-1432
-4078
21
-1193
-4165
261
-865
-4236
282
-871
-4208
320
-819
-4016
203
-1118
-4131
95
-1133
-4316
79
-1018
-4078
114
-1239
-3913
32
-1823
-4112
44
-1152
-4228
199
-890
-4144
185
-1290
-3890
238
-1453
-3923
116
-1975
-3686
131
-2128
-2699
117
-3034
-2503
521
-3650
-3022
16
-4038
-2257
197
-3178
-786
-117
-4196
-1310
48
-5547
-903
844
-4075
-1198
1444
-3059
-654
1158
-3191
-611
1201
-3950
72
980
-4015
-281
400
-3629
-1906
-711
-3616
-2355
-555
-3902
-762
-169
-4268
-2821
-559
-3242
-3127
-255
-3844
-1872
698
-4395
-655
822
-4505
-902
553
-3568
-1319
488
-3430
-1536
255
-3790
-2956
-236
-3684
-2664
-142
-4261
-2735
-133
-4462
-2634
20
-3807
-1403
292
-3456
-1372
818
-3625
-747
723
-3539
-479
823
-3627
-292
811
-3711
-1309
362
-3703
-2898
12
-4102
-2681
-219
-4252
-929
407
-4173
-867
281
-3930
-2125
176
-3539
-2293
166
-3644
-1111
351
-4034
-1251
262
-3912
-2458
-170
-4314
-2255
-430
-4568
-1829
-409
-4078
-2309
-451
-4124
-2797
-276
-4534
-1321
279
-4626
-1121
775
-3495
-331
975
-3132
752
1045
-2941
-1041
866
-2703
-721
962
-4276
-755
624
-4209
-1536
382
-4036
-1129
439
-4224
-1076
451
-4021
-1054
393
-4409
-1355
282
-4633
-745
391
-4436
-385
390
-4187
-860
386
-4206
-606
409
-4272
-294
545
-4180
-69
623
-3884
-616
687
-3705
-916
772
-3866
-435
562
-4220
23
346
-4238
-194
517
-4167
-1193
576
-4052
-876
516
-4193
-776
474
-4190
-950
461
-4134
-789
515
-4079
-763
507
-4141
-885
496
-4140
-812
495
-4098
-839
503
-4087
-842
507
-4112
-834
481
-4118
-843
486
-4114
-886
516
-4097
-858
508
-4091
-817
487
-4108
-855
484
-4109
-878
495
-4112
-871
510
-4103
-852
485
-4094
-848
474
-4120
-861
506
-4100
-852
504
-4095
-860
468
-4113
-869
487
-4108
-865
495
-4103
-842
485
-4110
-833
479
-4101
-866
488
-4105
-850
491
-4114
-850
484
-4114
-859
482
-4095
-866
499
-4103
-840
484
-4124
-836
477
-4100
-867
493
-4108
-860
499
-4109
-854
476
-4094
-858
480
-4108
-878
496
-4103
-846
476
-4105
-862
474
-4117
-875
505
-4098
-858
516
-4093
-832
455
-4116
-868
468
-4107
-881
532
-4094
-878
498
-4107
-831
445
-4108
-862
488
-4109
-881
524
-4092
-894
491
-4111
-829
465
-4110
-824
470
-4091
-874
510
-4104
-870
495
-4105
-875
461
-4117
-869
487
-4109
-860
503
-4098
-844
488
-4100
-883
473
-4119
-874
486
-4104
-866
497
-4106
-859
478
-4099
-854
476
-4108
-853
489
-4110
-870
497
-4096
-877
477
-4117
-871
480
-4119
-869
494
-4078
-849
490
-4117
-872
475
-4126
-866
486
-4088
-856
494
-4100
-855
478
-4104
-837
505
-4083
-863
470
-4128
-874
483
-4117
-840
487
-4097
-904
486
-4101
-855
483
-4112
-830
487
-4101
-867
496
-4105
-888
494
-4105
-850
495
-4100
-859
485
-4116
-874
480
-4101
-857
502
-4098
-861
495
-4101
-840
470
-4113
-848
475
-4111
-844
504
-4098
-852
485
-4099
-857
469
-4118
-867
487
-4107
-865
500
-4104
-861
482
-4116
-864
481
-4104
-870
495
-4107
-865
491
-4108
-834
477
-4107
-838
485
-4102
-868
496
-4111
-862
494
-4104
-865
481
-4112
-886
479
-4105
-867
490
-4107
-848
508
-4098
-851
469
-4113
-883
467
-4113
-869
513
-4099
-855
485
-4113
-851
463
-4110
-864
500
-4102
-869
502
-4100
-889
482
-4108
-870
476
-4120
-849
495
-4096
-871
501
-4100
-860
478
-4107
-872
481
-4109
-880
496
-4112
-863
489
-4102
-870
496
-4096
-885
477
-4111
-879
490
-4119
-852
499
-4095
-846
489
-4095
-892
476
-4106
-898
500
-4111
-857
492
-4087
-859
494
-4095
-887
480
-4109
-885
502
-4097
-881
493
-4104
-873
480
-4106
-895
493
-4108
-889
501
-4097
-837
493
-4098
-844
466
-4107
-886
514
-4096
-898
497
-4112
-946
470
-4130
-828
477
-4080
-769
529
-4079
-880
497
-4126
-944
469
-4105
-921
500
-4092
-882
511
-4103
-838
476
-4107
-851
480
-4098
-907
515
-4092
-917
493
-4104
-881
468
-4109
-895
482
-4099
-839
516
-4092
-891
501
-4094
-881
475
-4110
-901
498
-4091
-949
511
-4110
-854
475
-4104
-818
475
-4086
-879
493
-4111
-904
498
-4105
-886
493
-4089
-873
467
-4107
-865
499
-4099
-887
506
-4099
-882
485
-4103
-887
471
-4112
-870
504
-4097
-901
503
-4088
-875
475
-4114
-894
476
-4111
-900
501
-4090
-863
491
-4100
-878
476
-4099
-897
497
-4112
-934
492
-4105
-807
493
-4084
-864
467
-4111
-931
482
-4122
-873
508
-4080
-861
499
-4092
-893
481
-4087
-919
504
-4102
-934
497
-4101
-916
472
-4097
-907
492
-4090
-896
494
-4103
-894
471
-4111
-901
495
-4088
-942
485
-4104
-869
479
-4097
-803
485
-4111
-926
497
-4076
-905
499
-4098
-904
494
-4104
-889
484
-4084
-920
483
-4113
-887
506
-4097
-889
495
-4092
-899
479
-4111
-896
493
-4101
-893
509
-4090
-887
486
-4101
-873
486
-4102
-901
488
-4115
-899
500
-4099
-870
494
-4092
-880
484
-4098
-880
486
-4112
-921
493
-4108
-836
491
-4092
-851
471
-4106
-902
503
-4104
-896
514
-4090
-901
480
-4109
-890
479
-4108
-887
511
-4089
-877
489
-4116
-870
475
-4097
-826
499
-4089
-885
487
-4113
-877
500
-4100
-899
490
-4104
-899
482
-4119
-870
504
-4091
-851
494
-4103
-863
472
-4112
-871
497
-4096
-873
497
-4109
-881
485
-4103
-874
487
-4103
-876
505
-4096
-839
501
-4097
-856
479
-4113
-874
486
-4112
-858
506
-4107
-867
479
-4105
-847
488
-4115
-875
476
-4144
-900
471
-4127
-953
436
-4132
-1316
334
-4361
-1358
450
-4355
-962
639
-3815
-708
788
-3719
-605
701
-3948
-1069
622
-4307
-1631
516
-4407
-2550
639
-4063
-2765
646
-3938
-2680
934
-3494
-3016
845
-3306
-3225
845
-3582
-3138
1013
-3628
-3222
989
-3428
-2644
1476
-2247
-1511
2128
-1493
-1353
2428
-1867
-1171
2769
-1879
-1833
2711
-1848
-2467
2541
-2244
-2601
2460
-2342
-2859
2558
-2001
-2585
2510
-2053
-2647
2636
-1816
-2898
2567
-1779
-3119
2521
-1580
-3078
2518
-1459
-2972
2547
-1413
-3214
2684
-1117
-3163
2661
-1244
-2701
2638
-1421
-3078
2642
-1225
-3184
2529
-1367
-3139
2462
-1437
-3295
2452
-1376
-3365
2459
-1344
-3167
2451
-1515
-3137
2502
-1573
-2919
2683
-1534
-2514
2993
-1321
-2160
2954
-1511
-2450
2688
-1791
-2911
2405
-2130
-3382
2417
-1590
-3200
2591
-1406
-2651
2795
-1601
-2834
2856
-1165
-2986
2816
-1283
-2767
2826
-1392
-2653
2856
-1456
-2547
2991
-1301
-2542
3035
-1219
-2881
2825
-1440
-2790
2761
-1587
-2554
2888
-1608
-2462
3107
-1177
-2389
3128
-1300
-2263
3205
-1103
-2556
2965
-1330
-2968
2794
-1393
-2767
2909
-1258
-2662
2942
-1315
-2737
2910
-1305
-2875
2796
-1350
-2906
2760
-1428
-2771
2805
-1455
-2727
2828
-1496
-2767
2739
-1513
-2889
2647
-1640
-3166
2534
-1654
-3149
2506
-1654
-2815
2624
-1770
-2605
2750
-1775
-2428
2792
-1893
-2456
2759
-1917
-2433
2794
-1973
-2541
2635
-2174
-2465
2686
-2117
-2522
2711
-1985
-2907
2586
-2043
-2637
2699
-1751
-2527
2838
-1647
-2519
2789
-1773
-2738
2762
-1623
-2826
2729
-1490
-2775
2679
-1578
-2846
2664
-1503
-3029
2596
-1555
-3020
2628
-1391
-3053
2674
-1278
-2931
2609
-1459
-2970
2505
-1665
-3153
2614
-1267
-3126
2603
-1256
-2998
2558
-1450
-3043
2619
-1330
-2970
2641
-1305
-3016
2593
-1358
-3190
2485
-1408
-3291
2503
-1253
-3276
2560
-1141
-2870
2461
-1814
-2832
2559
-1780
-2686
2668
-1583
-2941
2691
-1442
-2887
2690
-1375
-2797
2559
-1600
-3179
2506
-1517
-3098
2505
-1488
-3031
2535
-1560
-3063
2517
-1565
-3170
2474
-1533
-2990
2537
-1549
-3005
2582
-1575
-2801
2636
-1594
-2798
2639
-1646
-3021
2525
-1679
-2859
2569
-1744
-2842
2614
-1695
-2976
2563
-1703
-2940
2542
-1748
-2959
2615
-1634
-2849
2662
-1662
-2621
2737
-1706
-2660
2822
-1513
-2029
2868
-1837
-2504
2779
-2009
-2911
2475
-2019
-2960
2503
-1875
-3032
2590
-1700
-2715
2698
-1698
-2557
2780
-1782
-2630
2677
-1901
-2784
2553
-1944
-2921
2577
-1855
-2827
2647
-1723
-2618
2740
-1739
-2582
2772
-1695
-2705
2703
-1783
-2687
2642
-1836
-2828
2618
-1822
-2840
2728
-1516
-2759
2702
-1676
-2702
2649
-1814
-2815
2644
-1753
-2817
2650
-1745
-2806
2669
-1671
-2770
2695
-1678
-2752
2671
-1691
-2817
2664
-1696
-2837
2665
-1672
-2796
2659
-1729
-2805
2684
-1694
-2699
2688
-1688
-2799
2634
-1784
-2842
2627
-1720
-2895
2605
-1713
-3016
2597
-1674
-2756
2678
-1660
-2647
2688
-1743
-2896
2672
-1655
-2772
2658
-1714
-2673
2687
-1758
-2662
2758
-1738
-2533
2732
-1781
-2752
2634
-1802
-2945
2587
-1809
-2867
2663
-1663
-2642
2732
-1739
-2740
2739
-1701
-2733
2677
-1757
-2717
2685
-1783
-2719
2712
-1730
-2752
2658
-1823
-2705
2663
-1813
-2735
2698
-1780
-2714
2672
-1814
-2704
2686
-1778
-2713
2697
-1778
-2780
2656
-1829
-2751
2656
-1786
-2712
2678
-1814
-2713
2663
-1807
-2777
2680
-1780
-2764
2660
-1800
-2722
2682
-1771
-2719
2713
-1744
-2730
2706
-1748
-2714
2691
-1752
-2720
2695
-1742
-2568
2733
-1861
-2545
2695
-1921
-2508
2712
-1921
-2286
2774
-1917
-2223
2811
-1732
-2483
2750
-1542
-2687
2728
-1412
-2714
2463
-1931
-2460
2371
-2339
-2736
2098
-2332
-3062
2024
-2222
-2278
1967
-2931
-2195
1916
-2777
-2418
1803
-2555
-1766
1742
-3105
-1383
1578
-3515
-1255
1429
-3539
-869
1226
-4010
-1199
984
-4030
-1591
634
-4003
-1703
361
-4153
-1617
276
-4228
-1816
154
-4488
-2104
130
-4272
-2710
166
-3659
-1826
133
-3898
-1755
49
-3932
-2153
77
-3524
-2044
106
-3577
-2046
-34
-3827
-2083
41
-3964
-2231
62
-3959
-2001
93
-3950
-2000
137
-3607
-2372
-33
-3533
-2384
-44
-3636
-2354
-35
-3547
-2626
-121
-3506
-2912
-230
-3440
-2521
-182
-3358
-1910
108
-3492
-1983
246
-3700
-1894
129
-4025
-1314
157
-4395
-1160
187
-3673
-1625
8
-3437
-2145
34
-3132
-2874
-189
-3702
-2088
-259
-4693
-1273
-19
-3895
-1930
-104
-3343
-2222
-429
-4001
-1946
-486
-4180
-2008
-362
-3906
-2233
-252
-3723
-2269
-271
-3562
-1970
-365
-3717
-2063
-336
-3762
-2205
-290
-3710
-2096
-271
-3664
-2065
-273
-3688
-2137
-299
-3732
-2113
-300
-3725
-2099
-265
-3664
-2114
-288
-3706
-2125
-289
-3727
-2090
-281
-3705
-2120
-263
-3705
-2139
-291
-3701
-2117
-287
-3694
-2123
-262
-3704
-2117
-271
-3701
-2318
-330
-3614
-2085
-314
-3814
-1732
-274
-3911
-1990
-327
-3731
-1280
-145
-4033
-1566
-289
-4165
-1135
-114
-4227
-850
58
-3783
-1021
25
-3616
-1719
-429
-4532
-1359
-192
-4301
-1120
-14
-3644
-1257
-103
-3867
-1429
-189
-4221
-1346
-179
-4111
-1324
-126
-3932
-1328
-146
-4046
-1308
-144
-4052
-1293
-147
-4037
-1354
-154
-4041
-1333
-136
-4024
-1360
-158
-4047
-1355
-162
-4032
-1303
-141
-4021
-1325
-139
-4038
-1356
-161
-4048
-1319
-142
-4015
-1339
-136
-4028
-1328
-161
-4056
-1324
-147
-4028
-1363
-129
-4031
-1349
-162
-4044
-1327
-148
-4018
-1323
-135
-4032
-1360
-176
-4048
-1328
-138
-4018
-1298
-135
-4043
-1336
-164
-4037
-1342
-150
-4029
-1350
-128
-4036
-1346
-158
-4035
-1330
-159
-4026
-1321
-136
-4042
-1337
-139
-4031
-1349
-158
-4035
-1324
-159
-4033
-1302
-143
-4042
-1340
-143
-4042
-1332
-158
-4033
-1337
-146
-4027
-1329
-147
-4048
-1310
-156
-4034
-1306
-134
-4027
-1336
-145
-4054
-1328
-146
-4029
-1328
-151
-4036
-1333
-162
-4043
-1307
-137
-4028
-1309
-136
-4039
-1334
-155
-4037
-1332
-169
-4047
-1307
-138
-4037
-1321
-143
-4029
-1332
-164
-4048
-1354
-162
-4037
-1305
-149
-4038
-1304
-154
-4044
-1288
-149
-4041
-1284
-132
-4045
-1328
-159
-4042
-1362
-165
-4034
-1342
-136
-4029
-1300
-143
-4042
-1305
-169
-4042
-1301
-133
-4047
-1315
-141
-4040
-1313
-148
-4030
-1336
-169
-4048
-1328
-149
-4033
-1288
-141
-4034
-1310
-147
-4040
-1319
-165
-4040
-1365
-159
-4036
-1299
-145
-4035
-1300
-145
-4041
-1314
-162
-4029
-1339
-138
-4041
-1358
-155
-4042
-1315
-159
-4032
-1286
-147
-4039
-1320
-149
-4043
-1325
-146
-4034
-1336
-156
-4035
-1362
-159
-4037
-1317
-139
-4039
-1314
-152
-4036
-1308
-146
-4044
-1337
-160
-4033
-1335
-149
-4030
-1327
-153
-4039
-1321
-137
-4035
-1354
-162
-4033
-1327
-144
-4030
-1310
-144
-4042
-1336
-157
-4036
-1296
-154
-4042
-1292
-124
-4033
-1354
-151
-4045
-1360
-188
-4037
-1320
-118
-4031
-1295
-130
-4040
-1316
-162
-4040
-1346
-155
-4035
-1321
-129
-4023
-1312
-146
-4042
-1316
-176
-4046
-1322
-126
-4032
-1331
-147
-4042
-1285
-147
-4036
-1316
-150
-4038
-1358
-153
-4048
-1314
-133
-4023
-1270
-142
-4050
-1311
-151
-4039
-1335
-146
-4034
-1327
-131
-4042
-1309
-146
-4030
-1318
-159
-4044
-1330
-137
-4033
-1333
-135
-4034
-1318
-159
-4052
-1320
-159
-4041
-1276
-138
-4039
-1295
-133
-4035
-1340
-151
-4040
-1336
-158
-4036
-1370
-144
-4032
-1339
-153
-4039
-1249
-144
-4025
-1280
-132
-4060
-1338
-142
-4033
-1316
-163
-4041
-1335
-133
-4022
-1306
-139
-4049
-1309
-131
-4041
-1318
-130
-4031
-1347
-152
-4046
-1344
-157
-4030
-1342
-144
-4036
-1326
-140
-4036
-1330
-144
-4033
-1333
-154
-4040
-1348
-130
-4032
-1329
-140
-4036
-1355
-158
-4039
-1318
-140
-4033
-1321
-127
-4032
-1336
-150
-4035
-1339
-154
-4038
-1326
-142
-4039
-1303
-129
-4034
-1334
-148
-4035
-1325
-146
-4032
-1334
-144
-4046
-1331
-142
-4021
-1325
-141
-4044
-1311
-128
-4030
-1317
-140
-4037
-1346
-144
-4037
-1338
-140
-4037
-1286
-146
-4038
-1321
-137
-4034
-1317
-145
-4040
-1363
-127
-4032
-1331
-152
-4042
-1315
-144
-4034
-1315
-137
-4044
-1326
-133
-4039
-1305
-139
-4037
-1315
-153
-4050
-1324
-138
-4037
-1319
-117
-4030
-1339
-159
-4045
-1306
-156
-4041
-1297
-130
-4038
-1313
-136
-4053
-1319
-154
-4039
-1316
-151
-4052
-1309
-133
-4037
-1309
-139
-4044
-1303
-139
-4037
-1293
-138
-4049
-1325
-140
-4046
-1299
-128
-4030
-1289
-145
-4048
-1310
-140
-4043
-1310
-136
-4038
-1310
-136
-4041
-1308
-146
-4045
-1300
-139
-4044
-1291
-126
-4040
-1301
-135
-4043
-1309
-149
-4039
-1313
-146
-4057
-1297
-121
-4041
-1295
-143
-4046
-1302
-149
-4052
-1308
-119
-4027
-1317
-145
-4044
-1287
-144
-4054
-1288
-134
-4047
-1321
-133
-4039
-1325
-144
-4045
-1267
-142
-4047
-1292
-136
-4043
-1295
-118
-4029
-1319
-148
-4053
-1344
-152
-4061
-1299
-124
-4018
-1248
-124
-4049
-1284
-140
-4054
-1309
-142
-4048
-1316
-137
-4046
-1330
-118
-4029
-1353
-148
-4038
-1265
-148
-4046
-1283
-123
-4043
-1310
-122
-4042
-1344
-141
-4045
-1291
-139
-4036
-1287
-130
-4040
-1327
-129
-4048
-1306
-132
-4038
-1311
-144
-4048
-1300
-140
-4047
-1313
-122
-4032
-1322
-127
-4048
-1346
-153
-4053
-1288
-131
-4032
-1272
-116
-4054
-1293
-126
-4046
-1298
-144
-4036
-1334
-136
-4041
-1321
-121
-4040
-1254
-140
-4047
-1293
-138
-4056
-1306
-113
-4039
-1319
-122
-4042
-1287
-142
-4045
-1305
-138
-4047
-1291
-108
-4037
-1308
-131
-4045
-1290
-146
-4051
-1312
-133
-4050
-1312
-117
-4042
-1280
-124
-4039
-1294
-144
-4054
-1296
-136
-4050
-1300
-102
-4040
-1306
-133
-4055
-1286
-147
-4041
-1279
-112
-4036
-1302
-123
-4050
-1282
-142
-4046
-1311
-139
-4048
-1296
-124
-4047
-1244
-126
-4049
-1271
-133
-4060
-1295
-127
-4026
-1284
-119
-4052
-1300
-151
-4071
-1287
-126
-4029
-1286
-115
-4047
-1292
-128
-4052
-1308
-132
-4033
-1305
-130
-4041
-1277
-122
-4053
-1313
-144
-4053
-1296
-140
-4043
-1267
-124
-4044
-1251
-118
-4061
-1279
-142
-4055
-1298
-137
-4047
-1296
-122
-4054
-1300
-135
-4048
-1284
-133
-4043
-1275
-116
-4058
-1290
-117
-4038
-1294
-132
-4044
-1285
-129
-4049
-1295
-123
-4037
-1307
-126
-4060
-1288
-123
-4042
-1278
-133
-4056
-1286
-132
-4051
-1280
-122
-4047
-1288
-121
-4051
-1297
-136
-4045
-1297
-129
-4051
-1292
-121
-4051
-1287
-128
-4045
-1293
-133
-4053
-1286
-120
-4041
-1291
-125
-4047
-1309
-137
-4056
-1287
-130
-4049
-1271
-120
-4049
-1288
-127
-4053
-1290
-126
-4043
-1293
-129
-4044
-1304
-135
-4054
-1296
-126
-4037
-1269
-127
-4051
-1284
-128
-4058
-1297
-125
-4055
-1300
-121
-4037
-1297
-136
-4048
-1270
-124
-4049
-1287
-120
-4050
-1269
-127
-4044
-1279
-136
-4050
-1285
-120
-4044
-1297
-111
-4043
-1308
-136
-4055
-1263
-129
-4042
-1261
-107
-4045
-1294
-130
-4059
-1288
-131
-4048
-1282
-128
-4055
-1274
-131
-4053
-1264
-113
-4049
-1255
-117
-4057
-1308
-134
-4049
-1300
-141
-4055
-1295
-126
-4044
-1259
-110
-4061
-1270
-120
-4048
-1283
-134
-4053
-1289
-132
-4052
-1252
-111
-4052
-1272
-131
-4058
-1286
-140
-4052
-1272
-113
-4049
-1280
-121
-4051
-1273
-133
-4050
-1278
-123
-4048
-1269
-107
-4046
-1295
-139
-4059
-1285
-140
-4048
-1248
-103
-4045
-1261
-118
-4065
-1289
-145
-4051
-1271
-118
-4048
-1297
-122
-4050
-1280
-117
-4056
-1264
-125
-4051
-1264
-127
-4056
-1293
-125
-4046
-1279
-105
-4046
-1295
-139
-4051
-1309
-139
-4040
-1279
-108
-4045
-1207
-115
-4062
-1229
-128
-4049
-1269
-129
-4061
-1291
-134
-4090
-1287
-135
-4048
-1249
-126
-4038
-1265
-135
-4068
-1270
-127
-4047
-1287
-139
-4054
-1347
-158
-4012
-1416
-228
-4068
-1445
-327
-4245
-1905
-315
-4274
-1499
4
-4207
-1014
135
-4179
-1113
-19
-4020
-1417
227
-3604
-1242
280
-3778
-850
92
-4153
-1009
29
-4136
-1284
37
-3990
-1300
-12
-4128
-1219
249
-4148
-984
187
-4205
-939
211
-4182
-1331
191
-4137
-977
393
-3977
-811
340
-3952
-519
328
-4129
-983
507
-3880
-812
447
-3769
-431
242
-4141
-679
104
-4678
-763
133
-4295
-343
243
-3894
-344
447
-3675
-1003
552
-3820
-1691
418
-3907
-2061
14
-3958
-2120
-419
-4258
-2231
-281
-4300
-1692
-220
-4183
-1388
-241
-4109
-2247
-272
-3280
-2837
-166
-2904
-2748
-524
-3519
-3548
-195
-2821
-3888
-385
-2644
-3948
-119
-2127
-3480
-235
-2397
-3546
-342
-2522
-3759
-290
-2129
-3562
-95
-1517
-3971
105
-1352
-3989
56
-1013
-4144
294
-777
-4469
425
194
-4151
422
586
-4248
310
-516
-4645
598
-111
-4177
409
76
-4512
-39
-147
-4465
-223
-609
-3899
-324
-1167
-3693
190
-489
-3973
249
-403
-3587
222
-635
-3917
433
-108
-4245
295
106
-4321
231
442
-4439
-5
529
-4485
-140
630
-4778
-465
262
-5028
-564
-194
-4423
-453
-728
-3968
-148
-158
-3745
23
727
-3686
542
1181
-4087
776
886
-4183
587
399
-4409
26
453
-4379
-189
375
-4187
-135
429
-4237
-29
621
-4321
4
683
-4314
-195
523
-4353
-439
264
-4598
-549
-36
-5010
-504
-378
-4746
-444
-402
-4338
-239
-311
-3798
272
46
-3490
731
473
-3883
773
-29
-3890
536
-666
-4035
165
-890
-4088
7
-841
-4429
81
-634
-4347
192
-501
-4349
209
-511
-4193
171
-601
-4120
121
-667
-4159
181
-602
-4231
188
-537
-4258
131
-588
-4270
108
-587
-4222
132
-551
-4188
171
-556
-4165
165
-559
-4184
166
-525
-4145
169
-507
-4160
161
-514
-4187
123
-460
-4256
76
-348
-4324
46
-278
-4339
32
-248
-4320
14
-232
-4428
23
-96
-4540
58
-30
-4262
136
-555
-3538
123
-1359
-3884
66
-1470
-4203
137
-1187
-4028
22
-1487
-3800
6
-1934
-3963
-104
-2191
-3833
-13
-2168
-3404
150
-2524
-3010
168
-2943
-2980
92
-2541
-3193
-38
-2704
-3317
2
-3166
-3044
-53
-3215
-3179
-115
-3159
-2993
-82
-3133
-3006
-3
-3123
-3062
64
-2946
-3335
89
-2559
-3566
98
-2330
-3695
95
-2332
-3592
68
-2575
-3542
14
-2279
-3569
88
-1916
-3802
70
-1856
-3835
71
-1484
-4337
-23
-1358
-3991
124
-1539
-4025
167
-1270
-4151
136
-1147
-3914
294
-676
-4030
239
-719
-4117
204
-933
-4178
24
-875
-4456
-29
-723
-4363
7
-624
-4235
-10
-426
-4371
125
-485
-4233
98
-643
-4251
11
-593
-4267
7
-560
-4200
65
-558
-4229
57
-577
-4220
92
-533
-4160
143
-485
-4240
153
-392
-4240
161
-305
-4324
195
-303
-4256
148
-461
-4122
177
-571
-4207
166
-565
-4090
190
-533
-4137
219
-493
-4197
200
-433
-4334
158
-454
-4362
123
-483
-4207
123
-516
-4159
191
-525
-4152
194
-577
-4191
188
-545
-4231
152
-494
-4287
158
-529
-4243
143
-637
-4213
139
-646
-4160
181
-645
-4187
179
-642
-4198
162
-656
-4195
164
-672
-4234
140
-676
-4219
178
-609
-4159
192
-605
-4178
192
-647
-4190
164
-696
-4210
161
-690
-4228
146
-682
-4227
165
-651
-4202
169
-645
-4187
161
-678
-4218
152
-691
-4222
157
-687
-4207
160
-634
-4204
172
-640
-4194
183
-646
-4163
171
-654
-4175
182
-671
-4163
190
-693
-4197
157
-703
-4224
146
-695
-4242
131
-665
-4224
129
-683
-4225
164
-633
-4198
160
-634
-4175
149
-680
-4185
156
-666
-4208
150
-654
-4208
149
-665
-4210
126
-687
-4201
153
-672
-4196
144
-667
-4241
132
-690
-4237
105
-708
-4296
80
-697
-4243
176
-591
-4116
223
-579
-4142
215
-713
-4143
211
-703
-4159
207
-718
-4203
165
-773
-4261
133
-761
-4247
183
-668
-4194
211
-707
-4165
197
-675
-4150
234
-631
-4154
251
-630
-4151
214
-656
-4213
203
-659
-4231
209
-691
-4249
175
-810
-4159
159
-957
-4229
171
-985
-4170
75
-1143
-4097
180
-1281
-3878
49
-1987
-3702
90
-2481
-3239
142
-2938
-3362
171
-2654
-2820
340
-2271
-2999
87
-2732
-3701
58
-2914
-3668
217
-2512
-3566
72
-2608
-3246
114
-2731
-3283
105
-2787
-3780
147
-2459
-3426
189
-2487
-3576
295
-2491
-3431
260
-2634
-3456
311
-2492
-3408
362
-2479
-3531
398
-2479
-3241
541
-2431
-3219
587
-2414
-3171
548
-2537
-3236
436
-2668
-3419
365
-2704
-3448
407
-2648
-3434
403
-2581
-3436
350
-2634
-3440
341
-2647
-3480
381
-2555
-3472
463
-2463
-3287
510
-2398
-3116
563
-2321
-3200
469
-2473
-3400
259
-2668
-3714
49
-2877
-3658
121
-2818
-3551
237
-2501
-3419
313
-2294
-3413
287
-2342
-3663
176
-2390
-3652
21
-2267
-4174
38
-1983
-3893
0
-1929
-3749
162
-1666
-3762
401
-1664
-3844
323
-1612
-4044
-144
-1913
-4408
83
-1624
-4296
122
-1282
-4130
301
-1172
-4010
392
-1054
-4137
465
-1080
-3901
550
-1167
-4035
572
-1191
-3696
561
-1424
-3966
657
-1272
-3875
602
-1304
-4032
588
-1394
-4075
499
-1570
-4022
499
-1658
-3758
580
-1726
-3659
609
-1715
-3687
638
-1604
-4091
529
-1427
-4147
464
-1490
-4177
519
-1328
-3973
544
-1426
-3914
536
-1535
-3927
531
-1481
-3952
580
-1454
-3957
554
-1475
-3981
520
-1483
-4016
511
-1486
-3927
577
-1482
-3917
552
-1509
-3932
554
-1466
-4001
547
-1410
-4007
580
-1291
-3822
588
-1461
-3693
582
-1479
-3720
475
-2091
-3577
319
-2565
-3880
277
-2252
-3763
216
-2370
-3538
514
-1950
-3504
485
-1382
-4165
111
-1442
-4602
-92
-1609
-3817
276
-1130
-3755
411
365
-4895
-106
1
-4733
-310
-1258
-4548
-506
-738
-4432
-459
-366
-3880
-95
-450
-3965
91
-265
-3951
527
-261
-3763
625
-738
-3776
371
-1682
-3977
637
-1750
-4290
730
-1057
-4400
518
-933
-4188
67
-1336
-4008
-252
-1473
-3784
-108
-1569
-4213
-197
-1479
-4195
39
-1576
-4151
-170
-1558
-4320
-270
-1284
-4223
-201
-1439
-3918
-147
-1723
-3995
-95
-1700
-3850
-46
-1842
-3598
-5
-1990
-3656
30
-2054
-3582
32
-2237
-3622
-52
-2532
-3370
-42
-2688
-3156
-11
-2750
-3178
-18
-2713
-3364
53
-2723
-3174
150
-2786
-3132
107
-2846
-3246
67
-2880
-2668
69
-3581
-2990
144
-3714
-3014
353
-3539
-1732
395
-3632
-1240
559
-3460
-1009
296
-3796
-141
113
-4515
-354
296
-4675
-1278
429
-3956
-794
709
-3478
-1054
604
-3733
-1178
85
-4332
-1281
-279
-4623
-2565
-538
-4166
-2772
3
-2894
-2913
508
-2016
-3626
221
-2187
-3731
298
-2124
-4009
162
-1939
-4099
-193
-1754
-4115
57
-1295
-3962
123
-1118
-4073
150
-1229
-4086
95
-1064
-4150
120
-774
-4311
140
-685
-4231
220
-427
-4172
232
-454
-4178
171
-618
-4138
57
-805
-4252
-2
-784
-4269
155
-431
-4257
103
-526
-4206
121
-593
-4188
65
-639
-4265
33
-725
-4252
-12
-760
-4248
61
-602
-4267
43
-657
-4278
76
-538
-4124
191
-429
-4027
38
-843
-4279
-24
-758
-4353
16
-434
-4319
112
-452
-4213
68
-718
-4273
3
-927
-4251
38
-918
-4168
105
-930
-4088
175
-991
-4041
179
-1060
-3984
224
-1217
-4050
244
-1210
-4073
195
-1251
-4095
174
-1392
-4074
202
-1464
-3994
164
-1665
-3954
134
-1712
-3895
346
-1320
-3844
289
-1529
-3924
278
-1592
-3974
206
-1516
-4052
205
-1529
-4118
146
-1535
-4036
230
-1494
-3869
276
-1526
-3975
199
-1668
-3746
161
-1753
-3954
75
-1878
-3969
59
-1961
-3946
100
-1879
-3930
150
-1776
-3807
149
-1694
-3965
157
-1740
-3893
82
-1796
-4015
53
-1633
-3932
123
-1590
-3871
181
-1715
-3971
166
-1635
-3886
334
-1296
-3618
238
-1385
-4202
62
-1571
-4238
175
-1335
-3735
208
-1835
-3287
254
-2233
-3459
142
-2595
-3602
-22
-3391
-3199
-60
-3897
-2656
503
-3719
-1722
848
-3091
-1588
493
-3465
-1132
294
-4184
-455
346
-4274
-911
99
-3744
-1312
411
-4107
-917
734
-4112
-630
692
-4054
-895
584
-4148
-535
568
-4217
-630
636
-3546
-926
682
-3805
-672
404
-4234
-621
173
-4518
-584
341
-4466
-1193
662
-3652
-1403
379
-3378
-2091
-36
-3645
-2024
-111
-4341
-2445
-150
-4698
-2722
16
-3662
-1976
-161
-3574
-3501
-166
-2846
-2968
-82
-3069
-3486
-279
-3136
-3565
-186
-2443
-3491
-9
-1552
-4041
67
-1079
-4057
213
-1078
-4135
51
-1337
-4233
-16
-1134
-3612
378
-797
-3637
717
-505
-3811
535
-818
-4131
307
-809
-4311
221
-680
-4515
86
-688
-4516
-162
-845
-4241
-151
-898
-4168
-49
-946
-4173
55
-733
-4217
247
-524
-4242
218
-599
-4284
140
-574
-4345
5
-535
-4260
-52
-546
-4085
41
-565
-4147
0
-649
-4116
3
-632
-4284
-68
-598
-4244
-56
-575
-4351
-105
-628
-4496
-145
-563
-4506
-188
-426
-4197
-67
-219
-3927
-64
-336
-3892
22
-397
-3899
80
-406
-4177
126
-368
-4447
72
-344
-4491
7
-407
-4439
12
-294
-4286
-21
-315
-4253
-129
-311
-4342
-130
-382
-4429
-152
-446
-4407
-97
-400
-4251
-59
-565
-4092
-13
-864
-3919
2
-937
-4139
6
-1057
-3897
35
-1270
-3917
90
-974
-4082
131
-667
-4077
174
-508
-4214
153
-284
-4353
107
-251
-4275
-97
-440
-4264
-112
-436
-4413
-131
-262
-4359
-121
-260
-4290
-88
-269
-4275
-114
-260
-4201
-59
-210
-4254
-109
-256
-4269
-147
-276
-4295
-46
-145
-4255
-72
-189
-4260
-124
-260
-4198
-63
-240
-4234
-62
-221
-4312
-50
-154
-4431
-55
-127
-4381
-92
-268
-4711
-8
-244
-4088
-95
-1163
-4014
-91
-1337
-3899
324
-951
-3169
226
-1812
-3428
-163
-2391
-3484
255
-2709
-3796
-207
-3319
-3416
167
-3269
-1303
217
-3981
-1067
429
-3552
-1283
482
-3830
-1839
562
-4595
-1745
470
-3837
-1513
637
-3445
-1688
727
-3467
-1660
695
-3538
-1297
638
-3868
-1062
412
-4197
-697
436
-4217
-520
390
-4329
-531
355
-4469
-361
598
-4203
-868
735
-3803
-1769
819
-3564
-2537
299
-4004
-1366
380
-4702
-1499
614
-3515
-1547
471
-3384
-2178
401
-3768
-2871
112
-3695
-2806
75
-2935
-3663
364
-1977
-3837
245
-1861
-3828
257
-1795
-3417
288
-1772
-3940
224
-1144
-4405
-86
-1118
-4912
172
-258
-4710
243
-86
-4216
176
-422
-4391
286
-702
-4107
197
-889
-3889
355
-1062
-3753
446
-1587
-3775
438
-1707
-3761
501
-1488
-4059
519
-1126
-4209
400
-1260
-4044
283
-1544
-3914
282
-1647
-3905
365
-1615
-3862
323
-1651
-3850
297
-1688
-4018
290
-1394
-4095
290
-1106
-4176
341
-1025
-4245
286
-1093
-4158
231
-1255
-4071
199
-1281
-4085
262
-1268
-4034
286
-1238
-4066
254
-1224
-4117
251
-1203
-4102
238
-1227
-4089
247
-1254
-4084
225
-1265
-4074
236
-1254
-4077
235
-1234
-4074
259
-1236
-4046
276
-1203
-4047
242
-1204
-4087
206
-1230
-4108
195
-1240
-4169
190
-1189
-4166
214
-1205
-4039
219
-1243
-4009
209
-1246
-4093
224
-1197
-4192
208
-1114
-4168
229
-1145
-4154
227
-1239
-4165
241
-1294
-4000
250
-1320
-3808
148
-1609
-4328
52
-1698
-3923
120
-1463
-4016
337
-1084
-4440
668
-634
-4049
756
-623
-2732
270
-2389
-3179
230
-3401
-3046
769
-3640
-2627
573
-3155
-1028
232
-3616
-1117
289
-4019
-1543
305
-4289
-1399
447
-4112
-1599
508
-3708
-1202
362
-3675
-482
245
-4188
-469
201
-5173
-1566
332
-4301
-1076
766
-3437
-1424
593
-3536
-1749
51
-4251
-868
251
-4304
-1643
242
-3417
-1305
229
-4352
-1324
279
-4192
-1452
543
-3200
-440
391
-4284
-915
-49
-4592
-1174
125
-4406
-939
288
-4101
-1033
249
-4044
-894
195
-4125
-885
220
-4111
-926
246
-4064
-956
235
-4060
-933
173
-4181
-959
171
-4203
-962
236
-4096
-906
247
-4090
-912
202
-4121
-919
173
-4141
-972
192
-4090
-978
192
-4090
-877
188
-4087
-628
208
-3902
-734
-92
-4531
-1700
-256
-5079
-2707
-301
-4307
-2961
-172
-2734
-3440
-141
-2541
-3586
84
-2227
-3462
235
-1695
-3855
332
-1477
-4027
511
-1312
-4028
584
-1240
-3784
828
-1311
-3284
763
-1964
-3064
842
-2590
-2665
722
-2872
-2368
715
-2981
-2687
521
-2997
-2370
312
-3503
-1962
309
-3716
-2962
157
-3945
-1914
94
-4479
-1299
124
-4260
-1514
355
-3642
-1428
397
-3669
-1521
214
-3961
-1492
39
-4464
-997
370
-4412
-1402
740
-3832
-984
587
-3876
151
69
-4332
290
76
-4505
-208
511
-4014
-1025
674
-3893
-300
502
-4326
-98
360
-4161
-375
431
-4048
-461
464
-4231
-498
476
-4069
-534
430
-4140
-465
415
-4265
-463
426
-4224
-485
450
-4075
-462
429
-4187
-464
419
-4174
-434
448
-4107
-506
419
-4185
-432
437
-4170
-455
427
-4156
-528
414
-4158
-409
420
-4126
-363
420
-4117
-373
424
-3978
-816
328
-4262
-910
309
-4410
-702
319
-4193
-1028
197
-3909
-1889
307
-3441
-2226
172
-4088
-1961
258
-3840
-2181
132
-3562
-1942
151
-3757
-2045
138
-3830
-2187
107
-3665
-2029
110
-3747
-1993
58
-3898
-2440
104
-3579
-2498
87
-3473
-2188
139
-3764
-2128
117
-3783
-2152
128
-3756
-2122
200
-3619
-2270
242
-3448
-2152
225
-3557
-2137
182
-3666
-2153
179
-3723
-2295
125
-3734
-2109
163
-3683
-2012
236
-3545
-2121
181
-3630
-2139
96
-3821
-2074
67
-3825
-1966
158
-3772
-2020
203
-3748
-2019
195
-3739
-2023
147
-3752
-2019
122
-3772
-2083
159
-3789
-2131
153
-3756
-1994
152
-3724
-1936
169
-3788
-2064
142
-3782
-2031
127
-3777
-2021
157
-3757
-2017
150
-3750
-2010
145
-3755
-1996
160
-3774
-1990
143
-3783
-1988
144
-3765
-1928
170
-3697
-1868
175
-3791
-1846
139
-3886
-1566
53
-3981
-2113
197
-3777
-1934
131
-3958
-2927
-184
-3550
-3571
-301
-2911
-3302
-158
-2193
-3832
-16
-1751
-4142
17
-1720
-4071
-15
-1737
-3937
77
-1740
-3664
25
-2111
-3821
140
-1822
-3966
93
-1507
-4352
75
-1323
-4254
472
-1315
-3851
376
-1387
-3780
516
-1573
-3709
493
-1696
-3248
423
-2263
-3228
457
-2681
-2725
549
-3800
-1948
667
-4071
-1261
992
-3442
-1633
549
-2964
-2123
827
-3909
-1984
828
-3785
-1744
607
-3615
-1914
455
-3616
-1627
501
-3907
-1286
431
-4203
-1099
440
-4209
-842
348
-4402
-733
329
-4404
-1253
384
-4177
-1474
441
-3792
-1449
536
-3890
-1126
449
-4124
-1083
413
-4050
-1275
443
-4039
-1292
474
-4000
-1236
502
-3976
-1216
498
-3958
-1395
447
-4008
-1438
430
-4012
-1317
426
-4025
-1253
453
-4019
-1331
464
-3971
-1309
472
-3972
-1338
440
-4000
-1394
409
-4058
-1322
456
-4007
-1364
449
-3966
-1411
434
-4006
-1337
419
-4052
-1307
446
-4013
-1476
420
-4183
-1739
291
-4535
-1653
531
-3747
-1597
496
-3240
-2230
414
-3525
-2899
457
-3509
-3050
79
-3215
-3626
30
-2843
-3448
407
-2223
-3546
653
-1789
-3265
614
-1343
-3848
627
-1103
-4335
644
-1952
-4845
669
-1479
-261
152
-2186
-378
326
-3991
-1906
180
-5255
-2536
127
-4189
-1793
307
-3536
-1188
507
-3837
-1606
653
-3946
-2057
492
-3887
-1766
447
-3913
-1623
484
-3771
-1809
502
-3818
-1760
514
-3921
-1666
489
-3891
-1581
506
-3856
-1693
511
-3805
-1622
520
-3867
-1635
500
-3955
-1638
450
-3977
-1681
475
-3864
-1650
508
-3847
-1621
492
-3896
-1677
452
-3903
-1678
486
-3888
-1677
472
-3907
-1617
489
-3866
-1673
479
-3844
-1688
477
-3900
-1708
479
-3854
-1704
478
-3848
-1678
480
-3925
-1680
464
-3871
-1706
472
-3854
-1682
465
-3917
-1688
465
-3853
-1698
472
-3855
-1684
470
-3884
-1698
458
-3867
-1717
473
-3862
-1716
467
-3872
-1721
465
-3861
-1718
453
-3869
-1704
461
-3845
-1965
475
-3710
-2002
407
-4044
-2359
606
-3730
-3160
894
-2537
-588
517
-4083
-670
148
-4507
-968
229
-4181
-1690
522
-3574
-1732
534
-3655
-450
246
-4304
-641
47
-4340
-404
-157
-4457
-907
180
-4235
-512
208
-3893
5
-49
-5141
-726
220
-6424
-327
243
-3775
-122
501
-4051
-1153
396
-3811
-490
495
-3931
-1422
387
-3764
-1155
493
-3675
-1043
267
-3948
-920
4
-4282
-700
253
-4182
-827
-275
-4603
-518
-175
-4707
-1011
-202
-4301
-759
-69
-4140
-1146
-33
-4068
-1154
1
-4021
-1072
-74
-4114
-1252
-74
-3971
-1248
-34
-3994
-1132
12
-4034
-872
-41
-4095
-998
-169
-4213
-1021
77
-4090
-879
11
-4148
-833
53
-4108
-802
78
-4049
-573
3
-4189
-502
-184
-4299
-601
-247
-4347
-707
-146
-4152
-697
15
-4069
-1115
57
-4060
-932
-56
-4192
-722
-214
-4225
-1092
-79
-4142
-1062
41
-4149
-1061
-35
-4049
-1444
18
-4054
-1032
20
-3991
-1652
-9
-3811
-1666
-86
-3898
-1999
-121
-3982
-1337
-172
-4108
-1935
-244
-4688
-2183
-132
-3988
-2656
38
-2985
-2958
-33
-2860
-3116
-47
-2601
-3266
-55
-2317
-3364
111
-2344
-3690
170
-2116
-3732
-84
-2238
-3817
-64
-1921
-4060
-24
-1739
-4013
118
-1540
-3905
192
-1473
-3918
67
-1590
-4046
21
-1369
-4078
39
-1436
-3990
7
-1654
-4106
0
-1529
-4055
75
-1450
-4039
81
-1386
-3995
132
-1300
-4036
118
-1342
-4011
69
-1476
-4000
149
-1293
-4015
116
-1280
-4141
137
-1160
-4112
111
-1042
-4126
108
-1196
-4078
139
-1166
-4138
97
-1070
-4180
59
-1105
-4104
95
-1105
-4232
29
-1129
-4092
102
-1062
-4121
16
-1083
-4205
106
-948
-4097
121
-996
-4194
128
-889
-4146
176
-859
-4018
226
-883
-4141
103
-1067
-4203
-2
-1359
-4158
31
-1275
-4049
120
-1136
-4075
102
-1232
-4106
80
-1158
-4135
102
-1180
-4081
106
-1187
-4105
81
-1144
-4139
88
-1096
-4082
121
-1140
-4132
71
-1121
-4114
101
-1117
-4090
102
-1121
-4147
2
-1152
-4226
38
-1137
-4219
115
-811
-4115
105
-1173
-3892
288
-1862
-2979
322
-2305
-2647
0
-2772
-2063
39
-3174
-1571
60
-3829
-1870
145
-4262
-1407
-5
-4468
-799
-149
-4273
-223
-402
-4194
145
-546
-4561
-277
-604
-4610
-268
-124
-4165
-545
-137
-4141
-692
-131
-4160
-578
-263
-4249
-615
-226
-4114
-498
-170
-4147
-562
-207
-4113
-594
-209
-4178
-544
-190
-4238
-972
-305
-4195
-858
-264
-4211
-894
-232
-4178
-883
-196
-4105
-1056
-198
-4123
-1161
-125
-4104
-1074
-11
-4071
-848
-2
-3992
-1087
-276
-4105
-1298
-50
-3897
-952
-118
-4110
-1036
-152
-4126
-889
37
-4150
-1132
-228
-4197
-1372
-148
-3771
-872
-14
-4231
-793
-90
-4266
-872
-142
-4132
-945
-95
-4080
-878
-61
-4152
-988
-130
-4249
-889
-127
-4140
-849
-114
-4101
-907
-130
-4223
-1058
-113
-4198
-1021
-36
-3934
-1029
-54
-4051
-1057
-152
-4316
-1141
-126
-4074
-1156
-120
-4019
-1249
-106
-4064
-997
-80
-4112
-1162
-194
-4137
-1120
-26
-4219
-1357
140
-3719
-1201
94
-3818
-1476
-111
-3920
-1354
22
-4091
-916
-125
-4111
-1206
-236
-4420
-1247
20
-4083
-931
-30
-3917
-970
34
-4031
-534
30
-4276
-507
-88
-4361
-543
-141
-4399
-1205
-88
-4008
-804
-1
-4184
-738
-65
-4217
-1018
-68
-3972
-1052
3
-4128
-1094
38
-4080
-1023
-36
-4095
-1085
-40
-4120
-1011
-6
-4075
-1077
26
-4047
-1054
15
-4111
-1042
-4
-4132
-951
-9
-4121
-983
-4
-4114
-1136
-75
-4072
-810
87
-3876
-691
11
-4172
-790
64
-4283
-340
62
-4343
-398
-38
-4105
-158
24
-4135
-314
78
-4156
-321
-26
-4577
-411
213
-4243
-423
256
-3925
-406
57
-3839
-405
-125
-4231
