-1316
-2762
-2920
-1249
-2871
-2909
-1176
-2972
-2948
-1346
-3171
-2721
-1347
-3108
-2656
-1319
-3021
-2795
-1240
-2689
-2795
-1346
-2841
-2863
-1265
-2866
-2815
-1273
-2916
-2867
-1307
-3001
-2814
-1308
-2980
-2772
-1335
-2925
-2739
-1291
-2807
-2849
-1292
-2734
-2967
-1244
-2742
-2950
-1279
-2882
-2886
-1307
-2947
-2834
-1326
-2864
-2782
-1303
-2850
-2871
-1246
-2829
-2915
-1249
-2854
-2902
-1293
-2893
-2851
-1276
-2878
-2865
-1259
-2806
-2889
-1242
-2826
-2902
-1229
-2883
-2878
-1255
-2867
-2908
-1248
-2877
-2901
-1253
-2856
-2866
-1268
-2857
-2870
-1240
-2804
-2905
-1241
-2844
-2901
-1246
-2856
-2866
-1268
-2813
-2895
-1214
-2864
-2898
-1186
-2850
-2922
-1223
-2892
-2874
-1222
-2942
-2857
-1215
-2869
-2861
-1212
-2894
-2869
-1268
-2871
-2857
-1232
-2949
-2811
-1189
-2848
-2945
-1044
-2618
-3181
-1318
-2955
-2800
-1316
-3103
-2826
-1181
-2713
-2952
-1120
-2614
-3104
-1220
-2643
-2926
-1332
-2780
-2865
-1141
-2827
-3070
-1066
-2924
-3154
-1166
-2850
-2925
-1500
-2992
-2642
-1476
-2803
-2602
-1338
-2759
-2801
-1249
-2831
-2909
-1277
-2887
-2807
-1292
-3144
-2797
-1182
-3097
-2798
-1147
-2922
-2877
-1223
-2897
-2837
-1280
-2892
-2762
-1320
-2844
-2785
-1258
-2858
-2851
-1196
-2944
-2867
-1216
-2982
-2851
-1241
-2957
-2835
-1353
-2941
-2760
-1297
-2975
-2799
-1228
-2917
-2846
-1244
-2871
-2828
-1330
-2800
-2874
-1324
-2765
-2874
-1274
-2837
-2920
-1227
-2839
-3002
-1245
-2760
-3066
-1276
-2611
-2947
-1257
-2658
-2909
-1181
-2702
-2958
-1148
-2781
-3031
-1255
-2823
-3051
-1303
-2811
-2918
-1215
-2866
-2855
-1034
-2931
-2969
-1066
-2802
-2924
-1205
-2854
-2932
-1104
-2916
-2994
-933
-2838
-3043
-1064
-2593
-2962
-1208
-2653
-2938
-924
-2895
-3075
-827
-3107
-2974
-1001
-3274
-2825
-1194
-3140
-2873
-1028
-2744
-2915
-1019
-2634
-2971
-1032
-2684
-3029
-1235
-2855
-2739
-1154
-2970
-2871
-921
-3058
-2872
-1010
-3058
-2939
-1090
-2932
-2905
-1090
-3042
-2837
-1081
-2924
-2799
-1184
-2907
-2717
-1159
-2916
-2634
-1087
-3034
-2943
-855
-2919
-3155
-1044
-2849
-2881
-1176
-3023
-2783
-1041
-2943
-2894
-909
-2876
-2931
-929
-2695
-2932
-916
-2817
-3042
-988
-2929
-2879
-1078
-3302
-2724
-1001
-3218
-2792
-976
-2935
-2846
-976
-2811
-2944
-960
-2895
-2894
-946
-2983
-2853
-978
-3002
-2844
-969
-3002
-2882
-924
-2962
-2960
-896
-2954
-3000
-876
-2942
-2934
-920
-2936
-2890
-995
-2864
-2932
-958
-2832
-2992
-923
-2861
-2976
-959
-2850
-2968
-969
-2830
-3006
-946
-2808
-3010
-953
-2861
-2974
-953
-2874
-2973
-939
-2881
-2982
-950
-2905
-2970
-932
-2897
-2985
-953
-2860
-2981
-937
-2826
-3023
-930
-2823
-3002
-973
-2858
-2956
-978
-2864
-2978
-953
-2859
-2980
-953
-2874
-2947
-933
-2912
-2959
-928
-2919
-2967
-947
-2906
-2980
-911
-2876
-2960
-975
-2865
-2951
-947
-2886
-2948
-948
-2888
-2954
-914
-2914
-2996
-920
-2918
-2981
-926
-2817
-3009
-942
-2875
-2968
-965
-2896
-2905
-971
-2925
-2956
-915
-2887
-3001
-891
-2785
-3044
-913
-2847
-3048
-932
-2891
-2945
-949
-2881
-2986
-916
-2819
-3020
-939
-2868
-2981
-975
-2886
-2933
-973
-2861
-2937
-960
-2862
-2941
-961
-2902
-2965
-926
-2862
-2984
-919
-2892
-2987
-904
-2914
-3000
-909
-2878
-2964
-935
-2864
-2941
-922
-2923
-2960
-881
-2931
-2964
-892
-2851
-2994
-918
-2934
-3004
-902
-2940
-2964
-975
-2892
-2948
-991
-2871
-2954
-967
-2807
-2958
-965
-2906
-2976
-951
-2843
-2990
-975
-2849
-2993
-969
-2843
-2952
-989
-2869
-2995
-973
-2863
-2986
-930
-2816
-2972
-939
-2841
-3038
-944
-2874
-2936
-1049
-3092
-2836
-1028
-3040
-2803
-1009
-2879
-2898
-937
-2866
-2985
-969
-2873
-2933
-1014
-2929
-2895
-962
-2958
-2909
-989
-2931
-2901
-970
-2935
-2931
-971
-2917
-2916
-980
-2923
-2909
-963
-2939
-2912
-975
-2935
-2918
-974
-2924
-2934
-973
-2885
-2944
-978
-2888
-2924
-970
-2902
-2926
-984
-2910
-2936
-965
-2935
-2951
-954
-2911
-2929
-1003
-2889
-2924
-1000
-2876
-2923
-989
-2917
-2909
-963
-2910
-2946
-963
-2905
-2950
-991
-2931
-2935
-969
-2912
-2925
-979
-2886
-2929
-982
-2903
-2921
-983
-2927
-2923
-982
-2923
-2925
-961
-2915
-2925
-977
-2913
-2922
-980
-2924
-2933
-964
-2916
-2929
-982
-2919
-2920
-976
-2910
-2922
-971
-2903
-2933
-968
-2935
-2923
-964
-2940
-2921
-968
-2912
-2933
-963
-2899
-2933
-986
-2904
-2921
-973
-2891
-2921
-954
-2913
-2933
-962
-2930
-2935
-968
-2922
-2931
-957
-2924
-2918
-967
-2906
-2921
-973
-2917
-2930
-942
-2926
-2927
-951
-2911
-2933
-975
-2900
-2934
-978
-2932
-2918
-960
-2910
-2925
-954
-2921
-2922
-971
-2917
-2928
-971
-2920
-2935
-966
-2918
-2919
-967
-2897
-2930
-969
-2905
-2936
-973
-2913
-2928
-968
-2915
-2927
-968
-2913
-2939
-969
-2913
-2943
-966
-2916
-2931
-980
-2907
-2923
-996
-2895
-2938
-980
-2895
-2953
-964
-2874
-2959
-1011
-2895
-2926
-1039
-2890
-2931
-995
-2871
-2938
-958
-2929
-2918
-1006
-2940
-2928
-1045
-2936
-2942
-955
-2889
-2957
-1013
-2882
-2968
-1024
-2855
-2917
-1064
-2884
-2906
-1059
-2889
-2909
-989
-2866
-2976
-999
-2860
-3032
-941
-2717
-3116
-1002
-2752
-3008
-1052
-2828
-2950
-1026
-2810
-2998
-954
-2811
-3060
-970
-2800
-3013
-959
-2766
-3024
-996
-2867
-2997
-956
-2931
-2991
-959
-2921
-2962
-953
-2838
-2997
-963
-2867
-2964
-962
-2890
-2991
-988
-2882
-2943
-971
-2900
-2943
-943
-2884
-2972
-941
-2859
-2982
-987
-2896
-2942
-940
-2855
-2998
-970
-2902
-2931
-1002
-2920
-2917
-926
-2856
-3011
-938
-2876
-2996
-951
-2838
-2965
-1015
-2939
-2898
-951
-2883
-2979
-935
-2897
-2973
-956
-2922
-2956
-996
-2907
-2938
-992
-2904
-2941
-938
-2866
-2999
-1002
-2840
-2933
-1022
-2914
-2885
-1008
-2873
-2940
-985
-2890
-2934
-959
-2875
-2955
-941
-2919
-3000
-995
-2931
-2925
-986
-2944
-2917
-945
-2779
-3042
-926
-2772
-3059
-937
-2853
-2988
-928
-2884
-2975
-976
-2830
-3008
-925
-2827
-3036
-912
-2856
-3009
-956
-2868
-2988
-969
-2856
-3009
-942
-2879
-2993
-895
-2876
-3008
-950
-2841
-3011
-961
-2849
-3010
-915
-2827
-3012
-975
-2814
-3010
-984
-2824
-3008
-957
-2845
-3018
-942
-2827
-3016
-941
-2830
-3039
-984
-2817
-3023
-984
-2832
-2998
-938
-2825
-3001
-951
-2844
-3020
-986
-2851
-3015
-974
-2836
-2992
-946
-2849
-2999
-970
-2855
-3008
-988
-2832
-3020
-933
-2819
-3025
-964
-2830
-2990
-961
-2851
-3014
-931
-2845
-3026
-968
-2848
-2998
-959
-2853
-3018
-934
-2836
-3043
-927
-2839
-3026
-986
-2801
-3011
-972
-2827
-3006
-953
-2773
-3054
-935
-2778
-3048
-928
-2895
-2988
-986
-2876
-3019
-906
-2801
-3065
-903
-2797
-3043
-942
-2814
-3122
-1003
-2814
-2931
-984
-2810
-2998
-957
-2796
-3021
-973
-2769
-3026
-907
-2712
-3131
-776
-2786
-3164
-912
-2789
-3062
-967
-2753
-3119
-853
-2664
-3178
-849
-2731
-3113
-1003
-2893
-2969
-999
-2813
-2995
-888
-2668
-3107
-962
-2954
-3032
-1004
-2977
-2922
-950
-2840
-3012
-944
-2829
-2974
-1073
-2834
-2911
-1043
-2908
-2940
-1051
-2908
-2910
-1022
-2880
-2909
-1032
-2880
-2969
-1004
-2804
-2968
-1029
-2848
-2956
-997
-2857
-2906
-942
-2842
-3005
-989
-2980
-3024
-960
-2897
-2978
-972
-2824
-2950
-997
-2863
-2949
-999
-2852
-2995
-977
-2878
-2998
-984
-2908
-2935
-1005
-2861
-2969
-1003
-2814
-3005
-988
-2817
-2989
-983
-2857
-2963
-1001
-2855
-3005
-987
-2831
-3018
-979
-2828
-2984
-990
-2843
-2980
-1001
-2854
-2997
-989
-2823
-3002
-986
-2853
-2986
-1004
-2844
-2988
-996
-2840
-2997
-984
-2847
-2991
-1001
-2866
-2971
-1003
-2869
-2988
-985
-2812
-3017
-992
-2846
-3011
-1002
-2805
-2993
-1013
-2813
-3010
-998
-2827
-3018
-999
-2813
-2997
-998
-2836
-3012
-1006
-2829
-3010
-994
-2824
-3002
-1002
-2823
-3008
-999
-2830
-2999
-1014
-2828
-2999
-992
-2826
-3005
-1007
-2829
-2998
-996
-2845
-3003
-986
-2813
-3024
-997
-2816
-3013
-999
-2833
-2991
-1016
-2837
-3003
-1001
-2826
-3008
-991
-2832
-2997
-1003
-2870
-2999
-1011
-2785
-3006
-1018
-2841
-3008
-981
-2814
-3013
-996
-2844
-3018
-1013
-2815
-3009
-1002
-2803
-3010
-1018
-2831
-3001
-996
-2820
-3014
-1027
-2814
-3007
-1024
-2830
-2999
-1010
-2806
-3008
-1014
-2825
-3008
-1013
-2843
-3014
-1008
-2805
-3021
-1020
-2822
-3003
-1013
-2819
-2994
-1007
-2831
-3019
-1003
-2812
-3029
-1010
-2801
-3016
-1014
-2809
-3014
-1009
-2803
-3024
-1007
-2818
-3029
-1016
-2823
-3013
-1017
-2815
-3010
-1017
-2816
-3011
-1018
-2814
-3015
-1020
-2821
-3011
-1023
-2810
-3008
-1020
-2815
-3011
-1012
-2816
-3016
-1028
-2819
-3014
-1007
-2818
-3020
-1025
-2800
-3012
-1025
-2812
-3001
-1013
-2827
-3021
-1018
-2822
-3019
-1020
-2801
-3016
-1016
-2799
-3015
-1022
-2830
-3011
-1011
-2813
-3029
-1036
-2801
-3028
-1015
-2810
-3019
-998
-2810
-3018
-1030
-2821
-3028
-1029
-2758
-3053
-991
-2765
-3037
-992
-2817
-3027
-1042
-2800
-3035
-1028
-2793
-3043
-980
-2797
-3038
-1018
-2772
-3030
-1052
-2757
-3044
-1004
-2785
-3077
-939
-2735
-3092
-1108
-2857
-2968
-1046
-2751
-3041
-1014
-2760
-3035
-1050
-2817
-2953
-1005
-2757
-3083
-946
-2743
-3119
-968
-2792
-3052
-999
-2817
-3065
-962
-2734
-3036
-941
-2756
-3101
-943
-2805
-3083
-926
-2803
-3075
-957
-2789
-3068
-952
-2769
-3072
-914
-2722
-3082
-947
-2752
-3076
-930
-2780
-3120
-924
-2732
-3096
-958
-2759
-3072
-994
-2899
-3046
-961
-2677
-3057
-995
-2787
-3067
-935
-2742
-3087
-934
-2696
-3109
-941
-2719
-3112
-945
-2685
-3127
-938
-2743
-3152
-910
-2776
-3121
-954
-2734
-3100
-966
-2782
-3097
-956
-2736
-3078
-980
-2732
-3100
-981
-2769
-3083
-1013
-2757
-3063
-1023
-2765
-3049
-1016
-2741
-3069
-1011
-2723
-3080
-1008
-2758
-3105
-1034
-2764
-3046
-1058
-2734
-3054
-1052
-2720
-3064
-1021
-2712
-3062
-995
-2711
-3073
-1065
-2802
-3072
-1050
-2805
-3029
-1030
-2694
-3046
-1031
-2748
-3029
-1014
-2775
-3104
-1006
-2785
-3098
-932
-2773
-3122
-956
-2674
-3152
-992
-2666
-3093
-1013
-2726
-3057
-998
-2786
-3127
-969
-2774
-3104
-1007
-2704
-3112
-967
-2747
-3114
-1023
-2669
-3067
-1025
-2667
-3055
-1021
-2811
-3075
-966
-2873
-3095
-985
-2713
-3083
-1068
-2720
-3028
-999
-2728
-3085
-992
-2676
-3137
-971
-2754
-3112
-973
-2772
-3108
-992
-2718
-3082
-968
-2708
-3120
-984
-2726
-3091
-969
-2761
-3095
-966
-2739
-3118
-978
-2731
-3105
-962
-2733
-3110
-985
-2725
-3087
-971
-2745
-3109
-958
-2716
-3151
-978
-2723
-3122
-1006
-2878
-3046
-909
-2580
-3205
-960
-2624
-3191
-943
-2619
-3157
-996
-2599
-3170
-977
-2712
-3207
-904
-2561
-3244
-936
-2526
-3271
-971
-2570
-3199
-1024
-2583
-3171
-938
-2576
-3228
-926
-2627
-3247
-955
-2620
-3237
-962
-2605
-3216
-910
-2584
-3246
-953
-2558
-3250
-964
-2571
-3239
-958
-2586
-3238
-954
-2610
-3233
-939
-2577
-3239
-963
-2549
-3260
-943
-2580
-3242
-962
-2563
-3217
-977
-2603
-3228
-942
-2582
-3250
-940
-2569
-3248
-965
-2581
-3238
-949
-2539
-3260
-953
-2561
-3243
-936
-2596
-3255
-952
-2578
-3245
-958
-2572
-3244
-933
-2584
-3243
-951
-2579
-3253
-959
-2546
-3255
-968
-2577
-3221
-988
-2598
-3223
-940
-2554
-3263
-944
-2549
-3268
-980
-2600
-3220
-960
-2617
-3236
-944
-2534
-3278
-967
-2536
-3243
-973
-2587
-3225
-975
-2574
-3250
-955
-2552
-3275
-963
-2557
-3249
-971
-2574
-3241
-973
-2555
-3254
-984
-2550
-3262
-972
-2575
-3234
-983
-2586
-3224
-976
-2564
-3259
-966
-2562
-3254
-982
-2563
-3241
-984
-2550
-3259
-967
-2562
-3256
-979
-2560
-3255
-985
-2565
-3243
-965
-2550
-3260
-981
-2530
-3272
-968
-2556
-3260
-977
-2570
-3246
-980
-2539
-3264
-971
-2542
-3267
-978
-2551
-3259
-984
-2549
-3260
-989
-2537
-3256
-973
-2561
-3257
-993
-2571
-3244
-988
-2557
-3253
-972
-2532
-3266
-986
-2562
-3246
-991
-2569
-3257
-980
-2546
-3260
-980
-2540
-3252
-979
-2553
-3253
-1001
-2564
-3249
-980
-2555
-3257
-971
-2555
-3271
-999
-2541
-3247
-990
-2545
-3257
-976
-2536
-3259
-985
-2561
-3255
-983
-2568
-3253
-993
-2538
-3262
-978
-2545
-3257
-983
-2562
-3251
-984
-2563
-3255
-981
-2548
-3261
-979
-2563
-3254
-977
-2544
-3257
-984
-2563
-3256
-997
-2550
-3236
-990
-2561
-3243
-966
-2554
-3260
-990
-2563
-3246
-993
-2568
-3241
-974
-2541
-3260
-988
-2548
-3252
-992
-2563
-3247
-975
-2559
-3262
-976
-2550
-3251
-996
-2565
-3240
-987
-2551
-3243
-973
-2549
-3259
-983
-2572
-3249
-977
-2562
-3247
-965
-2553
-3259
-976
-2568
-3247
-975
-2553
-3251
-976
-2549
-3245
-987
-2573
-3242
-971
-2566
-3262
-969
-2563
-3252
-986
-2565
-3237
-982
-2550
-3247
-971
-2556
-3264
-970
-2561
-3262
-980
-2558
-3254
-995
-2537
-3251
-983
-2526
-3266
-978
-2553
-3257
-984
-2565
-3250
-974
-2550
-3255
-988
-2553
-3250
-982
-2548
-3247
-974
-2557
-3259
-977
-2550
-3267
-979
-2551
-3250
-988
-2551
-3247
-984
-2547
-3265
-978
-2553
-3262
-991
-2568
-3247
-982
-2550
-3255
-980
-2544
-3256
-995
-2559
-3257
-974
-2548
-3260
-986
-2550
-3264
-993
-2558
-3252
-976
-2548
-3254
-986
-2557
-3254
-990
-2556
-3250
-994
-2538
-3253
-985
-2555
-3246
-968
-2574
-3260
-962
-2554
-3274
-995
-2555
-3263
-993
-2552
-3233
-982
-2547
-3255
-979
-2556
-3265
-986
-2569
-3257
-983
-2551
-3263
-984
-2538
-3255
-999
-2546
-3256
-980
-2542
-3275
-973
-2550
-3265
-1000
-2543
-3261
-992
-2519
-3261
-983
-2539
-3264
-988
-2551
-3261
-984
-2539
-3264
-999
-2552
-3256
-986
-2545
-3258
-984
-2547
-3257
-996
-2538
-3261
-977
-2543
-3260
-976
-2544
-3271
-982
-2517
-3282
-989
-2538
-3250
-993
-2556
-3256
-989
-2549
-3262
-976
-2544
-3268
-990
-2552
-3266
-997
-2534
-3253
-986
-2530
-3268
-988
-2530
-3268
-984
-2544
-3259
-993
-2536
-3259
-993
-2521
-3266
-983
-2533
-3271
-983
-2553
-3262
-985
-2549
-3262
-988
-2541
-3258
-979
-2539
-3271
-985
-2535
-3267
-998
-2548
-3252
-973
-2522
-3287
-948
-2510
-3337
-951
-2538
-3309
-1038
-2617
-3194
-1049
-2547
-3119
-955
-2546
-3267
-946
-2613
-3268
-1023
-2687
-3158
-991
-2594
-3222
-977
-2584
-3242
-983
-2548
-3182
-1040
-2627
-3193
-978
-2628
-3208
-967
-2594
-3237
-961
-2585
-3264
-949
-2579
-3242
-969
-2593
-3213
-1028
-2655
-3165
-990
-2677
-3174
-926
-2582
-3247
-933
-2547
-3251
-986
-2623
-3205
-937
-2585
-3264
-935
-2582
-3216
-985
-2626
-3176
-1023
-2655
-3191
-942
-2564
-3235
-970
-2626
-3185
-1014
-2665
-3167
-969
-2631
-3200
-938
-2593
-3231
-947
-2637
-3203
-988
-2627
-3213
-925
-2565
-3238
-945
-2609
-3208
-875
-2596
-3248
-991
-2668
-3195
-935
-2628
-3220
-896
-2593
-3227
-954
-2597
-3234
-942
-2642
-3198
-1029
-2719
-3113
-940
-2557
-3229
-929
-2573
-3241
-986
-2647
-3186
-983
-2705
-3162
-939
-2609
-3214
-973
-2611
-3191
-989
-2681
-3178
-965
-2608
-3203
-945
-2556
-3222
-959
-2646
-3228
-924
-2618
-3245
-925
-2620
-3205
-983
-2694
-3176
-929
-2483
-3256
-938
-2552
-3221
-963
-2653
-3195
-920
-2640
-3268
-879
-2529
-3308
-890
-2568
-3239
-974
-2614
-3221
-927
-2563
-3212
-932
-2620
-3214
-919
-2667
-3231
-864
-2619
-3274
-854
-2493
-3305
-954
-2573
-3183
-993
-2679
-3170
-903
-2593
-3256
-859
-2546
-3273
-917
-2616
-3228
-929
-2641
-3213
-889
-2584
-3242
-896
-2598
-3238
-898
-2626
-3236
-896
-2631
-3227
-881
-2610
-3236
-908
-2613
-3225
-941
-2608
-3204
-909
-2608
-3222
-914
-2606
-3230
-920
-2589
-3235
-901
-2620
-3226
-904
-2620
-3229
-905
-2601
-3249
-913
-2598
-3228
-919
-2597
-3220
-900
-2600
-3230
-910
-2593
-3239
-907
-2589
-3239
-899
-2625
-3225
-917
-2613
-3221
-891
-2593
-3242
-898
-2624
-3232
-906
-2616
-3228
-897
-2582
-3245
-915
-2608
-3236
-906
-2615
-3227
-891
-2598
-3253
-912
-2577
-3237
-907
-2610
-3232
-906
-2596
-3242
-916
-2590
-3238
-906
-2595
-3236
-914
-2585
-3242
-928
-2569
-3257
-900
-2584
-3251
-915
-2594
-3242
-915
-2582
-3246
-919
-2572
-3247
-932
-2588
-3238
-915
-2588
-3246
-911
-2591
-3249
-924
-2578
-3248
-917
-2578
-3255
-920
-2590
-3242
-930
-2585
-3246
-923
-2586
-3252
-915
-2573
-3248
-922
-2582
-3238
-931
-2584
-3238
-919
-2570
-3256
-914
-2582
-3251
-923
-2584
-3250
-928
-2573
-3250
-919
-2580
-3253
-923
-2575
-3242
-923
-2583
-3251
-932
-2572
-3254
-919
-2577
-3247
-908
-2581
-3255
-924
-2588
-3258
-927
-2575
-3257
-928
-2575
-3252
-919
-2574
-3246
-943
-2577
-3251
-924
-2588
-3252
-919
-2575
-3244
-932
-2581
-3252
-927
-2567
-3259
-928
-2568
-3255
-921
-2587
-3253
-930
-2565
-3257
-927
-2562
-3260
-920
-2579
-3252
-923
-2580
-3257
-931
-2565
-3260
-935
-2574
-3254
-924
-2574
-3254
-923
-2566
-3262
-932
-2576
-3250
-928
-2564
-3256
-918
-2559
-3256
-926
-2582
-3251
-933
-2570
-3256
-921
-2575
-3259
-912
-2569
-3255
-931
-2567
-3254
-922
-2573
-3253
-919
-2575
-3261
-920
-2569
-3251
-918
-2579
-3247
-926
-2565
-3253
-923
-2569
-3258
-915
-2573
-3258
-928
-2568
-3250
-929
-2566
-3250
-916
-2579
-3255
-912
-2577
-3254
-917
-2580
-3246
-918
-2592
-3255
-910
-2575
-3249
-924
-2585
-3246
-915
-2582
-3244
-902
-2588
-3257
-899
-2565
-3266
-903
-2557
-3258
-908
-2573
-3254
-927
-2563
-3253
-935
-2569
-3230
-903
-2624
-3222
-916
-2639
-3231
-893
-2626
-3251
-912
-2577
-3243
-914
-2579
-3231
-899
-2601
-3247
-918
-2600
-3241
-896
-2608
-3249
-913
-2577
-3247
-910
-2594
-3229
-913
-2582
-3257
-926
-2568
-3239
-912
-2580
-3243
-911
-2589
-3258
-920
-2581
-3244
-923
-2580
-3243
-920
-2575
-3235
-923
-2576
-3250
-924
-2575
-3249
-917
-2572
-3252
-921
-2585
-3247
-916
-2586
-3251
-914
-2585
-3257
-928
-2588
-3237
-928
-2579
-3247
-917
-2578
-3253
-924
-2572
-3249
-923
-2583
-3242
-922
-2584
-3249
-917
-2574
-3254
-919
-2584
-3252
-925
-2577
-3260
-921
-2578
-3258
-949
-2561
-3234
-945
-2550
-3227
-926
-2581
-3251
-921
-2597
-3258
-921
-2581
-3250
-921
-2563
-3250
-927
-2558
-3247
-930
-2575
-3252
-912
-2573
-3257
-925
-2567
-3251
-923
-2572
-3248
-924
-2567
-3258
-932
-2578
-3249
-928
-2570
-3249
-927
-2571
-3243
-929
-2581
-3251
-923
-2566
-3256
-927
-2569
-3244
-935
-2582
-3255
-915
-2561
-3259
-930
-2567
-3257
-935
-2569
-3249
-921
-2567
-3260
-925
-2568
-3251
-929
-2583
-3249
-921
-2565
-3256
-928
-2560
-3252
-941
-2569
-3247
-924
-2583
-3251
-929
-2581
-3260
-930
-2559
-3253
-922
-2576
-3245
-922
-2590
-3249
-925
-2581
-3254
-910
-2572
-3254
-931
-2569
-3245
-934
-2582
-3245
-918
-2583
-3259
-918
-2565
-3259
-930
-2574
-3243
-928
-2580
-3243
-922
-2571
-3250
-930
-2578
-3253
-920
-2587
-3245
-929
-2573
-3257
-920
-2567
-3255
-908
-2577
-3250
-925
-2599
-3242
-928
-2579
-3247
-918
-2570
-3249
-915
-2583
-3245
-923
-2584
-3250
-918
-2579
-3253
-917
-2570
-3254
-926
-2574
-3247
-916
-2588
-3241
-925
-2586
-3249
-925
-2568
-3254
-917
-2589
-3254
-922
-2580
-3250
-929
-2579
-3238
-927
-2571
-3240
-914
-2574
-3261
-917
-2584
-3252
-929
-2590
-3248
-932
-2564
-3256
-924
-2563
-3250
-932
-2586
-3249
-928
-2587
-3254
-925
-2571
-3246
-938
-2576
-3243
-925
-2579
-3253
-923
-2580
-3255
-935
-2564
-3249
-927
-2567
-3252
-922
-2571
-3257
-927
-2575
-3259
-926
-2575
-3247
-933
-2578
-3253
-926
-2569
-3252
-931
-2571
-3249
-937
-2578
-3243
-933
-2570
-3254
-924
-2574
-3263
-928
-2572
-3248
-934
-2575
-3250
-929
-2556
-3256
-928
-2573
-3250
-935
-2577
-3253
-930
-2581
-3256
-936
-2573
-3253
-936
-2578
-3242
-924
-2584
-3259
-935
-2563
-3254
-933
-2575
-3247
-933
-2580
-3255
-933
-2567
-3256
-932
-2566
-3256
-940
-2582
-3252
-937
-2570
-3256
-942
-2571
-3250
-941
-2575
-3252
-933
-2559
-3252
-928
-2570
-3255
-946
-2571
-3254
-931
-2564
-3255
-923
-2575
-3264
-951
-2563
-3245
-931
-2575
-3256
-926
-2573
-3260
-937
-2571
-3251
-932
-2571
-3256
-941
-2562
-3250
-936
-2575
-3254
-936
-2571
-3253
-940
-2561
-3261
-935
-2575
-3262
-938
-2572
-3245
-949
-2566
-3249
-941
-2568
-3263
-938
-2578
-3256
-941
-2571
-3254
-946
-2573
-3252
-938
-2568
-3253
-942
-2566
-3257
-941
-2579
-3246
-957
-2557
-3253
-942
-2557
-3259
-934
-2575
-3253
-962
-2567
-3259
-941
-2572
-3260
-932
-2571
-3259
-942
-2573
-3247
-942
-2567
-3256
-943
-2581
-3254
-936
-2582
-3256
-937
-2561
-3256
-943
-2545
-3251
-943
-2578
-3251
-930
-2582
-3259
-942
-2560
-3253
-951
-2589
-3239
-939
-2581
-3251
-929
-2566
-3259
-946
-2597
-3247
-940
-2583
-3243
-941
-2558
-3257
-947
-2583
-3260
-960
-2574
-3240
-956
-2557
-3244
-940
-2563
-3250
-955
-2600
-3227
-966
-2607
-3233
-934
-2573
-3258
-955
-2574
-3247
-964
-2587
-3231
-948
-2575
-3246
-935
-2580
-3252
-953
-2570
-3234
-952
-2589
-3244
-952
-2588
-3242
-961
-2584
-3232
-941
-2600
-3249
-923
-2583
-3245
-915
-2527
-3282
-1012
-2540
-3192
-972
-2662
-3213
-905
-2602
-3243
-822
-2533
-3316
-878
-2561
-3277
-949
-2645
-3223
-926
-2641
-3242
-901
-2578
-3244
-903
-2562
-3233
-951
-2565
-3213
-929
-2574
-3223
-900
-2586
-3256
-895
-2551
-3289
-910
-2574
-3255
-895
-2633
-3268
-870
-2557
-3274
-896
-2551
-3284
-903
-2615
-3276
-931
-2532
-3246
-920
-2517
-3256
-957
-2671
-3222
-924
-2569
-3241
-892
-2537
-3255
-955
-2586
-3208
-907
-2561
-3296
-895
-2559
-3260
-943
-2609
-3252
-872
-2586
-3298
-909
-2576
-3220
-915
-2569
-3258
-866
-2528
-3309
-928
-2601
-3237
-927
-2601
-3265
-844
-2526
-3312
-915
-2592
-3239
-971
-2564
-3233
-915
-2560
-3241
-911
-2587
-3258
-954
-2635
-3229
-927
-2608
-3232
-916
-2549
-3242
-946
-2578
-3248
-944
-2607
-3219
-923
-2580
-3273
-924
-2567
-3256
-956
-2608
-3236
-942
-2570
-3236
-919
-2523
-3288
-948
-2538
-3251
-959
-2593
-3236
-941
-2551
-3261
-929
-2548
-3286
-951
-2604
-3257
-903
-2553
-3279
-956
-2614
-3204
-937
-2569
-3222
-929
-2611
-3239
-858
-2561
-3277
-918
-2691
-3147
-1063
-2889
-2966
-1064
-2766
-2986
-933
-2681
-3127
-889
-2717
-3157
-950
-2794
-3153
-979
-2840
-3066
-1007
-2772
-3021
-983
-2813
-3063
-982
-2494
-3131
-1019
-2746
-3179
-958
-2670
-3124
-1030
-2730
-3098
-1010
-2786
-3106
-981
-2698
-3126
-1009
-2677
-3123
-1011
-2688
-3099
-1019
-2694
-3122
-990
-2718
-3142
-990
-2717
-3140
-1021
-2683
-3126
-986
-2703
-3127
-987
-2714
-3124
-1014
-2712
-3133
-981
-2693
-3137
-991
-2696
-3134
-1013
-2687
-3134
-998
-2671
-3160
-996
-2673
-3154
-1003
-2688
-3133
-1002
-2681
-3149
-1011
-2673
-3142
-992
-2685
-3145
-1007
-2690
-3150
-1013
-2678
-3151
-998
-2648
-3156
-992
-2672
-3155
-983
-2683
-3161
-1024
-2666
-3157
-996
-2654
-3140
-985
-2644
-3166
-1000
-2682
-3159
-1010
-2669
-3149
-999
-2658
-3155
-995
-2664
-3150
-1016
-2684
-3151
-989
-2661
-3163
-996
-2658
-3152
-1016
-2685
-3139
-990
-2674
-3159
-1006
-2669
-3151
-1005
-2663
-3137
-1001
-2667
-3155
-983
-2694
-3162
-1000
-2682
-3156
-1001
-2660
-3151
-1008
-2658
-3156
-998
-2671
-3144
-997
-2664
-3155
-997
-2672
-3162
-1004
-2680
-3146
-1006
-2667
-3150
-990
-2655
-3155
-1011
-2674
-3150
-1005
-2685
-3140
-1001
-2659
-3157
-1000
-2670
-3148
-1006
-2669
-3154
-1008
-2681
-3143
-1009
-2673
-3148
-1005
-2672
-3150
-1005
-2680
-3149
-998
-2670
-3160
-999
-2649
-3171
-1021
-2649
-3154
-1006
-2672
-3149
-1009
-2674
-3156
-1008
-2665
-3156
-1008
-2662
-3155
-1013
-2667
-3146
-1012
-2674
-3153
-1014
-2665
-3151
-1006
-2669
-3146
-1008
-2676
-3156
-1000
-2665
-3155
-1010
-2665
-3155
-1005
-2664
-3152
-1007
-2688
-3145
-1013
-2671
-3157
-1000
-2660
-3153
-1016
-2681
-3140
-1009
-2682
-3148
-991
-2669
-3158
-1009
-2675
-3139
-1009
-2679
-3139
-1007
-2672
-3156
-999
-2664
-3148
-997
-2681
-3143
-1007
-2680
-3142
-1001
-2678
-3159
-991
-2654
-3160
-1001
-2679
-3135
-1015
-2693
-3137
-997
-2680
-3148
-995
-2676
-3147
-1011
-2681
-3139
-992
-2683
-3144
-995
-2675
-3158
-1006
-2659
-3145
-1008
-2668
-3128
-1010
-2704
-3135
-982
-2708
-3155
-996
-2674
-3163
-1001
-2660
-3142
-999
-2679
-3146
-1005
-2674
-3144
-1007
-2682
-3142
-1004
-2675
-3155
-1001
-2657
-3148
-1019
-2660
-3145
-1015
-2680
-3147
-996
-2672
-3159
-1012
-2676
-3146
-1018
-2668
-3146
-1002
-2657
-3154
-1007
-2687
-3144
-1014
-2684
-3150
-1003
-2653
-3159
-1015
-2666
-3155
-1020
-2681
-3142
-1008
-2680
-3154
-1003
-2667
-3151
-1025
-2674
-3140
-1013
-2667
-3151
-1010
-2663
-3163
-1014
-2669
-3152
-1006
-2666
-3150
-1021
-2658
-3154
-1018
-2666
-3148
-1008
-2669
-3150
-1012
-2671
-3151
-1020
-2671
-3155
-1018
-2664
-3152
-1011
-2668
-3150
-1018
-2673
-3151
-1013
-2671
-3154
-1021
-2665
-3155
-1012
-2652
-3149
-1014
-2677
-3151
-1022
-2670
-3154
-1013
-2671
-3153
-1015
-2668
-3151
-1020
-2659
-3144
-1009
-2660
-3155
-1020
-2671
-3154
-1003
-2662
-3151
-1023
-2658
-3156
-1027
-2660
-3147
-1003
-2669
-3155
-1016
-2660
-3147
-1016
-2668
-3151
-1022
-2669
-3153
-1024
-2667
-3149
-1011
-2666
-3161
-1024
-2668
-3147
-1015
-2665
-3152
-1017
-2664
-3159
-1012
-2665
-3160
-1026
-2669
-3150
-1019
-2673
-3149
-1015
-2668
-3158
-1011
-2659
-3150
-1006
-2669
-3153
-1016
-2660
-3162
-1015
-2658
-3152
-1002
-2659
-3165
-993
-2649
-3175
-1040
-2637
-3154
-1031
-2664
-3126
-979
-2711
-3143
-987
-2718
-3163
-1010
-2682
-3148
-1007
-2662
-3135
-1009
-2651
-3144
-1000
-2673
-3162
-994
-2677
-3177
-1001
-2657
-3154
-996
-2646
-3151
-1000
-2675
-3164
-1006
-2674
-3156
-990
-2658
-3154
-1001
-2670
-3147
-1017
-2684
-3151
-996
-2668
-3163
-989
-2657
-3156
-1003
-2681
-3148
-994
-2672
-3162
-996
-2675
-3149
-1001
-2671
-3153
-994
-2678
-3156
-1005
-2675
-3153
-1004
-2661
-3151
-989
-2681
-3152
-1005
-2670
-3153
-1003
-2668
-3146
-1005
-2661
-3148
-1007
-2682
-3158
-994
-2676
-3160
-1009
-2664
-3149
-1007
-2658
-3150
-998
-2670
-3159
-1001
-2667
-3155
-1007
-2658
-3152
-1009
-2671
-3147
-1004
-2677
-3161
-1004
-2655
-3157
-1010
-2672
-3147
-1011
-2668
-3151
-1007
-2663
-3159
-1003
-2666
-3157
-999
-2674
-3157
-1011
-2669
-3157
-1009
-2662
-3156
-997
-2663
-3162
-1007
-2669
-3156
-1004
-2673
-3151
-1013
-2662
-3152
-1007
-2654
-3157
-1005
-2670
-3150
-1018
-2673
-3153
-1008
-2656
-3158
-1008
-2671
-3150
-1009
-2672
-3156
-1011
-2666
-3163
-1003
-2655
-3156
-1017
-2674
-3153
-1004
-2671
-3163
-1012
-2660
-3163
-1003
-2661
-3145
-1010
-2665
-3155
-1008
-2663
-3163
-1014
-2665
-3153
-1012
-2668
-3159
-1013
-2658
-3160
-1024
-2652
-3154
-1020
-2659
-3165
-1010
-2637
-3161
-1021
-2638
-3160
-1006
-2654
-3182
-955
-2627
-3233
-1008
-2679
-3162
-1045
-2651
-3149
-988
-2602
-3195
-990
-2627
-3203
-1023
-2657
-3174
-1008
-2643
-3180
-989
-2628
-3201
-1005
-2646
-3200
-1032
-2639
-3160
-1007
-2584
-3197
-1026
-2643
-3174
-1040
-2687
-3112
-1002
-2665
-3180
-962
-2643
-3195
-998
-2650
-3170
-1016
-2644
-3143
-995
-2668
-3185
-980
-2655
-3184
-998
-2644
-3185
-1001
-2628
-3172
-1002
-2640
-3169
-995
-2652
-3181
-988
-2682
-3164
-1006
-2683
-3156
-1007
-2641
-3177
-987
-2648
-3166
-995
-2663
-3161
-1003
-2667
-3161
-991
-2663
-3174
-988
-2675
-3215
-948
-2655
-3237
-1027
-2573
-3148
-1064
-2641
-3089
-1019
-2687
-3217
-1026
-2621
-3158
-998
-2462
-3220
-975
-2502
-3220
-986
-2722
-3157
-948
-2678
-3180
-931
-2696
-3268
-876
-2597
-3239
-945
-2655
-3201
-1027
-2653
-3161
-960
-2594
-3198
-873
-2623
-3223
-982
-2655
-3177
-1014
-2645
-3189
-944
-2664
-3146
-957
-2658
-3172
-975
-2633
-3210
-982
-2678
-3171
-956
-2647
-3154
-956
-2661
-3193
-977
-2651
-3214
-971
-2672
-3179
-985
-2641
-3111
-1003
-2640
-3150
-960
-2712
-3198
-943
-2702
-3182
-982
-2640
-3146
-987
-2633
-3168
-963
-2638
-3197
-955
-2678
-3183
-983
-2668
-3170
-980
-2632
-3171
-969
-2663
-3171
-982
-2669
-3150
-987
-2665
-3189
-978
-2658
-3181
-977
-2659
-3160
-987
-2658
-3173
-978
-2644
-3173
-971
-2662
-3176
-988
-2657
-3175
-981
-2654
-3169
-982
-2657
-3178
-984
-2656
-3170
-982
-2667
-3172
-987
-2658
-3169
-985
-2660
-3172
-978
-2666
-3170
-992
-2661
-3160
-988
-2647
-3173
-970
-2657
-3185
-981
-2664
-3162
-998
-2656
-3165
-987
-2641
-3177
-978
-2656
-3170
-993
-2671
-3166
-989
-2649
-3171
-992
-2652
-3166
-984
-2667
-3165
-983
-2665
-3178
-991
-2649
-3176
-995
-2657
-3165
-983
-2659
-3171
-983
-2648
-3180
-993
-2660
-3165
-984
-2664
-3173
-986
-2662
-3172
-988
-2645
-3181
-989
-2655
-3169
-980
-2668
-3170
-983
-2653
-3178
-986
-2630
-3172
-1017
-2629
-3154
-983
-2672
-3140
-953
-2697
-3174
-969
-2697
-3186
-960
-2693
-3153
-949
-2686
-3149
-975
-2675
-3168
-961
-2691
-3157
-956
-2700
-3165
-972
-2660
-3170
-960
-2636
-3169
-953
-2651
-3176
-970
-2690
-3155
-983
-2693
-3154
-957
-2638
-3190
-949
-2615
-3200
-963
-2661
-3178
-935
-2655
-3218
-921
-2673
-3225
-1002
-2640
-3139
-1032
-2591
-3190
-944
-2659
-3244
-982
-2597
-3186
-1010
-2553
-3189
-957
-2587
-3198
-977
-2643
-3236
-958
-2598
-3201
-939
-2641
-3248
-942
-2592
-3224
-973
-2628
-3214
-977
-2678
-3169
-1005
-2661
-3133
-975
-2642
-3207
-967
-2649
-3174
-996
-2652
-3165
-988
-2676
-3166
-986
-2659
-3148
-990
-2663
-3175
-957
-2643
-3193
-989
-2666
-3163
-986
-2676
-3163
-971
-2650
-3166
-973
-2655
-3184
-977
-2663
-3177
-970
-2661
-3166
-954
-2664
-3184
-989
-2639
-3177
-981
-2654
-3180
-965
-2659
-3167
-979
-2655
-3180
-983
-2652
-3171
-985
-2667
-3169
-981
-2660
-3174
-980
-2654
-3168
-986
-2670
-3178
-975
-2650
-3181
-987
-2641
-3174
-995
-2658
-3167
-971
-2655
-3179
-977
-2660
-3169
-986
-2664
-3165
-986
-2663
-3167
-977
-2656
-3174
-980
-2673
-3176
-990
-2648
-3172
-994
-2640
-3174
-977
-2673
-3177
-987
-2694
-3162
-1017
-2649
-3135
-993
-2632
-3174
-951
-2661
-3180
-990
-2667
-3174
-1006
-2675
-3164
-991
-2673
-3161
-969
-2664
-3162
-1009
-2687
-3142
-1027
-2691
-3136
-993
-2676
-3135
-1002
-2669
-3136
-997
-2678
-3155
-990
-2690
-3159
-1023
-2677
-3115
-1011
-2705
-3127
-998
-2688
-3139
-1014
-2686
-3128
-983
-2730
-3133
-995
-2697
-3145
-1007
-2691
-3125
-980
-2701
-3161
-986
-2692
-3127
-1009
-2708
-3125
-1007
-2681
-3142
-1000
-2684
-3110
-1026
-2718
-3098
-1000
-2692
-3140
-998
-2687
-3127
-1011
-2708
-3114
-994
-2692
-3148
-994
-2694
-3147
-1001
-2700
-3130
-999
-2683
-3127
-999
-2688
-3135
-1012
-2690
-3130
-995
-2681
-3141
-1010
-2705
-3124
-1014
-2691
-3134
-988
-2703
-3140
-1001
-2703
-3132
-1018
-2676
-3123
-1002
-2684
-3145
-995
-2688
-3140
-1009
-2695
-3143
-1010
-2680
-3135
-1012
-2683
-3132
-1004
-2699
-3142
-989
-2687
-3143
-1017
-2704
-3136
-1006
-2681
-3128
-997
-2694
-3125
-1010
-2680
-3135
-1008
-2703
-3131
-991
-2667
-3150
-984
-2677
-3171
-990
-2696
-3158
-1015
-2663
-3151
-959
-2649
-3175
-996
-2711
-3152
-1021
-2702
-3120
-992
-2654
-3146
-1003
-2662
-3152
-1021
-2685
-3128
-1000
-2668
-3154
-1000
-2663
-3146
-1024
-2674
-3132
-1016
-2659
-3160
-995
-2643
-3152
-1009
-2674
-3176
-982
-2663
-3208
-972
-2694
-3216
-1009
-2635
-3193
-1065
-2598
-3101
-1092
-2636
-3087
-1011
-2601
-3198
-984
-2634
-3208
-1019
-2693
-3176
-1003
-2639
-3216
-1006
-2639
-3197
-1010
-2558
-3160
-1028
-2602
-3178
-951
-2689
-3219
-974
-2677
-3158
-1026
-2640
-3194
-1004
-2570
-3224
-956
-2629
-3189
-1006
-2663
-3168
-1047
-2599
-3178
-988
-2579
-3222
-954
-2601
-3217
-1004
-2601
-3201
-988
-2590
-3227
-974
-2614
-3208
-973
-2646
-3212
-1005
-2606
-3197
-1008
-2614
-3200
-985
-2632
-3189
-983
-2634
-3198
-1000
-2633
-3202
-990
-2669
-3194
-972
-2624
-3202
-1032
-2618
-3175
-1001
-2604
-3199
-978
-2647
-3222
-1059
-2659
-3131
-1035
-2618
-3178
-1053
-2765
-3200
-1018
-2833
-3084
-1023
-2712
-3045
-1017
-2647
-3218
-917
-2245
-3315
-1340
-2872
-2875
-1126
-2628
-2996
-1018
-2289
-3173
-894
-2658
-3267
-880
-2877
-3235
-1079
-3047
-3032
-1112
-2796
-3011
-1046
-2586
-3080
-999
-2617
-3077
-1045
-2755
-3077
-1016
-2835
-3092
-986
-2852
-3072
-974
-2796
-3073
-1028
-2717
-3071
-1028
-2759
-3053
-1021
-2818
-3025
-984
-2804
-3073
-996
-2762
-3106
-1019
-2755
-3042
-1004
-2734
-3068
-976
-2745
-3102
-982
-2804
-3121
-914
-2691
-3174
-911
-2727
-3250
-1253
-2733
-2859
-1253
-2798
-2958
-999
-2717
-3137
-946
-2499
-3234
-1036
-2647
-3128
-1155
-2587
-3011
-1162
-2818
-3012
-968
-2826
-3084
-883
-2844
-3191
-1008
-2810
-3112
-1037
-2717
-3018
-1022
-2722
-3070
-1018
-2733
-3088
-1030
-2761
-3044
-1016
-2815
-3047
-990
-2775
-3089
-997
-2759
-3072
-1018
-2798
-3032
-1019
-2773
-3077
-1012
-2766
-3054
-1013
-2807
-3044
-1043
-2790
-3052
-1028
-2787
-3074
-969
-2779
-3064
-961
-2746
-3161
-1020
-2712
-3165
-1011
-2625
-3103
-1103
-2917
-2953
-1300
-2957
-2826
-1205
-2746
-2937
-1075
-2713
-3206
-1031
-2600
-3149
-1196
-2676
-3139
-1087
-2622
-3000
-1160
-2496
-3067
-1231
-2677
-2949
-1102
-2889
-2953
-1119
-3064
-3019
-1047
-2846
-2992
-1076
-2794
-2981
-1111
-2840
-2979
-1100
-2865
-2957
-1062
-2888
-2946
-1071
-2883
-2950
-1093
-2845
-2959
-1067
-2881
-2950
-1081
-2850
-2933
-1103
-2868
-2945
-1065
-2902
-2948
-1073
-2882
-2944
-1087
-2850
-2969
-1102
-2824
-2960
-1086
-2842
-2937
-1077
-2859
-2960
-1090
-2858
-2958
-1079
-2854
-2969
-1062
-2845
-2968
-1084
-2834
-2958
-1085
-2851
-2955
-1084
-2871
-2957
-1068
-2865
-2943
-1083
-2861
-2963
-1058
-2863
-2962
-1059
-2852
-2965
-1083
-2847
-2950
-1081
-2881
-2962
-1060
-2920
-2968
-1086
-2893
-2933
-1154
-2821
-2875
-1139
-2853
-2888
-1081
-2935
-2931
-1112
-2918
-2961
-1148
-2871
-2955
-1093
-2859
-2943
-1131
-2842
-2928
-1121
-2828
-2939
-1115
-2843
-3000
-1159
-2791
-2970
-1216
-2840
-2929
-1160
-2803
-2946
-1148
-2784
-3006
-1229
-2815
-2944
-1288
-2829
-2878
-1222
-2828
-2966
-1223
-2747
-3029
-1193
-2798
-3098
-1152
-2744
-3028
-1169
-2571
-3061
-1216
-2616
-3109
-1285
-2764
-2999
-1230
-2680
-3045
-1210
-2707
-3114
-1251
-2750
-3043
-1256
-2679
-3042
-1266
-2608
-3058
-1296
-2645
-3056
-1278
-2628
-3020
-1298
-2744
-3002
-1235
-2702
-3080
-1228
-2576
-3046
-1343
-2811
-2956
-1222
-2678
-2969
-1267
-2810
-2972
