-3044
884
-2875
-3030
880
-2874
-3030
878
-2888
-3034
879
-2881
-3020
883
-2879
-3040
885
-2880
-3007
873
-2905
-3046
875
-2851
-3030
883
-2873
-3005
875
-2913
-3027
882
-2873
-3014
894
-2903
-3023
892
-2891
-3018
903
-2906
-2999
899
-2935
-2998
888
-2869
-3044
941
-2884
-3053
925
-2823
-3080
917
-2813
-3021
917
-2865
-3012
911
-2859
-3033
925
-2859
-3032
925
-2869
-3044
933
-2858
-3081
954
-2860
-3117
983
-2949
-3263
1049
-2933
-3262
1038
-2915
-3649
929
-2571
-3308
876
-2704
-3364
647
-2523
-3386
446
-2392
-2978
377
-2993
-3102
273
-3150
-2780
-55
-2718
-2442
2
-2845
-2377
115
-3107
-2129
168
-3594
-1946
383
-3932
-1525
542
-4598
-1183
366
-4347
-1790
115
-3768
-2147
-105
-3504
-2018
-45
-3732
-1886
-2
-4013
-1706
50
-4047
-893
-178
-3794
-352
-269
-3795
-1362
59
-3865
-1738
256
-3915
-2118
554
-4131
-3442
825
-3171
-3171
417
-2551
-3391
356
-3100
-3115
238
-3851
-2160
-28
-3917
-1676
-33
-3803
-1899
65
-3855
-2203
407
-3679
-2235
422
-3377
-2406
539
-3316
-2263
746
-3615
-2159
828
-3701
-1987
607
-3795
-1759
344
-4144
-1873
194
-3925
-1694
6
-3615
-1972
276
-4154
-1835
115
-4052
-2319
216
-3856
-2312
188
-3652
-2809
297
-3755
-2679
237
-3499
-3380
-47
-2337
-3478
6
-1402
-4056
253
-1417
-3192
-31
-2244
-2809
-126
-2945
-2327
25
-3197
-2418
49
-3211
-2075
-15
-4169
-2117
290
-4650
-1957
-39
-4250
-2429
-110
-3511
-1880
-319
-3388
-1613
-273
-3469
-2845
254
-2945
-2886
263
-3058
-1354
326
-4453
-2209
795
-4175
-3248
554
-3090
-2700
118
-3438
-2476
479
-3981
-2084
382
-3595
-2225
357
-3672
-2344
402
-3832
-2112
259
-3611
-2192
255
-3594
-2205
260
-3609
-1957
159
-3808
-1597
114
-3794
-1468
90
-3708
-2039
272
-3908
-2354
388
-3920
-2063
277
-3760
-1908
210
-3779
-1879
200
-3770
-1951
242
-3920
-2023
258
-3987
-1668
110
-3856
-1769
61
-3777
-1546
-38
-3701
-1611
16
-3914
-1543
1
-3908
-1547
72
-3954
-1535
91
-3962
-1443
114
-4108
-1484
116
-4082
-1517
89
-3981
-1484
39
-3891
-1461
-5
-3804
-1423
82
-4008
-1439
126
-4067
-1542
158
-4069
-1626
172
-4008
-1522
147
-4001
-1424
108
-3992
-1443
123
-3971
-1438
141
-4035
-1462
118
-4007
-1453
158
-4073
-1380
108
-4024
-1369
67
-3982
-1363
83
-3991
-1316
66
-3949
-1357
93
-4015
-1384
134
-4058
-1395
132
-4076
-1362
110
-4009
-1327
108
-4025
-1351
134
-4078
-1352
123
-4024
-1306
117
-3988
-1362
124
-4070
-1464
120
-4001
-1428
164
-4067
-1363
136
-4053
-1312
87
-3936
-1320
121
-4045
-1391
142
-4022
-1423
139
-3984
-1449
171
-4031
-1403
172
-4066
-1369
153
-4007
-1414
152
-3975
-1403
159
-3988
-1377
163
-3991
-1384
182
-3976
-1388
227
-4025
-1356
224
-3956
-1403
177
-3729
-1414
220
-3633
-1459
272
-3474
-1540
537
-4131
-2113
983
-4307
-2984
1208
-3602
-2689
1048
-3249
-3228
959
-2440
-2943
1015
-3042
-2605
955
-3255
-2779
975
-3089
-2786
972
-3062
-2750
969
-3138
-2735
961
-3147
-2713
952
-3155
-2717
956
-3149
-2728
963
-3134
-2724
962
-3142
-2737
959
-3134
-2723
959
-3137
-2679
944
-3171
-2689
956
-3168
-2722
947
-3166
-2737
959
-3142
-2713
962
-3154
-2705
950
-3165
-2697
948
-3170
-2687
952
-3165
-2696
942
-3164
-2671
928
-3184
-2683
944
-3177
-2678
955
-3188
-2670
952
-3192
-2665
942
-3201
-2681
953
-3188
-2690
962
-3172
-2709
951
-3158
-2690
948
-3178
-2662
949
-3196
-2652
956
-3197
-2688
959
-3169
-2708
948
-3157
-2700
958
-3162
-2729
960
-3142
-2696
962
-3136
-2745
962
-3112
-2824
971
-3071
-2875
969
-3033
-2850
984
-3038
-2792
983
-3071
-2746
957
-3118
-2789
966
-3085
-2789
975
-3082
-2728
960
-3121
-2771
956
-3103
-2807
975
-3073
-2805
985
-3073
-2757
969
-3107
-2748
946
-3121
-2708
926
-3153
-2741
947
-3129
-2704
941
-3152
-2749
961
-3121
-2774
974
-3104
-2756
952
-3128
-2735
949
-3141
-2738
960
-3129
-2761
969
-3139
-2731
947
-3137
-2668
936
-3175
-2647
931
-3194
-2720
934
-3157
-2733
942
-3139
-2731
950
-3141
-2737
949
-3135
-2723
935
-3143
-2764
944
-3122
-2745
958
-3125
-2738
957
-3132
-2728
936
-3147
-2738
938
-3136
-2707
955
-3144
-2751
948
-3132
-2761
938
-3133
-2728
952
-3137
-2756
954
-3138
-2708
957
-3172
-2672
970
-3331
-2750
1076
-3688
-3232
936
-3949
-2848
475
-3339
-2229
346
-2839
-2063
696
-3048
-2516
364
-3544
-1885
27
-3963
-2566
507
-3870
-2587
464
-3981
-1943
-73
-4518
-2180
190
-3706
-3073
-119
-2347
-2714
-516
-2406
-3455
-433
-1575
-2738
-566
-2148
-2836
-437
-2312
-2527
-253
-2753
-2030
-227
-3297
-2540
267
-3687
-2058
560
-4534
-2129
346
-3960
-3494
651
-4002
-3741
869
-2951
-2897
460
-2480
-3445
1142
-2535
-3935
918
-1156
-4115
990
-1557
-3599
952
-1900
-3721
1022
-1905
-3651
951
-1986
-3622
1041
-2129
-3553
989
-2146
-3530
969
-2005
-3684
1035
-1795
-3830
1028
-1405
-3717
1021
-1721
-3677
1094
-1859
-3751
1053
-1659
-3723
1101
-1810
-3647
1072
-1846
-3704
1105
-1737
-3680
1141
-1775
-3736
1151
-1783
-3707
1149
-1804
-3696
1160
-1778
-4031
1286
-1455
-3836
1159
-1475
-3661
988
-1628
-3575
1036
-2001
-3554
912
-2219
-3671
750
-2280
-3222
567
-2627
-2676
458
-3314
-2404
369
-3595
-3187
521
-2713
-3278
489
-2761
-2852
476
-3139
-3044
489
-2983
-3161
480
-2847
-3166
488
-2831
-3175
505
-2847
-3091
508
-2936
-3070
496
-2933
-3134
517
-2858
-3207
532
-2782
-3291
555
-2650
-3261
553
-2701
-3237
551
-2750
-3206
547
-2772
-3199
538
-2776
-3260
548
-2714
-3238
550
-2721
-3222
548
-2730
-3220
551
-2767
-3215
548
-2787
-3265
560
-2685
-3279
564
-2689
-3268
559
-2692
-3279
583
-2677
-3243
552
-2731
-3234
556
-2734
-3280
575
-2684
-3272
568
-2691
-3249
551
-2690
-3380
592
-2528
-3577
614
-2444
-3212
546
-2797
-2464
430
-3423
-3046
474
-3005
-2980
393
-3228
-2234
536
-4274
-2217
378
-4139
-2170
133
-3198
-2047
9
-3303
-2068
-170
-3079
-1942
24
-2856
-2251
521
-3755
-3603
1256
-3881
-3779
703
-3324
-2655
222
-3529
-2021
433
-4039
-1896
306
-3899
-2073
-72
-3305
-2082
91
-3890
-2590
418
-4656
-2310
107
-3781
-3205
33
-2921
-2386
-428
-2329
-3113
-647
-1414
-3743
-67
-2000
-3508
665
-3272
-2420
-345
-3349
-2813
-461
-2810
-2340
-425
-3358
-2609
-421
-2854
-3374
-23
-2936
-2664
-10
-3197
-2595
120
-3791
-2236
138
-4295
-2001
12
-4384
-1798
81
-3584
-2310
-76
-2888
-2915
82
-2598
-2954
313
-2697
-2522
272
-3676
-1911
279
-4501
-2940
519
-3772
-2787
382
-3325
-2178
360
-3791
-2298
579
-3768
-2068
465
-3666
-1890
314
-3755
-2047
253
-3598
-2107
328
-3528
-2048
416
-3519
-2104
498
-3482
-2553
749
-3677
-2250
604
-3276
-2854
969
-3625
-2563
735
-3184
-2644
870
-3155
-3146
1126
-3117
-3041
1043
-2848
-2713
1036
-3200
-2752
1051
-3170
-2894
1040
-3029
-2956
985
-2835
-3029
1055
-2868
-2796
1020
-3081
-2652
963
-3161
-2868
1008
-3021
-2910
1030
-2929
-2834
1021
-3071
-2746
1014
-3078
-2766
1030
-3131
-2929
1063
-2823
-3254
1118
-2538
-3298
1094
-2497
-3235
1127
-2501
-3244
1161
-2524
-3149
1122
-2622
-3133
1118
-2684
-3170
1123
-2613
-3122
1117
-2640
-3132
1140
-2679
-3233
1156
-2543
-3222
1162
-2558
-3165
1143
-2624
-3139
1128
-2635
-3170
1131
-2620
-3176
1133
-2633
-3153
1137
-2638
-3142
1127
-2643
-3167
1122
-2636
-3171
1140
-2626
-3114
1117
-2687
-3108
1105
-2706
-3170
1134
-2637
-3149
1138
-2642
-3109
1123
-2686
-3159
1126
-2635
-3165
1139
-2642
-3076
1137
-2695
-3165
1125
-2618
-3180
1113
-2645
-3141
1142
-2639
-3158
1156
-2621
-3155
1122
-2648
-3163
1127
-2656
-3124
1170
-2687
-2983
1202
-2777
-3252
1088
-2518
-3288
1061
-2535
-3172
1142
-2598
-3129
1115
-2654
-3177
1117
-2634
-3178
1127
-2628
-3158
1133
-2630
-3159
1118
-2623
-3183
1120
-2622
-3190
1129
-2605
-3149
1119
-2643
-3141
1117
-2673
-3188
1129
-2619
-3162
1125
-2634
-3136
1106
-2650
-3187
1114
-2612
-3186
1128
-2606
-3156
1117
-2637
-3165
1112
-2634
-3183
1122
-2631
-3174
1133
-2625
-3178
1111
-2589
-3187
1115
-2606
-3198
1119
-2599
-3171
1113
-2600
-3164
1116
-2624
-3183
1113
-2609
-3188
1118
-2607
-3163
1118
-2625
-3172
1114
-2609
-3193
1122
-2611
-3194
1132
-2606
-3164
1129
-2619
-3132
1111
-2653
-3181
1118
-2621
-3174
1129
-2623
-3156
1123
-2637
-3161
1114
-2635
-3191
1126
-2604
-3174
1130
-2611
-3147
1111
-2646
-3178
1121
-2620
-3193
1143
-2599
-3151
1126
-2641
-3164
1121
-2661
-3254
1189
-2635
-3309
1280
-2700
-3550
1290
-2737
-3623
994
-2333
-3533
901
-2403
-3153
876
-2781
-3529
943
-2551
-3365
668
-2335
-3275
590
-2614
-3230
601
-2566
-3138
484
-2312
-2864
351
-2404
-3165
404
-2631
-2541
408
-3249
-2134
160
-3402
-1846
43
-4189
-1538
316
-4836
-1691
276
-4361
-1628
-30
-3753
-1550
-175
-3650
-1398
-157
-3230
-2154
74
-3179
-2270
179
-3776
-2475
508
-4579
-2423
420
-3799
-1694
257
-3307
-2200
476
-3703
-2620
384
-4052
-1989
115
-3764
-1770
196
-3719
-1736
181
-3881
-1716
137
-3789
-1967
279
-3989
-1859
182
-3888
-2037
297
-4031
-1896
113
-3636
-1911
110
-3671
-1959
125
-3748
-1970
72
-3621
-1993
133
-3733
-1926
150
-3804
-1928
152
-3855
-1819
128
-3913
-1744
116
-3863
-1749
109
-3866
-1842
135
-3893
-1853
136
-3855
-1907
133
-3824
-1964
161
-3789
-2018
151
-3727
-2029
166
-3816
-1984
156
-3801
-2038
164
-3750
-2113
197
-3700
-2170
180
-3723
-2348
264
-3753
-2397
264
-3469
-2436
243
-3325
-2437
241
-3325
-2456
263
-3283
-2519
328
-3366
-2629
375
-3377
-2844
483
-3501
-2810
417
-3312
-2724
326
-3121
-2681
350
-3285
-2696
380
-3346
-2688
362
-3304
-2736
393
-3289
-2694
366
-3302
-2623
324
-3212
-2654
345
-3232
-2732
434
-3303
-2768
444
-3331
-2792
434
-3133
-2985
533
-3132
-3074
549
-3011
-3025
518
-2931
-3106
554
-2997
-3143
567
-2904
-3080
561
-2899
-3080
555
-2931
-3011
503
-2893
-3055
516
-2898
-3098
525
-2900
-3084
523
-2895
-3092
573
-2948
-3041
534
-2995
-3029
490
-2947
-3092
532
-2919
-3104
568
-2961
-3030
510
-2916
-3029
473
-2862
-3078
552
-2978
-3119
563
-2949
-3013
504
-2898
-3069
516
-2882
-3140
593
-2955
-3052
512
-2862
-3064
522
-2857
-3048
575
-2991
-3011
569
-3026
-3037
557
-2945
-3071
545
-2876
-3064
580
-2948
-3118
618
-2981
-3108
588
-2920
-3098
583
-2920
-3081
582
-2940
-3090
569
-2937
-3065
549
-2929
-3081
530
-2920
-3038
501
-2881
-2985
486
-2909
-3034
504
-2978
-3064
547
-2971
-3045
509
-2911
-3027
492
-2915
-3095
564
-3015
-3152
604
-3048
-3118
579
-3019
-3064
504
-2938
-3089
493
-2921
-3083
458
-2860
-3057
430
-2848
-3036
409
-2892
-3035
457
-2989
-3011
473
-3042
-2944
421
-2956
-2915
382
-3007
-3002
413
-3043
-3044
461
-3125
-2950
397
-3068
-2969
369
-3025
-2986
385
-3053
-3003
380
-3056
-2989
368
-3036
-2994
367
-3017
-2979
370
-3057
-2975
368
-3057
-2996
368
-3052
-2998
369
-3019
-3031
374
-2957
-3118
366
-2955
-3135
448
-2989
-3130
448
-3071
-3191
438
-3068
-3100
312
-2890
-3030
272
-2779
-3236
387
-2681
-3446
395
-2478
-3334
313
-2682
-3202
434
-2925
-3195
405
-2722
-2875
236
-3184
-2717
207
-3230
-2552
147
-3495
-2543
202
-3525
-2252
-50
-3541
-2343
-130
-3433
-2597
-35
-3121
-2849
129
-3221
-2670
147
-3303
-2138
-23
-3236
-1883
-127
-3176
-1897
182
-4105
-1838
328
-4549
-2478
178
-3916
-1943
130
-4114
-1884
133
-3894
-1970
25
-3480
-1773
67
-3789
-1837
97
-3907
-2017
221
-3978
-1838
176
-3868
-1745
94
-3778
-2009
179
-3895
-1913
174
-3895
-1956
83
-3725
-1893
151
-3930
-1781
132
-3979
-1859
90
-3920
-1879
62
-3819
-1973
25
-3492
-2199
132
-3560
-2201
149
-3711
-2225
135
-3647
-2369
111
-3595
-2449
136
-3534
-2482
137
-3531
-2551
112
-3393
-2637
107
-3285
-2733
143
-3286
-2791
146
-3204
-2856
147
-3187
-2875
158
-3128
-2960
183
-3067
-2964
184
-3103
-2906
175
-3185
-2964
173
-3060
-2985
168
-2992
-2990
182
-2975
-3005
197
-3046
-3026
242
-3116
-3017
213
-3048
-3008
194
-2999
-3033
218
-3014
-3051
240
-3041
-3024
236
-3048
-2999
226
-3062
-3025
238
-3063
-3052
244
-3049
-3056
228
-3035
-2996
174
-2953
-2927
170
-3041
-2963
209
-3095
-3041
216
-3032
-3049
206
-3010
-3017
213
-3031
-2979
208
-3074
-3016
219
-3064
-3038
219
-3021
-2999
201
-3003
-2990
218
-3054
-3016
223
-3043
-3029
229
-3017
-3025
245
-3082
-2987
217
-3035
-2971
211
-3044
-2999
237
-3053
-3066
249
-3023
-3024
259
-3085
-2972
206
-3019
-2975
205
-3001
-3010
231
-3068
-3028
252
-3073
-2996
248
-3077
-2980
238
-3071
-2967
198
-2972
-3063
246
-3015
-2998
256
-3116
-2966
205
-3013
-3027
217
-2985
-3033
248
-3047
-2975
247
-3098
-2995
221
-3014
-3046
248
-3030
-3015
257
-3075
-2964
213
-3021
-2979
209
-3020
-3031
244
-3054
-3024
258
-3090
-2983
221
-3028
-2994
207
-2974
-3024
217
-2988
-3009
269
-3095
-3004
267
-3120
-2953
233
-3103
-2962
211
-3042
-2988
226
-3051
-3041
221
-2991
-3020
223
-3024
-2996
230
-3049
-3014
249
-3080
-2989
228
-3046
-2989
219
-3022
-3040
258
-3034
-3025
252
-3040
-2960
220
-3025
-3008
248
-3051
-3027
278
-3080
-3008
251
-3056
-2991
209
-2970
-3013
238
-3038
-3031
265
-3074
-3024
242
-3040
-3033
238
-3033
-2992
219
-3033
-2975
214
-3044
-2969
216
-3051
-3047
242
-3012
-3061
253
-3020
-2978
237
-3069
-3009
233
-3035
-3023
224
-3001
-3018
248
-3059
-3017
252
-3060
-2998
234
-3065
-2989
219
-3030
-3006
231
-3027
-2986
225
-3070
-3001
222
-3049
-3044
231
-3026
-3007
245
-3090
-2959
205
-3046
-2994
215
-3023
-3028
225
-3020
-3021
230
-3031
-2991
242
-3089
-2997
231
-3061
-3008
216
-2990
-2998
213
-3020
-3012
229
-3058
-2996
241
-3072
-2996
241
-3074
-3009
222
-3034
-3005
225
-3045
-3012
224
-3032
-3011
230
-3040
-2973
227
-3068
-2992
232
-3034
-3016
246
-3048
-3011
231
-3028
-2985
223
-3039
-2996
231
-3059
-3016
250
-3069
-2995
226
-3037
-2991
217
-3040
-3006
237
-3075
-3001
243
-3078
-3001
223
-3021
-2995
241
-3064
-2986
236
-3043
-3020
237
-3001
-2986
231
-3047
-3004
254
-3081
-3038
254
-3022
-3015
240
-3033
-2987
235
-3064
-3009
243
-3051
-3005
240
-3051
-2995
238
-3046
-3001
234
-3040
-3006
238
-3056
-3001
237
-3056
-2999
225
-3031
-2989
239
-3075
-2988
238
-3065
-2997
235
-3054
-2950
219
-3062
-3009
240
-3055
-3023
250
-3046
-3016
244
-3043
-2991
237
-3060
-2963
225
-3066
-2981
233
-3072
-3001
247
-3085
-2971
228
-3066
-2979
218
-3048
-2991
228
-3053
-2990
225
-3047
-2978
231
-3084
-2999
246
-3103
-2999
237
-3063
-2954
207
-3045
-2990
218
-3061
-3006
232
-3061
-2992
217
-3054
-2987
217
-3072
-2971
201
-3073
-2966
219
-3079
-3001
229
-3043
-3072
241
-3053
-3031
264
-3063
-3074
323
-2985
-3112
306
-2844
-3204
322
-2754
-3204
312
-2697
-3136
305
-2809
-3196
361
-2867
-3247
412
-2852
-3189
382
-2843
-3215
351
-2767
-3218
353
-2796
-3180
378
-2863
-3147
376
-2887
-3164
381
-2886
-3134
344
-2875
-3161
349
-2839
-3163
358
-2841
-3175
359
-2828
-3185
378
-2860
-3130
350
-2873
-3233
386
-2776
-3196
377
-2797
-3190
385
-2820
-3219
410
-2798
-3217
402
-2755
-3202
367
-2747
-3187
373
-2723
-3290
480
-2808
-3295
484
-2839
-3271
425
-2691
-3245
435
-2756
-3236
440
-2739
-3243
444
-2739
-3270
461
-2752
-3235
434
-2705
-3237
449
-2746
-3245
445
-2763
-3259
460
-2755
-3245
463
-2753
-3252
449
-2709
-3264
449
-2722
-3238
453
-2753
-3247
464
-2759
-3249
460
-2746
-3222
433
-2733
-3264
458
-2751
-3247
452
-2747
-3233
439
-2731
-3243
457
-2764
-3247
447
-2724
-3235
445
-2745
-3233
438
-2753
-3255
448
-2705
-3260
456
-2716
-3261
462
-2717
-3267
458
-2717
-3251
460
-2728
-3254
476
-2742
-3269
482
-2738
-3261
463
-2706
-3284
476
-2718
-3289
483
-2709
-3271
459
-2687
-3262
467
-2718
-3272
475
-2720
-3273
470
-2697
-3230
445
-2737
-3255
462
-2730
-3270
473
-2721
-3239
444
-2693
-3249
455
-2707
-3323
496
-2722
-3295
482
-2684
-3255
469
-2710
-3262
470
-2719
-3275
476
-2696
-3271
482
-2719
-3259
464
-2703
-3278
478
-2717
-3270
467
-2703
-3270
478
-2696
-3252
473
-2727
-3256
475
-2724
-3304
484
-2671
-3292
488
-2688
-3254
462
-2693
-3277
482
-2713
-3290
497
-2717
-3260
472
-2690
-3278
484
-2698
-3285
493
-2691
-3272
480
-2690
-3276
479
-2705
-3292
487
-2700
-3281
485
-2705
-3302
505
-2698
-3360
512
-2741
-3425
579
-2771
-3576
626
-2515
-3384
622
-2348
-3968
690
-1785
-4141
588
-1376
-3692
354
-1999
-3480
431
-2219
-3531
501
-2419
-3295
350
-2680
-3100
142
-2705
-3160
223
-2590
-2845
253
-3252
-2397
-1
-3788
-2503
-77
-3473
-2631
-124
-3172
-2857
-53
-3066
-2941
-63
-3201
-2178
-392
-3538
-1829
-510
-3469
-1878
-399
-3441
-1862
58
-3642
-2022
461
-3988
-1668
449
-4132
-1854
502
-4363
-2261
241
-4143
-2359
117
-3615
-2074
31
-3665
-1719
142
-3932
-1555
226
-3983
-1678
192
-3847
-1777
171
-3925
-1863
228
-4028
-1788
107
-3709
-1895
176
-3892
-1629
111
-3981
-1802
199
-4155
-1855
167
-4322
-2078
160
-3675
-2800
230
-2948
-2503
128
-3037
-2533
100
-3228
-2384
59
-3223
-2436
116
-3395
-2330
137
-3623
-2378
169
-3660
-2405
202
-3570
-2403
218
-3645
-2414
219
-3632
-2408
208
-3591
-2368
169
-3494
-2400
186
-3524
-2365
204
-3601
-2365
191
-3577
-2387
214
-3618
-2349
158
-3545
-2320
154
-3631
-2438
192
-3546
-2518
203
-3392
-2477
216
-3463
-2751
275
-3336
-2845
282
-3217
-2912
351
-3159
-2901
294
-2982
-3121
309
-2819
-2983
371
-3012
-3318
545
-2566
-3723
633
-2188
-3397
551
-2375
-3593
599
-2265
-3385
532
-2386
-3540
632
-2381
-3497
645
-2421
-3422
650
-2520
-3555
692
-2440
-3471
662
-2429
-3530
649
-2335
-3418
617
-2371
-3461
650
-2378
-3513
624
-2270
-3528
661
-2253
-3490
672
-2268
-3600
736
-2223
-3532
758
-2203
-3526
750
-2029
-3657
831
-1987
-3690
892
-1961
-3669
866
-1922
-4009
1076
-1878
-3617
866
-2128
-3351
761
-2439
-3576
858
-2386
-3228
574
-2395
-3410
772
-2578
-3521
761
-2502
-3411
707
-2492
-3384
713
-2518
-3400
689
-2437
-3401
707
-2457
-3406
710
-2476
-3418
701
-2461
-3408
708
-2480
-3426
738
-2523
-3433
711
-2445
-3427
696
-2407
-3412
696
-2436
-3413
698
-2452
-3413
697
-2464
-3433
709
-2478
-3422
701
-2464
-3409
682
-2422
-3429
694
-2437
-3432
693
-2436
-3429
703
-2467
-3426
703
-2488
-3421
693
-2474
-3414
682
-2470
-3432
689
-2450
-3422
679
-2448
-3447
681
-2429
-3442
684
-2434
-3446
691
-2434
-3441
685
-2436
-3417
678
-2454
-3434
685
-2452
-3428
682
-2456
-3426
676
-2450
-3428
674
-2452
-3431
681
-2454
-3445
682
-2439
-3439
670
-2431
-3428
668
-2461
-3462
679
-2438
-3434
662
-2438
-3420
659
-2481
-3396
653
-2498
-3438
649
-2444
-3463
662
-2425
-3414
643
-2453
-3444
659
-2448
-3441
667
-2450
-3451
665
-2430
-3448
657
-2417
-3452
660
-2432
-3444
667
-2445
-3446
673
-2431
-3445
667
-2435
-3444
666
-2437
-3444
678
-2445
-3445
670
-2428
-3434
667
-2440
-3433
665
-2435
-3459
676
-2422
-3466
684
-2407
-3447
668
-2432
-3441
670
-2428
-3478
684
-2383
-3477
684
-2387
-3475
684
-2396
-3462
676
-2392
-3474
689
-2392
-3477
680
-2389
-3467
678
-2404
-3466
690
-2410
-3464
686
-2407
-3474
680
-2389
-3469
683
-2391
-3452
681
-2413
-3472
687
-2386
-3452
675
-2408
-3454
679
-2416
-3471
678
-2392
-3476
682
-2386
-3480
681
-2387
-3465
678
-2397
-3461
684
-2409
-3462
681
-2402
-3469
678
-2400
-3459
677
-2408
-3462
681
-2411
-3471
683
-2396
-3455
677
-2409
-3460
682
-2410
-3464
678
-2401
-3473
691
-2392
-3442
671
-2428
-3442
672
-2426
-3474
690
-2400
-3466
680
-2398
-3459
681
-2414
-3457
680
-2421
-3462
680
-2408
-3462
680
-2412
-3457
680
-2413
-3456
677
-2411
-3460
682
-2411
-3464
677
-2398
-3465
682
-2405
-3450
679
-2419
-3469
685
-2409
-3462
682
-2406
-3442
676
-2428
-3460
683
-2409
-3471
685
-2396
-3459
681
-2406
-3449
680
-2411
-3468
684
-2404
-3465
688
-2403
-3461
682
-2402
-3455
678
-2407
-3457
685
-2425
-3447
685
-2413
-3457
681
-2406
-3465
686
-2409
-3444
681
-2425
-3461
692
-2411
-3461
680
-2405
-3441
679
-2435
-3450
680
-2413
-3474
685
-2396
-3463
686
-2397
-3460
683
-2394
-3466
683
-2402
-3467
690
-2406
-3454
694
-2417
-3447
690
-2411
-3471
703
-2385
-3475
700
-2368
-3456
650
-2372
-3476
652
-2418
-3423
697
-2481
-3431
689
-2464
-3427
674
-2452
-3419
682
-2476
-3427
670
-2439
-3419
674
-2440
-3452
680
-2432
-3433
683
-2446
-3426
689
-2460
-3425
686
-2461
-3409
678
-2481
-3409
693
-2494
-3407
691
-2503
-3403
680
-2494
-3411
690
-2496
-3401
685
-2481
-3418
688
-2479
-3410
677
-2467
-3423
673
-2442
-3427
674
-2421
-3387
697
-2527
-3355
697
-2597
-3394
684
-2495
-3416
687
-2468
-3381
677
-2510
-3389
685
-2503
-3390
681
-2510
-3369
674
-2542
-3367
672
-2521
-3393
683
-2506
-3391
681
-2511
-3383
674
-2501
-3402
692
-2493
-3392
692
-2507
-3372
678
-2525
-3397
682
-2511
-3413
698
-2510
-3404
693
-2491
-3373
674
-2523
-3361
666
-2541
-3366
674
-2535
-3369
671
-2530
-3374
666
-2531
-3386
675
-2512
-3397
680
-2507
-3384
669
-2517
-3387
674
-2530
-3382
679
-2539
-3408
667
-2490
-3488
715
-2391
-3449
647
-2273
-3497
670
-2279
-3472
785
-2481
-3503
839
-2241
-3602
841
-2023
-3767
926
-1842
-3773
933
-1788
-3729
936
-1831
-3743
948
-1831
-3679
935
-1905
-3709
946
-1890
-3678
935
-1915
-3674
936
-1915
-3726
960
-1850
-3714
951
-1831
-3692
954
-1880
-3701
960
-1844
-3720
986
-1863
-3708
972
-1836
-3717
981
-1839
-3699
980
-1862
-3692
988
-1867
-3708
1001
-1852
-3687
1001
-1867
-3678
999
-1865
-3730
1013
-1779
-3706
1027
-1859
-3697
1007
-1850
-3697
1005
-1839
-3696
1019
-1844
-3691
1012
-1853
-3670
1010
-1857
-3704
1024
-1822
-3737
1041
-1806
-3747
1027
-1778
-3694
1020
-1854
-3635
1019
-1916
-3676
1028
-1839
-3698
1032
-1786
-3694
1049
-1825
-3713
1065
-1814
-3713
1062
-1793
-3705
1063
-1805
-3713
1064
-1788
-3694
1064
-1801
-3716
1073
-1797
-3692
1055
-1821
-3686
1057
-1826
-3699
1060
-1794
-3714
1067
-1782
-3701
1061
-1792
-3706
1064
-1789
-3697
1055
-1803
-3702
1057
-1796
-3717
1064
-1795
-3713
1058
-1800
-3705
1057
-1794
-3717
1059
-1786
-3706
1048
-1787
-3720
1054
-1791
-3710
1049
-1791
-3734
1059
-1781
-3711
1046
-1796
-3730
1049
-1803
-3695
1029
-1796
-3699
1031
-1804
-3711
1040
-1804
-3711
1035
-1784
-3729
1046
-1776
-3721
1040
-1777
-3710
1039
-1792
-3723
1050
-1778
-3725
1046
-1769
-3718
1046
-1788
-3725
1043
-1769
-3713
1041
-1785
-3712
1048
-1785
-3736
1050
-1768
-3698
1040
-1808
-3726
1054
-1781
-3700
1045
-1796
-3736
1054
-1765
-3704
1036
-1794
-3715
1040
-1779
-3713
1048
-1804
-3718
1044
-1792
-3709
1035
-1801
-3706
1041
-1814
-3709
1034
-1812
-3714
1041
-1803
-3706
1036
-1811
-3705
1031
-1807
-3709
1038
-1802
-3702
1032
-1821
-3703
1029
-1810
-3727
1044
-1791
-3709
1032
-1804
-3708
1035
-1804
-3693
1030
-1823
-3719
1036
-1806
-3715
1032
-1794
-3701
1024
-1810
-3722
1033
-1827
-3719
1025
-1795
-3714
1030
-1807
-3691
1017
-1834
-3699
1024
-1830
-3713
1029
-1813
-3712
1027
-1806
-3696
1014
-1837
-3696
1015
-1848
-3707
1024
-1815
-3705
1026
-1833
-3700
1020
-1826
-3709
1016
-1819
-3704
1017
-1838
-3710
1019
-1835
-3699
1013
-1829
-3706
1017
-1830
-3700
1017
-1828
-3707
1018
-1818
-3714
1019
-1826
-3693
1022
-1825
-3710
1032
-1824
-3719
1033
-1800
-3695
1017
-1825
-3698
1024
-1828
-3714
1031
-1808
-3719
1033
-1811
-3706
1031
-1810
-3705
1032
-1811
-3704
1034
-1815
-3711
1037
-1819
-3698
1031
-1824
-3711
1029
-1808
-3706
1030
-1813
-3702
1035
-1815
-3713
1034
-1794
-3703
1035
-1816
-3721
1043
-1799
-3712
1035
-1801
-3685
1035
-1832
-3710
1034
-1813
-3705
1040
-1811
-3718
1045
-1799
-3709
1042
-1803
-3699
1033
-1811
-3716
1040
-1794
-3709
1047
-1801
-3706
1036
-1801
-3710
1041
-1798
-3712
1049
-1796
-3717
1045
-1796
-3700
1039
-1812
-3713
1042
-1798
-3722
1050
-1782
-3699
1034
-1817
-3700
1034
-1820
-3718
1057
-1787
-3718
1058
-1781
-3698
1039
-1804
-3698
1028
-1810
-3712
1057
-1798
-3703
1053
-1794
-3727
1040
-1784
-3722
1044
-1786
-3712
1058
-1786
-3713
1052
-1792
-3718
1042
-1781
-3712
1046
-1790
-3709
1046
-1798
-3720
1053
-1804
-3712
1076
-1956
-3692
1082
-2036
-3765
1203
-2156
-3771
1141
-1870
-4450
1335
-544
-4737
1295
111
-4148
870
-688
-4307
992
-1027
-4218
1208
-1128
-3412
760
-2019
-2484
287
-2521
-1417
-253
-3266
-912
-342
-3817
-105
-522
-4177
-202
-426
-5355
-1200
-370
-4362
-1324
-522
-3812
-1290
-499
-3982
-1145
-466
-4174
-1081
-502
-4144
-961
-473
-4195
-414
-600
-4034
-208
-638
-3871
-723
-385
-3939
-1029
-2
-4047
-820
88
-3794
-1951
514
-3457
-1854
342
-4371
-2943
926
-4673
-2616
494
-3627
-1847
84
-3445
-2659
343
-3910
-2064
234
-3746
-1675
246
-3961
-1412
128
-3984
-1474
163
-4023
-1262
-54
-3647
-1503
-8
-3657
-1136
96
-4205
-1435
205
-3978
-1726
492
-3821
-1674
321
-3048
-2764
821
-3383
-3724
1577
-4319
-2659
706
-2676
-2683
749
-2776
-3003
1090
-3493
-2620
810
-3147
-2716
828
-3029
-2857
923
-3177
-2748
862
-3129
-2771
876
-3150
-2902
999
-3412
-3340
1237
-3361
-3585
906
-2456
-2428
672
-3490
-2626
513
-3805
-2240
21
-4124
-1533
-64
-4229
-604
-373
-3193
-1412
-148
-2530
-820
84
-4039
-196
57
-4963
-772
54
-4546
-1659
-45
-3918
-2183
22
-3867
-1770
-31
-3878
-1483
-12
-3960
-1655
28
-4001
-1812
14
-3918
-1807
-13
-3853
-1748
-18
-3810
-1736
-45
-3833
-1792
-1
-3891
-1734
20
-3933
-1747
30
-3912
-1797
3
-3866
-1779
-13
-3872
-1751
18
-3903
-1685
3
-3969
-1760
18
-3979
-1778
0
-4038
-1876
28
-4010
-2019
270
-3878
-2580
598
-3565
-2791
538
-3071
-3017
572
-2594
-3195
631
-2148
-3302
552
-1666
-3388
691
-1734
-3972
1135
-1762
-4824
1751
-1767
-4055
1235
-1414
-3471
701
-1391
-3712
869
-1671
-3818
1074
-1923
-3752
1042
-1878
-3662
952
-1864
-3629
949
-2025
-3641
917
-1976
-3649
890
-1952
-3733
889
-1816
-3689
879
-1914
-3624
890
-2025
-3674
919
-2132
-3629
870
-2037
-3660
874
-1985
-3672
899
-1986
-3642
879
-2003
-3653
864
-1940
-3703
879
-1867
-3701
899
-1942
-3664
877
-1962
-3663
895
-2007
-3629
888
-2049
-3649
888
-2017
-3662
892
-1989
-3663
896
-1994
-3651
887
-1992
-3652
890
-1999
-3655
895
-2005
-3654
895
-1987
-3648
893
-1993
-3659
892
-1982
-3660
897
-1976
-3657
906
-1998
-3655
899
-2035
-3628
878
-2031
-3647
892
-2003
-3672
905
-1958
-3665
899
-1968
-3646
897
-2005
-3650
899
-2013
-3637
893
-1998
-3654
902
-1996
-3652
894
-1991
-3655
898
-1982
-3660
905
-1979
-3657
899
-1981
-3659
895
-1994
-3651
893
-1975
-3663
911
-1977
-3657
899
-1993
-3657
897
-2005
-3669
900
-1968
-3647
899
-1994
-3661
905
-1991
-3668
899
-1976
-3650
897
-1992
-3638
896
-1999
-3671
904
-1969
-3664
898
-1981
-3647
890
-1991
-3658
911
-1992
-3649
893
-1991
-3659
897
-1989
-3652
891
-1973
-3666
913
-1967
-3637
899
-1990
-3645
892
-1983
-3658
882
-1969
-3680
909
-1950
-3746
991
-1981
-3813
957
-1899
-3851
1017
-1920
-3834
1044
-1837
-3678
930
-1924
-3542
880
-1770
-3232
1002
-1861
-3378
1071
-2274
-3253
949
-2815
-3214
866
-3004
-3258
764
-2966
-3008
679
-2845
-2914
548
-2724
-2965
631
-2830
-2985
384
-2744
-3061
160
-3030
-3137
95
-3037
-3243
93
-3116
-3222
244
-2982
-3158
402
-2901
-3168
360
-2683
-3072
462
-2810
-3215
286
-2518
-3321
243
-2717
-3270
266
-3072
-3244
94
-2779
-3156
-215
-2617
-3387
-413
-2447
-3484
-524
-2260
-3269
-570
-2397
-3243
-492
-2598
-3234
-608
-2664
-3258
-782
-2504
-3346
-745
-2531
-3535
-614
-2618
-3666
-552
-2648
-3614
-592
-2542
-3326
-787
-2372
-3311
-1136
-2155
-3617
-1307
-1983
-3772
-1271
-1769
-4002
-1203
-1665
-4057
-1011
-1666
-3867
-810
-1469
-3706
-707
-1170
-3652
-354
-1318
-3132
-135
-1776
-2483
-306
-1985
-2584
-235
-3275
-1913
-878
-3801
-2163
-1208
-3653
-2653
-1519
-3616
-2779
-1582
-3030
-3876
-841
-3016
-3697
-257
-3709
-3530
274
-4218
-3070
635
-4037
-2428
1258
-4255
-2587
1213
-3648
-2174
1061
-3046
-1380
995
-2717
-1981
743
-2831
-2009
1470
-3128
-2400
2179
-3581
-3162
2315
-4066
-2404
1633
-3904
-2413
1528
-3587
-2573
1317
-3173
-2780
986
-3500
-2240
573
-3128
-2700
321
-2673
-2612
116
-2813
-2241
230
-2938
-2187
61
-3023
-2627
127
-3091
-3567
802
-3040
-3541
1145
-2880
-2937
1010
-3136
-2902
823
-3195
-3151
683
-2896
-3354
784
-2605
-3374
949
-2526
-3286
865
-2555
-3156
886
-2840
-3030
944
-3002
-3372
907
-2594
-3485
500
-1999
-3390
580
-2580
-2942
989
-2599
-3271
1323
-2507
-3374
1310
-2824
-3127
1165
-2772
-3238
968
-2472
-3389
996
-2619
-3347
974
-2522
-3291
580
-2302
-3242
306
-2348
-3461
540
-2520
-3633
909
-2515
-3772
967
-2127
-3461
847
-2195
-3307
770
-2348
-3402
773
-2391
-3245
970
-2703
-3135
894
-2650
-3494
779
-2750
-3367
694
-2742
-3346
817
-2807
-2998
983
-2982
-2622
523
-2755
-3015
553
-3055
-2913
551
-3324
-2881
618
-2943
-2912
652
-3140
-2595
467
-3372
-2639
369
-3487
-2724
454
-3558
-2523
606
-3501
-2202
492
-3597
-2165
341
-3501
-2284
506
-3453
-1737
475
-3368
-1651
799
-3713
-2684
1099
-2878
-3297
1116
-3161
-2649
296
-3286
-2457
360
-3524
-2615
805
-3960
-2409
1342
-4143
-2692
1835
-4067
-2860
1245
-4133
-2539
340
-3746
-3168
-57
-3721
-3495
-676
-2955
-3027
-784
-2534
-3630
-898
-2052
-2952
-1143
-1492
-2754
-1611
-1332
-3937
-1898
-962
-3782
-1633
-1198
-3548
-2043
-1107
-2993
-2333
-1131
-2440
-2421
-1377
-3191
-2389
-1448
-2957
-2474
-1442
-2447
-2580
-1411
-2490
-2967
-1361
-2143
-3109
-2054
-2174
-2917
-2796
-2409
-3044
-1970
-2204
-3147
-1350
-2188
-3136
-1764
-2156
-3079
-2031
-2082
-3104
-1871
-2034
-3087
-2014
-2131
-3027
-2088
-2237
-3036
-1985
-2204
-3034
-2040
-1930
-3085
-2168
-1887
-3067
-2081
-2125
-3065
-1975
-2294
-3017
-2055
-2284
-2905
-2094
-2336
-2899
-2174
-2487
-2796
-2431
-2484
-2760
-2488
-2475
-2812
-2158
-2660
-2785
-1801
-2594
-2688
-1507
-2907
-2684
-1603
-2694
-2658
-2046
-2882
-2556
-2007
-3019
-2330
-1820
-3343
-2075
-1674
-3580
-2159
-982
-3426
-2220
-716
-3482
-1962
-778
-3832
-1822
-635
-4044
-1482
-488
-4157
-1401
-565
-4098
-1489
-517
-4017
-1513
-351
-3936
-1362
-535
-3932
-1464
-605
-3872
-1602
-602
-3939
-1615
-519
-3965
-1433
-522
-3944
-1392
-583
-3948
-1516
-532
-3896
-1547
-451
-3953
-1523
-475
-3996
-1539
-422
-3870
-1559
-425
-3851
-1653
-514
-3887
-1664
-485
-3887
-1594
-445
-3922
-1573
-486
-3912
-1585
-391
-3878
-1618
-323
-3904
-1596
-368
-3937
-1595
-385
-3973
-1625
-441
-3906
-1655
-463
-3913
-1678
-431
-3815
-1607
-509
-3707
-1691
-472
-3837
-1352
-238
-4086
-1007
-295
-4031
-790
-373
-4194
-878
-388
-4380
-1227
17
-4234
-1630
276
-3970
-1973
115
-3838
-2016
-271
-3738
-1749
-200
-3765
-1593
-4
-3933
-1665
-92
-3799
-1769
-160
-3746
-1744
-36
-3873
-1625
115
-4052
-1484
27
-3999
-1449
43
-3934
-1563
8
-3944
-1631
-43
-3849
-1654
-68
-3955
-1612
-194
-3984
-1595
-182
-3921
-1526
-212
-3910
-1685
-259
-3798
-1606
-193
-3803
-1706
-36
-3894
-1558
-115
-3961
-1500
-51
-3919
-1500
-57
-3892
-1530
-288
-3993
-1612
-298
-3746
-1656
-155
-3917
-1411
-556
-4206
-1270
-592
-3968
-1437
-721
-4039
-1356
-1375
-3978
-1586
-1125
-3712
-1771
-1183
-3682
-1808
-1468
-3897
-1791
-1341
-3830
-1728
-1485
-3683
-1706
-1656
-3527
-1893
-1460
-3382
-2229
-1140
-3562
-2264
-833
-3319
-2377
-718
-3152
-2515
-882
-3056
-2493
-1423
-2903
-2477
-1903
-2961
-2671
-1575
-2817
-2748
-1228
-2866
-2829
-948
-2654
-2946
-1101
-2773
-2966
-1241
-2983
-2804
-1136
-3120
-2614
-1526
-2899
-2473
-2472
-2794
-2759
-1881
-2795
-2745
-1831
-2642
-2782
-2266
-2436
-2875
-1803
-2297
-2986
-1664
-2238
-3060
-1742
-2154
-2965
-1898
-2352
-2929
-1937
-2537
-2857
-2090
-2519
-2781
-2224
-2578
-2680
-2114
-2562
-2712
-2089
-2637
-2744
-1990
-2592
-2694
-1933
-2522
-2689
-2029
-2718
-2733
-1922
-2739
-2646
-1941
-2748
-2573
-2184
-2729
-2644
-2212
-2735
-2702
-2046
-2591
-2733
-1978
-2584
-2733
-1966
-2623
-2712
-1977
-2571
-2761
-1929
-2597
-2815
-1863
-2525
-2850
-1810
-2544
-2838
-1887
-2568
-2800
-1964
-2569
-2744
-1974
-2615
-2724
-2077
-2650
-2725
-2032
-2605
-2699
-2086
-2652
-2720
-2047
-2614
-2733
-1973
-2610
-2787
-1835
-2596
-2785
-1730
-2503
-2789
-1756
-2671
-2622
-1853
-2693
-2495
-2400
-2743
-2348
-3245
-2736
-2438
-2129
-2757
-2733
-1558
-2678
-2734
-1789
-2758
-2607
-1886
-2912
-2598
-1840
-2784
-2684
-1750
-2453
-2766
-1711
-2569
-2744
-1869
-2723
-2630
-2044
-2532
-2700
-2101
-2564
-2645
-2049
-2509
-2590
-1939
-2282
-2605
-1830
-2974
-2123
-2733
-3192
-1508
-3582
-3143
-1961
-2616
-3027
-2252
-2063
-3089
-1967
-2538
-3000
-2039
-2553
-2921
-2117
-2318
-2873
-2148
-2244
