-3695
-1035
-1910
-3702
-1049
-1884
-3705
-1065
-1887
-3698
-1047
-1907
-3698
-1011
-1900
-3702
-1000
-1921
-3702
-989
-1901
-3710
-1005
-1854
-3713
-1031
-1862
-3698
-1044
-1873
-3697
-1070
-1915
-3692
-1064
-1918
-3692
-1051
-1915
-3689
-1036
-1907
-3703
-1019
-1882
-3706
-1034
-1889
-3695
-1047
-1873
-3696
-1059
-1887
-3687
-1067
-1923
-3677
-1059
-1943
-3676
-1085
-1947
-3688
-1080
-1915
-3689
-1064
-1897
-3693
-1047
-1881
-3692
-1026
-1898
-3681
-1033
-1926
-3674
-1056
-1920
-3669
-1098
-1935
-3658
-1101
-1952
-3665
-1104
-1950
-3673
-1091
-1940
-3674
-1084
-1916
-3677
-1021
-1894
-3678
-1005
-1908
-3675
-986
-1881
-3653
-1054
-1911
-3641
-1103
-1934
-3622
-1163
-1940
-3589
-1260
-1997
-3570
-1356
-2017
-3540
-1490
-2063
-3533
-1595
-2107
-3515
-1642
-2140
-3507
-1599
-2191
-3506
-1496
-2169
-3511
-1471
-2204
-3537
-1434
-2185
-3538
-1326
-2144
-3563
-1136
-2058
-3602
-875
-1946
-3634
-537
-1840
-3688
-253
-1735
-3723
49
-1654
-3743
293
-1584
-3732
445
-1567
-3735
612
-1487
-3670
835
-1417
-3720
1217
-1330
-3766
1513
-1305
-3650
1556
-1503
-3563
1957
-1636
-3392
1995
-1877
-3367
2085
-2077
-3337
1905
-2216
-3391
1474
-2242
-3365
1455
-2109
-3330
963
-2093
-3404
768
-2095
-3325
301
-2294
-3342
-71
-2290
-3319
-276
-2373
-3310
-662
-2371
-3290
-768
-2275
-3224
-1039
-2236
-3195
-1209
-2097
-3209
-1757
-2166
-3211
-1687
-2024
-3108
-2111
-2036
-2994
-2326
-2015
-2837
-3007
-2218
-2622
-3585
-2432
-2522
-3703
-2616
-2598
-3479
-2776
-2683
-2965
-2679
-2696
-2482
-2589
-2771
-2087
-2514
-2968
-1794
-2457
-3113
-1579
-2463
-3153
-1279
-2406
-3218
-1045
-2307
-3239
-672
-2207
-3350
-435
-2137
-3460
-88
-2031
-3520
129
-1991
-3564
356
-1864
-3606
648
-1761
-3632
860
-1760
-3668
1102
-1585
-3695
1475
-1506
-3801
1762
-1341
-3720
2013
-1266
-3687
2019
-1380
-3640
1853
-1476
-3604
1445
-1734
-3608
1191
-1882
-3561
987
-1861
-3482
583
-1949
-3520
415
-1982
-3537
18
-2054
-3476
-207
-2153
-3389
-542
-2221
-3301
-738
-2234
-3248
-1117
-2264
-3221
-1335
-2262
-3261
-1653
-2239
-3185
-1654
-2042
-3067
-1902
-2171
-2932
-2105
-2208
-2794
-2347
-2452
-2859
-2672
-2584
-2735
-2867
-2827
-2584
-2840
-2856
-2549
-2892
-2855
-2578
-2821
-2821
-2667
-2756
-2797
-2720
-2520
-2731
-2781
-2118
-2593
-2884
-1686
-2459
-3035
-1503
-2370
-3101
-1336
-2415
-3190
-1120
-2420
-3217
-826
-2330
-3275
-477
-2166
-3355
-65
-2029
-3457
467
-1951
-3546
849
-1863
-3578
915
-1876
-3578
1067
-1888
-3549
1259
-1937
-3478
1252
-1980
-3585
1714
-1869
-3533
2029
-1852
-3587
2032
-1644
-3543
1689
-1698
-3583
1189
-1816
-3553
842
-1817
-3494
350
-1981
-3533
121
-1975
-3495
-320
-2091
-3548
-371
-2165
-3481
-219
-2208
-3406
-514
-2344
-3351
-558
-2343
-3295
-934
-2397
-3267
-1028
-2326
-3197
-1314
-2275
-3131
-1539
-2110
-3085
-1799
-2264
-2991
-1990
-2231
-2929
-2371
-2330
-2753
-2375
-2421
-2597
-2620
-2562
-2540
-3150
-2599
-2507
-3562
-2694
-2505
-3741
-2707
-2467
-3470
-2668
-2500
-3005
-2618
-2592
-2471
-2534
-2807
-2014
-2418
-2954
-1731
-2401
-3075
-1294
-2310
-3170
-847
-2110
-3241
-339
-2034
-3341
-4
-2059
-3454
367
-1944
-3479
564
-2017
-3525
856
-1950
-3568
991
-1848
-3470
896
-1923
-3392
830
-2188
-3419
900
-2191
-3335
1241
-2237
-3359
1721
-2193
-3401
2187
-2125
-3312
2377
-2075
-3277
2037
-1960
-3326
1495
-2044
-3403
1002
-2028
-3404
609
-2106
-3426
415
-2166
-3408
198
-2230
-3422
-87
-2257
-3410
-49
-2305
-3401
-241
-2387
-3410
-308
-2403
-3355
-580
-2508
-3355
-775
-2519
-3344
-710
-2499
-3315
-889
-2536
-3312
-878
-2449
-3283
-969
-2453
-3303
-1016
-2366
-3282
-1125
-2333
-3266
-1463
-2269
-3191
-1513
-2205
-3139
-1860
-2276
-3104
-1950
-2143
-2993
-2158
-2221
-2958
-2298
-2221
-2911
-2431
-2380
-2821
-2580
-2589
-2761
-2871
-2689
-2677
-2806
-2708
-2695
-2643
-2660
-2796
-2275
-2559
-2920
-2071
-2458
-3011
-1871
-2439
-3048
-1663
-2417
-3096
-1557
-2420
-3144
-1513
-2446
-3165
-1548
-2483
-3169
-1473
-2472
-3191
-1346
-2460
-3249
-1228
-2473
-3311
-1076
-2433
-3336
-910
-2396
-3375
-748
-2360
-3410
-541
-2306
-3461
-397
-2259
-3485
-164
-2242
-3519
-52
-2217
-3525
128
-2187
-3538
246
-2180
-3544
370
-2137
-3531
431
-2114
-3524
470
-2150
-3508
544
-2128
-3516
689
-2057
-3503
850
-2045
-3540
1261
-1911
-3549
1550
-1878
-3496
1644
-1903
-3473
1659
-1890
-3477
1460
-1979
-3494
1146
-2028
-3462
942
-2088
-3467
787
-2143
-3463
662
-2194
-3489
518
-2213
-3483
514
-2225
-3434
403
-2304
-3454
359
-2286
-3430
173
-2375
-3420
13
-2424
-3407
-219
-2389
-3377
-425
-2412
-3368
-747
-2421
-3348
-915
-2395
-3349
-1140
-2339
-3382
-1472
-2324
-3376
-1421
-2279
-3368
-1223
-2239
-3371
-1191
-2170
-3326
-1074
-2216
-3300
-1241
-2270
-3227
-1335
-2308
-3139
-1627
-2376
-3017
-1813
-2372
-2961
-2043
-2405
-2879
-2034
-2399
-2842
-2216
-2482
-2739
-2354
-2496
-2701
-2767
-2596
-2652
-2965
-2622
-2566
-2990
-2673
-2556
-2761
-2667
-2612
-2418
-2630
-2719
-2214
-2614
-2819
-2102
-2663
-2828
-1977
-2645
-2798
-1872
-2661
-2916
-1728
-2623
-2973
-1649
-2660
-3009
-1530
-2659
-3034
-1344
-2626
-3072
-1206
-2612
-3128
-977
-2569
-3196
-787
-2486
-3243
-532
-2428
-3282
-220
-2394
-3328
48
-2336
-3394
386
-2207
-3458
645
-2199
-3473
865
-2112
-3489
967
-2073
-3504
1114
-2042
-3534
1306
-1999
-3528
1427
-1958
-3575
1497
-1823
-3580
1563
-1773
-3600
1471
-1759
-3597
1166
-1837
-3594
875
-1928
-3509
536
-2045
-3540
371
-2081
-3527
216
-2139
-3538
58
-2128
-3545
-141
-2118
-3500
-459
-2216
-3531
-494
-2166
-3464
-748
-2177
-3449
-944
-2137
-3382
-1008
-2052
-3342
-1239
-2171
-3301
-1176
-2352
-3152
-1268
-2524
-3100
-1355
-2601
-3014
-1566
-2661
-2912
-1657
-2621
-2812
-1691
-2591
-2757
-1931
-2576
-2744
-2313
-2636
-2658
-2761
-2694
-2544
-3123
-2806
-2468
-3163
-2854
-2432
-2972
-2873
-2508
-2661
-2848
-2635
-2343
-2769
-2738
-2041
-2693
-2875
-1777
-2622
-2970
-1477
-2564
-3024
-1297
-2528
-3081
-1114
-2478
-3177
-970
-2468
-3241
-807
-2421
-3297
-612
-2392
-3351
-339
-2342
-3423
-86
-2232
-3495
213
-2094
-3539
459
-2035
-3578
701
-1979
-3594
924
-1902
-3652
1135
-1855
-3680
1282
-1855
-3666
1256
-1826
-3658
1109
-1841
-3649
856
-1914
-3630
657
-1975
-3625
562
-1997
-3602
503
-2028
-3600
267
-2090
-3610
133
-2083
-3594
-21
-2077
-3552
-322
-2119
-3554
-501
-2115
-3474
-798
-2168
-3472
-963
-2159
-3447
-1077
-2192
-3459
-1251
-2232
-3428
-1261
-2226
-3334
-1381
-2263
-3314
-1403
-2245
-3276
-1564
-2275
-3225
-1730
-2320
-3152
-1844
-2393
-3134
-1949
-2452
-3096
-2023
-2483
-3100
-2099
-2524
-3033
-2163
-2530
-3014
-2243
-2554
-3027
-2179
-2603
-3040
-2042
-2604
-3049
-1745
-2618
-3083
-1418
-2587
-3125
-1161
-2561
-3198
-878
-2512
-3263
-693
-2475
-3307
-379
-2375
-3326
-157
-2354
-3402
71
-2256
-3456
291
-2175
-3463
714
-2085
-3455
1067
-1983
-3502
1203
-1877
-3546
1269
-1983
-3478
1296
-1984
-3515
1429
-1956
-3484
1407
-2004
-3467
1369
-2004
-3491
1259
-2009
-3500
1077
-2026
-3498
954
-2051
-3499
830
-2086
-3518
690
-2109
-3507
635
-2085
-3464
352
-2184
-3491
196
-2189
-3447
-58
-2285
-3455
-330
-2331
-3445
-300
-2374
-3394
-467
-2440
-3370
-561
-2396
-3359
-682
-2375
-3344
-916
-2376
-3336
-1074
-2352
-3274
-1200
-2412
-3216
-1387
-2403
-3193
-1337
-2360
-3134
-1528
-2443
-3086
-1591
-2393
-3027
-1829
-2467
-2940
-2011
-2507
-2875
-2206
-2594
-2808
-2390
-2704
-2762
-2479
-2782
-2738
-2489
-2810
-2744
-2376
-2799
-2793
-2233
-2746
-2856
-2025
-2690
-2908
-1850
-2638
-2981
-1719
-2635
-3054
-1576
-2609
-3096
-1457
-2540
-3129
-1332
-2560
-3161
-1143
-2484
-3228
-966
-2429
-3290
-725
-2423
-3338
-367
-2323
-3408
-101
-2249
-3459
159
-2181
-3505
382
-2068
-3530
520
-1995
-3562
776
-1857
-3581
991
-1779
-3601
1201
-1749
-3623
1290
-1702
-3577
1297
-1770
-3530
1385
-1780
-3574
1364
-1798
-3569
1447
-1802
-3546
1467
-1815
-3530
1394
-1838
-3515
1224
-1863
-3553
1054
-1904
-3546
940
-1923
-3531
729
-2032
-3560
670
-2070
-3499
592
-2116
-3501
422
-2204
-3508
311
-2246
-3495
154
-2272
-3500
-9
-2281
-3525
-34
-2276
-3522
7
-2287
-3507
-26
-2318
-3458
25
-2331
-3452
4
-2357
-3429
-95
-2371
-3423
-276
-2425
-3407
-352
-2405
-3328
-539
-2438
-3279
-596
-2440
-3222
-754
-2434
-3161
-922
-2415
-3085
-1141
-2411
-2984
-1533
-2486
-2875
-1708
-2484
-2772
-2044
-2571
-2674
-2236
-2593
-2634
-2656
-2695
-2571
-2970
-2744
-2433
-3257
-2845
-2326
-3137
-2914
-2449
-2803
-2896
-2568
-2478
-2827
-2665
-2218
-2728
-2756
-1995
-2638
-2850
-1874
-2552
-2926
-1758
-2527
-3014
-1610
-2524
-3051
-1452
-2502
-3109
-1284
-2519
-3177
-1107
-2464
-3261
-934
-2408
-3336
-821
-2365
-3392
-629
-2287
-3433
-444
-2185
-3492
-275
-2185
-3501
-26
-2163
-3555
186
-2025
-3567
289
-2029
-3525
480
-2000
-3525
703
-2018
-3487
861
-2015
-3470
896
-2050
-3436
930
-2096
-3427
1070
-2070
-3426
1249
-2177
-3379
1511
-2178
-3353
1683
-2092
-3354
1849
-2068
-3365
1825
-2001
-3396
1542
-2026
-3399
1275
-2048
-3413
1119
-2088
-3427
858
-2147
-3399
662
-2227
-3410
457
-2271
-3453
316
-2277
-3475
133
-2280
-3505
-15
-2238
-3494
-270
-2220
-3517
-362
-2203
-3505
-570
-2244
-3534
-690
-2202
-3545
-680
-2193
-3486
-758
-2299
-3484
-857
-2229
-3497
-879
-2153
-3501
-1006
-2130
-3495
-1229
-2087
-3415
-1202
-2099
-3328
-1214
-2151
-3283
-1272
-2214
-3225
-1409
-2288
-3096
-1638
-2427
-2964
-1838
-2428
-2905
-2111
-2466
-2828
-2166
-2461
-2820
-2371
-2465
-2709
-2541
-2513
-2654
-2694
-2593
-2523
-2882
-2807
-2503
-2846
-2853
-2509
-2672
-2897
-2571
-2447
-2863
-2657
-2153
-2778
-2753
-1986
-2651
-2855
-1983
-2568
-2911
-1875
-2518
-2970
-1764
-2504
-3029
-1631
-2522
-3079
-1445
-2506
-3144
-1252
-2476
-3217
-983
-2433
-3310
-983
-2451
-3339
-818
-2415
-3360
-617
-2360
-3386
-442
-2313
-3465
-90
-2188
-3526
166
-2069
-3547
233
-2060
-3557
361
-2061
-3535
523
-2037
-3544
587
-2057
-3574
814
-1978
-3538
859
-1997
-3545
1092
-1972
-3547
1391
-1937
-3533
1519
-1953
-3498
1631
-1931
-3509
1483
-1962
-3509
1167
-2009
-3503
966
-2055
-3484
767
-2048
-3488
515
-2148
-3484
206
-2231
-3436
13
-2290
-3440
-199
-2342
-3465
-343
-2355
-3451
-566
-2351
-3433
-544
-2297
-3420
-758
-2327
-3434
-823
-2299
-3397
-1007
-2399
-3382
-1058
-2365
-3334
-1180
-2369
-3297
-1210
-2374
-3308
-1265
-2319
-3294
-1335
-2306
-3247
-1458
-2272
-3203
-1683
-2352
-3127
-1699
-2331
-3068
-1841
-2401
-3011
-1983
-2476
-2982
-2039
-2546
-2940
-2198
-2610
-2903
-2186
-2600
-2840
-2246
-2644
-2840
-2380
-2682
-2851
-2339
-2666
-2898
-2243
-2653
-2941
-2066
-2599
-2987
-1825
-2516
-3057
-1632
-2482
-3128
-1459
-2461
-3198
-1372
-2453
-3282
-1233
-2433
-3312
-1147
-2426
-3308
-1105
-2405
-3319
-1019
-2378
-3335
-712
-2306
-3387
-456
-2277
-3449
-137
-2204
-3494
162
-2140
-3506
413
-2078
-3561
712
-1958
-3554
847
-1902
-3598
970
-1850
-3564
934
-1907
-3497
876
-1939
-3517
1089
-2005
-3536
1489
-1809
-3485
1846
-1810
-3471
1845
-1839
-3487
1778
-1861
-3495
1485
-1936
-3488
1233
-1982
-3437
1031
-2035
-3450
776
-2129
-3448
662
-2150
-3424
273
-2248
-3474
106
-2262
-3471
-122
-2277
-3510
-296
-2229
-3547
-667
-2231
-3540
-716
-2153
-3538
-790
-2108
-3483
-1015
-2143
-3484
-1024
-2127
-3488
-1159
-2200
-3469
-1056
-2310
-3411
-1185
-2351
-3351
-1162
-2384
-3327
-1352
-2488
-3307
-1321
-2485
-3302
-1335
-2501
-3284
-1319
-2468
-3279
-1371
-2418
-3305
-1545
-2352
-3298
-1615
-2393
-3290
-1636
-2433
-3274
-1578
-2448
-3256
-1548
-2519
-3256
-1455
-2536
-3290
-1354
-2533
-3314
-1175
-2497
-3353
-991
-2449
-3395
-836
-2400
-3458
-659
-2294
-3503
-465
-2213
-3536
-386
-2161
-3578
-248
-2082
-3594
-137
-2039
-3635
106
-1936
-3628
400
-1846
-3664
614
-1722
-3700
728
-1684
-3664
680
-1763
-3603
675
-1853
-3544
701
-1928
-3459
934
-1941
-3420
1267
-2073
-3408
1513
-2204
-3437
1831
-2036
-3370
1990
-1987
-3383
2049
-1927
-3387
1972
-1799
-3406
1570
-1825
-3446
1230
-1912
-3425
872
-1994
-3450
585
-2101
-3411
330
-2208
-3390
-6
-2349
-3411
-138
-2336
-3429
-253
-2204
-3412
-145
-2266
-3399
-376
-2439
-3355
-366
-2464
-3292
-589
-2587
-3229
-651
-2615
-3163
-822
-2679
-3117
-958
-2644
-3131
-1137
-2622
-3081
-1194
-2608
-3007
-1275
-2496
-3010
-1377
-2334
-2928
-1676
-2490
-2808
-1874
-2665
-2673
-2304
-2883
-2542
-2582
-3001
-2491
-2755
-3072
-2477
-2722
-3069
-2535
-2539
-2983
-2619
-2229
-2859
-2705
-2004
-2773
-2785
-1799
-2709
-2898
-1567
-2642
-2963
-1485
-2662
-3005
-1390
-2667
-3070
-1291
-2556
-3111
-1290
-2591
-3130
-1118
-2609
-3183
-999
-2577
-3235
-847
-2532
-3293
-534
-2404
-3375
-172
-2261
-3404
-103
-2340
-3459
57
-2226
-3479
174
-2218
-3421
215
-2268
-3491
466
-2109
-3512
836
-1974
-3451
1032
-2064
-3491
1103
-2000
-3468
1405
-1970
-3524
1496
-1892
-3530
1687
-1781
-3509
1693
-1725
-3516
1692
-1687
-3536
1555
-1685
-3557
1322
-1747
-3501
1009
-1870
-3476
732
-2017
-3457
539
-2142
-3441
291
-2282
-3441
192
-2288
-3384
-156
-2454
-3396
-264
-2471
-3375
-342
-2439
-3375
-602
-2478
-3389
-584
-2438
-3353
-756
-2524
-3377
-837
-2468
-3361
-897
-2408
-3341
-1018
-2390
-3351
-1186
-2347
-3329
-1209
-2252
-3305
-1348
-2250
-3267
-1526
-2296
-3209
-1434
-2285
-3148
-1445
-2380
-3091
-1428
-2406
-3039
-1693
-2603
-2951
-1948
-2699
-2854
-2130
-2760
-2783
-2226
-2765
-2785
-2291
-2725
-2814
-2284
-2730
-2834
-2229
-2694
-2854
-2095
-2666
-2886
-1927
-2650
-2933
-1772
-2617
-2978
-1600
-2590
-3040
-1485
-2568
-3073
-1408
-2570
-3123
-1408
-2562
-3199
-1411
-2571
-3169
-1331
-2560
-3173
-1291
-2576
-3200
-1229
-2584
-3232
-1139
-2570
-3277
-1064
-2530
-3331
-953
-2501
-3357
-791
-2420
-3398
-672
-2323
-3431
-483
-2292
-3476
-168
-2159
-3526
-15
-2114
-3546
254
-2019
-3572
460
-1914
-3595
678
-1879
-3613
810
-1797
-3613
880
-1784
-3584
964
-1808
-3550
1046
-1824
-3510
1197
-1813
-3464
1439
-1767
-3446
1454
-1893
-3490
1685
-1779
-3397
1951
-1806
-3346
2066
-1854
-3353
2086
-1872
-3298
1805
-2012
-3307
1489
-2097
-3337
1108
-2162
-3325
712
-2253
-3322
546
-2317
-3310
273
-2392
-3371
200
-2379
-3335
-98
-2441
-3338
-210
-2491
-3308
-402
-2495
-3353
-606
-2463
-3346
-576
-2434
-3327
-881
-2471
-3348
-774
-2321
-3300
-962
-2376
-3296
-1171
-2335
-3250
-1302
-2258
-3154
-1693
-2339
-3121
-1672
-2289
-3038
-1689
-2373
-2955
-1881
-2450
-2904
-2203
-2544
-2805
-2456
-2602
-2746
-2893
-2686
-2683
-2868
-2716
-2692
-2790
-2726
-2730
-2505
-2676
-2794
-2205
-2646
-2887
-1891
-2571
-2968
-1710
-2519
-3033
-1555
-2516
-3080
-1465
-2513
-3125
-1379
-2551
-3163
-1255
-2546
-3178
-990
-2490
-3225
-801
-2429
-3276
-532
-2350
-3338
-243
-2311
-3365
86
-2297
-3410
347
-2235
-3419
632
-2211
-3427
812
-2149
-3430
929
-2096
-3444
1069
-2078
-3429
1072
-2042
-3440
1111
-2084
-3471
1276
-2056
-3450
1578
-1968
-3435
1790
-1883
-3414
1805
-1871
-3417
1756
-1846
-3451
1493
-1908
-3434
1252
-1984
-3447
1103
-2014
-3449
756
-2112
-3444
646
-2165
-3421
551
-2182
-3399
338
-2234
-3396
161
-2274
-3367
-201
-2387
-3389
-224
-2396
-3342
-439
-2443
-3262
-642
-2536
-3236
-675
-2510
-3165
-961
-2627
-3160
-962
-2608
-3091
-939
-2565
-3065
-1235
-2584
-3047
-1319
-2609
-2929
-1369
-2586
-2860
-1801
-2666
-2743
-1805
-2589
-2705
-2226
-2722
-2623
-2369
-2744
-2593
-2503
-2775
-2538
-2677
-2805
-2510
-2785
-2873
-2456
-2729
-2911
-2496
-2524
-2885
-2570
-2290
-2848
-2661
-2055
-2779
-2726
-1867
-2748
-2812
-1751
-2674
-2880
-1610
-2625
-2952
-1537
-2653
-2993
-1447
-2632
-3023
-1382
-2629
-3091
-1260
-2636
-3153
-1042
-2606
-3189
-842
-2569
-3237
-671
-2529
-3285
-492
-2468
-3333
-254
-2416
-3394
-109
-2347
-3462
67
-2263
-3495
183
-2223
-3500
233
-2208
-3500
198
-2192
-3494
250
-2196
-3487
390
-2161
-3474
564
-2124
-3464
753
-2123
-3455
970
-2053
-3430
1226
-1993
-3470
1446
-1946
-3481
1673
-1898
-3434
1743
-1947
-3432
1728
-1967
-3432
1573
-1970
-3417
1394
-2007
-3422
1218
-2029
-3418
927
-2097
-3405
736
-2183
-3399
477
-2268
-3386
280
-2345
-3372
253
-2398
-3329
-33
-2445
-3325
-108
-2445
-3310
-245
-2484
-3282
-505
-2520
-3286
-673
-2542
-3260
-1005
-2580
-3224
-965
-2511
-3131
-981
-2488
-3117
-1118
-2425
-3140
-1125
-2362
-3054
-1450
-2401
-2983
-1773
-2372
-2824
-1913
-2435
-2706
-2223
-2564
-2695
-2543
-2631
-2641
-3014
-2813
-2466
-3119
-2909
-2391
-3076
-3000
-2430
-2787
-2974
-2545
-2456
-2891
-2688
-2127
-2742
-2774
-1861
-2650
-2892
-1595
-2567
-2993
-1454
-2536
-3045
-1267
-2494
-3154
-1252
-2512
-3217
-1056
-2443
-3243
-867
-2441
-3263
-614
-2410
-3312
-323
-2361
-3384
-96
-2282
-3434
67
-2243
-3459
262
-2213
-3480
442
-2141
-3462
523
-2121
-3477
768
-2051
-3493
931
-2004
-3491
875
-2036
-3502
1064
-1984
-3440
1261
-1948
-3461
1516
-1927
-3462
1764
-1843
-3379
1791
-1902
-3379
1801
-1952
-3362
1548
-2085
-3387
1390
-2139
-3374
1248
-2112
-3365
1009
-2177
-3340
676
-2298
-3367
560
-2325
-3362
282
-2341
-3371
124
-2363
-3371
-84
-2393
-3387
-244
-2386
-3353
-340
-2418
-3346
-530
-2434
-3337
-448
-2461
-3303
-709
-2544
-3252
-809
-2576
-3209
-763
-2569
-3185
-1044
-2574
-3173
-1036
-2501
-3102
-1222
-2511
-3052
-1469
-2560
-2985
-1470
-2482
-2914
-1726
-2563
-2852
-1797
-2533
-2804
-2110
-2623
-2694
-2293
-2675
-2630
-2639
-2753
-2547
-2803
-2842
-2538
-2958
-2915
-2551
-2821
-2914
-2556
-2524
-2856
-2654
-2211
-2784
-2747
-1907
-2705
-2835
-1631
-2614
-2934
-1447
-2572
-3017
-1316
-2524
-3144
-1134
-2507
-3201
-947
-2524
-3209
-728
-2503
-3196
-537
-2476
-3223
-289
-2438
-3277
-94
-2387
-3344
194
-2307
-3366
460
-2288
-3371
750
-2213
-3354
894
-2200
-3363
1043
-2122
-3430
1267
-1962
-3437
1457
-1929
-3403
1702
-1959
-3402
1888
-1938
-3384
2015
-1892
-3397
1979
-1858
-3415
1821
-2000
-3432
1452
-1943
-3369
1082
-2023
-3331
692
-2152
-3346
419
-2241
-3361
229
-2312
-3348
-89
-2418
-3383
-46
-2418
-3348
-275
-2398
-3348
-477
-2448
-3274
-381
-2478
-3201
-787
-2550
-3191
-867
-2494
-3132
-1043
-2527
-3122
-1149
-2496
-3073
-1343
-2491
-3008
-1514
-2522
-2900
-1634
-2514
-2812
-2013
-2609
-2723
-2229
-2676
-2643
-2430
-2757
-2598
-2560
-2868
-2539
-2656
-2949
-2505
-2679
-3005
-2512
-2635
-2996
-2545
-2426
-2957
-2586
-2174
-2896
-2711
-1917
-2842
-2801
-1672
-2736
-2894
-1486
-2672
-2976
-1306
-2623
-3051
-1157
-2592
-3114
-979
-2550
-3188
-725
-2457
-3252
-477
-2429
-3312
-297
-2383
-3361
-50
-2306
-3390
215
-2290
-3427
443
-2185
-3446
588
-2125
-3479
744
-2030
-3516
966
-2024
-3511
1008
-2034
-3526
1228
-1886
-3481
1255
-1924
-3529
1461
-1844
-3528
1612
-1826
-3502
1637
-1777
-3496
1615
-1803
-3495
1446
-1919
-3470
1277
-1962
-3461
1143
-2022
-3425
891
-2105
-3410
586
-2204
-3413
232
-2298
-3416
-15
-2329
-3370
-308
-2373
-3370
-468
-2410
-3379
-668
-2417
-3381
-726
-2371
-3350
-831
-2460
-3347
-959
-2421
-3307
-823
-2420
-3262
-963
-2524
-3225
-904
-2562
-3158
-943
-2655
-3123
-971
-2616
-3084
-1171
-2662
-3010
-1292
-2642
-2962
-1455
-2604
-2856
-1540
-2622
-2813
-1762
-2633
-2760
-2000
-2689
-2656
-2012
-2679
-2614
-2233
-2749
-2515
-2562
-2889
-2456
-2852
-3042
-2394
-2932
-3081
-2399
-2692
-2973
-2459
-2425
-2974
-2565
-2168
-2912
-2670
-1847
-2792
-2776
-1671
-2732
-2846
-1464
-2710
-2913
-1330
-2678
-2987
-1187
-2640
-3038
-1032
-2650
-3109
-941
-2632
-3168
-650
-2536
-3211
-452
-2481
-3274
-189
-2349
-3322
46
-2312
-3360
294
-2258
-3375
641
-2185
-3347
783
-2185
-3369
1042
-2147
-3360
1212
-2101
-3400
1349
-2109
-3427
1488
-2046
-3325
1520
-1992
-3319
1662
-2100
-3336
1832
-2004
-3315
1708
-2041
-3318
1612
-2121
-3283
1365
-2193
-3303
1183
-2234
-3264
994
-2334
-3269
664
-2351
-3278
485
-2392
-3283
181
-2470
-3288
149
-2437
-3265
-192
-2549
-3238
-332
-2574
-3191
-387
-2584
-3173
-592
-2597
-3167
-725
-2582
-3146
-927
-2637
-3091
-1139
-2622
-3034
-1194
-2570
-2983
-1485
-2631
-2948
-1539
-2563
-2921
-1708
-2564
-2832
-1739
-2581
-2751
-1814
-2564
-2656
-2031
-2655
-2595
-2153
-2692
-2544
-2558
-2860
-2436
-2993
-2993
-2243
-3102
-3086
-2263
-3006
-3027
-2408
-2682
-2926
-2525
-2321
-2796
-2618
-2008
-2681
-2713
-1802
-2665
-2791
-1759
-2674
-2855
-1691
-2678
-2919
-1659
-2662
-2962
-1543
-2648
-2995
-1361
-2621
-3064
-1169
-2592
-3128
-987
-2557
-3163
-813
-2534
-3186
-550
-2484
-3236
-241
-2413
-3287
40
-2332
-3313
328
-2245
-3335
558
-2248
-3330
818
-2177
-3314
1023
-2172
-3312
1267
-2104
-3354
1486
-2012
-3354
1664
-2073
-3353
2005
-1960
-3294
2121
-1883
-3289
2105
-1934
-3308
1929
-1916
-3299
1643
-2020
-3315
1427
-2039
-3296
1140
-2098
-3350
1053
-2174
-3333
727
-2235
-3353
418
-2234
-3385
375
-2308
-3336
56
-2368
-3303
-62
-2427
-3237
-269
-2559
-3219
-534
-2599
-3218
-550
-2596
-3188
-830
-2635
-3182
-816
-2548
-3148
-1035
-2559
-3125
-1296
-2574
-3068
-1206
-2523
-3016
-1542
-2583
-2964
-1548
-2484
-2895
-1695
-2507
-2853
-1879
-2510
-2788
-2096
-2550
-2686
-2346
-2661
-2604
-2442
-2687
-2538
-2689
-2695
-2467
-2840
-2690
-2395
-2938
-2807
-2449
-2802
-2830
-2506
-2578
-2789
-2530
-2374
-2807
-2574
-2154
-2783
-2639
-1971
-2776
-2710
-1800
-2772
-2779
-1694
-2792
-2838
-1583
-2800
-2888
-1450
-2758
-2935
-1321
-2729
-3006
-1249
-2727
-3041
-1028
-2637
-3079
-930
-2602
-3125
-723
-2568
-3178
-423
-2503
-3227
-62
-2449
-3290
297
-2327
-3329
587
-2249
-3393
917
-2116
-3422
1160
-2025
-3398
1202
-2098
-3342
1114
-2209
-3286
925
-2331
-3284
981
-2391
-3241
1116
-2492
-3234
1363
-2380
-3211
1575
-2393
-3274
1806
-2251
-3271
1781
-2068
-3274
1546
-2135
-3317
1321
-2174
-3322
1021
-2212
-3306
737
-2289
-3324
651
-2351
-3326
285
-2329
-3359
228
-2375
-3375
93
-2441
-3361
-72
-2389
-3342
-83
-2417
-3300
-334
-2465
-3319
-406
-2420
-3294
-595
-2471
-3268
-726
-2432
-3224
-737
-2381
-3149
-935
-2450
-3018
-980
-2599
-2914
-1358
-2743
-2810
-1488
-2750
-2697
-1875
-2928
-2624
-1968
-2885
-2585
-2022
-2881
-2551
-2163
-2900
-2513
-2296
-2886
-2493
-2613
-2950
-2415
-2683
-2952
-2366
-2734
-2968
-2412
-2641
-2959
-2464
-2457
-2957
-2530
-2213
-2913
-2599
-1962
-2841
-2690
-1738
-2773
-2792
-1586
-2777
-2865
-1458
-2774
-2936
-1270
-2737
-2997
-1115
-2698
-3053
-907
-2677
-3095
-679
-2594
-3157
-402
-2475
-3212
-206
-2489
-3274
63
-2389
-3315
301
-2346
-3377
594
-2252
-3403
872
-2019
-3439
1018
-1912
-3446
1119
-1972
-3405
1150
-1996
-3349
1156
-2036
-3344
1407
-1965
-3461
1757
-1844
-3428
2087
-1762
-3351
2126
-1764
-3353
1921
-1845
-3361
1676
-1902
-3338
1471
-1957
-3329
1162
-2088
-3355
989
-2183
-3333
900
-2244
-3312
551
-2420
-3296
428
-2460
-3268
232
-2512
-3304
85
-2524
-3305
-41
-2539
-3279
-78
-2554
-3255
-265
-2549
-3283
-400
-2556
-3259
-520
-2547
-3214
-595
-2515
-3181
-868
-2536
-3177
-971
-2466
-3136
-1163
-2568
-3074
-1398
-2600
-3004
-1440
-2570
-2958
-1562
-2634
-2906
-1712
-2606
-2816
-1863
-2701
-2728
-2086
-2770
-2704
-2216
-2787
-2680
-2337
-2826
-2654
-2273
-2779
-2659
-2304
-2763
-2662
-2379
-2787
-2640
-2380
-2823
-2647
-2327
-2854
-2683
-2214
-2858
-2751
-1981
-2790
-2831
-1813
-2745
-2900
-1573
-2678
-2961
-1404
-2675
-3009
-1231
-2670
-3053
-1049
-2619
-3108
-864
-2595
-3142
-587
-2574
-3193
-293
-2455
-3239
10
-2379
-3300
245
-2250
-3375
588
-2201
-3379
797
-2170
-3415
1127
-2000
-3405
1262
-2078
-3413
1423
-1955
-3434
1687
-1815
-3391
1712
-1864
-3377
1703
-1903
-3427
1759
-1867
-3396
1675
-1903
-3370
1596
-1963
-3384
1486
-1974
-3355
1288
-2045
-3376
1075
-2108
-3363
929
-2165
-3326
499
-2344
-3329
370
-2382
-3310
218
-2468
-3300
-33
-2490
-3258
-163
-2504
-3208
-471
-2581
-3234
-666
-2572
-3211
-654
-2564
-3168
-923
-2560
-3127
-1047
-2498
-3097
-1377
-2496
-3059
-1483
-2448
-3022
-1759
-2509
-2971
-1819
-2402
-2903
-1951
-2429
-2829
-2046
-2469
-2791
-2136
-2525
-2672
-2328
-2714
-2594
-2547
-2863
-2453
-2743
-2966
-2396
-2756
-3012
-2462
-2671
-3012
-2550
-2545
-2927
-2608
-2359
-2829
-2656
-2160
-2718
-2746
-1918
-2691
-2871
-1669
-2576
-2962
-1530
-2559
-2979
-1423
-2603
-3025
-1185
-2571
-3066
-965
-2532
-3118
-630
-2498
-3205
-223
-2402
-3265
84
-2304
-3311
315
-2280
-3319
620
-2308
-3336
866
-2255
-3314
1059
-2264
-3248
1130
-2361
-3335
1193
-2213
-3351
1373
-2078
-3340
1495
-2082
-3365
1816
-1892
-3340
1965
-1787
-3319
2009
-1787
-3332
1881
-1832
-3335
1687
-1978
-3332
1471
-2019
-3315
1224
-2171
-3269
995
-2256
-3268
720
-2419
-3315
560
-2399
-3285
167
-2469
-3349
111
-2488
-3305
-133
-2524
-3322
-365
-2468
-3316
-417
-2465
-3371
-536
-2399
-3390
-530
-2344
-3381
-868
-2317
-3362
-851
-2246
-3271
-1113
-2374
-3234
-1217
-2274
-3132
-1241
-2383
-3049
-1550
-2504
-2984
-1495
-2438
-2916
-1818
-2610
-2824
-1943
-2638
-2757
-2148
-2716
-2660
-2288
-2763
-2596
-2663
-2829
-2523
-2877
-2893
-2491
-2963
-2919
-2518
-2760
-2841
-2559
-2420
-2811
-2625
-2142
-2764
-2737
-1796
-2693
-2826
-1571
-2688
-2889
-1330
-2746
-2941
-1156
-2777
-2959
-934
-2771
-2995
-749
-2754
-3058
-600
-2713
-3113
-403
-2655
-3156
-211
-2577
-3204
-27
-2492
-3255
241
-2429
-3282
494
-2397
-3323
760
-2251
-3331
986
-2171
-3313
1084
-2224
-3299
1180
-2257
-3328
1280
-2134
-3355
1520
-2039
-3325
1560
-2058
-3337
1823
-1952
-3317
1894
-1910
-3331
1895
-1970
-3328
1832
-1888
-3291
1449
-2013
-3321
1140
-2152
-3292
883
-2305
-3320
759
-2331
-3273
557
-2431
-3222
285
-2489
-3278
262
-2513
-3249
-102
-2623
-3281
-198
-2512
-3267
-469
-2572
-3273
-818
-2634
-3288
-717
-2544
-3260
-810
-2568
-3260
-932
-2526
-3250
-882
-2512
-3239
-844
-2480
-3191
-825
-2369
-3159
-932
-2437
-3143
-1105
-2548
-3046
-1250
-2588
-2892
-1520
-2703
-2788
-1610
-2684
-2715
-2006
-2756
-2643
-2206
-2739
-2606
-2578
-2782
-2598
-3076
-2821
-2448
-3056
-2866
-2510
-2890
-2843
-2547
-2568
-2802
-2619
-2240
-2806
-2734
-2043
-2791
-2796
-1733
-2728
-2887
-1457
-2687
-2939
-1240
-2671
-3010
-1045
-2633
-3081
-917
-2571
-3125
-692
-2535
-3156
-459
-2474
-3226
-119
-2320
-3298
183
-2246
-3344
474
-2182
-3373
864
-2115
-3357
1064
-2073
-3330
1212
-2003
-3335
1300
-2028
-3359
1527
-1968
-3336
1721
-1979
-3301
1907
-1987
-3301
1995
-1874
-3290
2048
-1901
-3291
1903
-1949
-3280
1699
-1987
-3290
1493
-2026
-3306
1305
-2109
-3336
1253
-2089
-3355
1106
-2114
-3352
1002
-2221
-3348
883
-2244
-3335
705
-2317
-3375
576
-2359
-3388
564
-2323
-3359
228
-2391
-3370
92
-2418
-3361
29
-2470
-3376
-197
-2463
-3394
-213
-2417
-3355
-400
-2468
-3354
-575
-2426
-3362
-618
-2419
-3349
-864
-2426
-3348
-878
-2315
-3292
-884
-2387
-3238
-1056
-2385
-3213
-1202
-2425
-3119
-1286
-2520
-3024
-1569
-2524
-2958
-1605
-2593
-2889
-1813
-2706
-2834
-1855
-2690
-2802
-2139
-2763
-2736
-2352
-2772
-2676
-2552
-2795
-2647
-2590
-2802
-2676
-2505
-2800
-2718
-2332
-2759
-2797
-2111
-2725
-2858
-1853
-2680
-2910
-1659
-2644
-2980
-1505
-2615
-3040
-1420
-2592
-3098
-1264
-2555
-3155
-1172
-2520
-3203
-1124
-2505
-3254
-996
-2486
-3289
-897
-2470
-3328
-745
-2415
-3366
-616
-2386
-3390
-453
-2368
-3410
-305
-2357
-3428
-195
-2349
-3441
-86
-2328
-3454
106
-2285
-3468
320
-2245
-3478
498
-2218
-3487
675
-2171
-3484
791
-2145
-3491
871
-2132
-3479
898
-2136
-3463
875
-2142
-3458
865
-2151
-3482
942
-2141
-3462
1031
-2118
-3449
1125
-2116
-3465
1147
-2071
-3461
1152
-2045
-3475
1109
-2018
-3462
1029
-2068
-3488
1121
-2042
-3481
1214
-2025
-3473
1052
-2069
-3467
881
-2140
-3463
667
-2202
-3462
600
-2212
-3437
481
-2267
-3478
411
-2271
-3479
329
-2306
-3463
258
-2301
-3418
105
-2355
-3430
-13
-2366
-3423
-157
-2382
-3400
-484
-2470
-3390
-556
-2473
-3366
-606
-2481
-3380
-746
-2463
-3392
-828
-2409
-3391
-831
-2429
-3390
-899
-2387
-3367
-1061
-2401
-3339
-1085
-2375
-3306
-1075
-2331
-3311
-1172
-2369
-3300
-1149
-2349
-3221
-1299
-2428
-3185
-1427
-2450
-3103
-1501
-2504
-3050
-1774
-2597
-3050
-1814
-2581
-2990
-1866
-2638
-2991
-1884
-2600
-2987
-1919
-2581
-2981
-1994
-2563
-2969
-2020
-2560
-2962
-1978
-2579
-2982
-1937
-2625
-2989
-1886
-2625
-3019
-1823
-2599
-3049
-1735
-2564
-3097
-1654
-2530
-3131
-1551
-2492
-3162
-1418
-2490
-3201
-1296
-2475
-3240
-1183
-2470
-3280
-1097
-2461
-3303
-1021
-2447
-3326
-887
-2427
-3347
-762
-2435
-3372
-647
-2439
-3375
-527
-2450
-3386
-433
-2453
-3397
-315
-2426
-3418
-174
-2393
-3433
-8
-2348
-3445
140
-2319
-3457
306
-2285
-3462
405
-2255
