-437
-3730
-2141
-403
-3763
-2104
-387
-3768
-2092
-345
-3772
-2069
-312
-3777
-2053
-300
-3791
-2045
-281
-3786
-2060
-298
-3785
-2074
-303
-3793
-2060
-317
-3791
-2033
-348
-3807
-2014
-367
-3813
-2015
-373
-3806
-2015
-368
-3810
-2005
-358
-3801
-2037
-342
-3789
-2067
-317
-3798
-2049
-298
-3821
-1989
-327
-3826
-1976
-322
-3833
-1951
-326
-3833
-1995
-336
-3790
-2076
-422
-3777
-2077
-515
-3795
-2023
-571
-3820
-1968
-547
-3844
-1929
-482
-3831
-1947
-438
-3825
-1985
-362
-3762
-2106
-417
-3759
-2145
-411
-3766
-2112
-472
-3771
-2088
-495
-3782
-2045
-497
-3817
-1992
-462
-3805
-2002
-428
-3800
-2026
-422
-3795
-2059
-423
-3764
-2112
-452
-3761
-2110
-483
-3778
-2081
-518
-3780
-2035
-512
-3797
-1996
-475
-3818
-1974
-452
-3812
-2004
-459
-3791
-2049
-448
-3783
-2067
-444
-3780
-2080
-451
-3768
-2093
-454
-3776
-2074
-479
-3779
-2064
-501
-3774
-2069
-503
-3778
-2051
-490
-3778
-2058
-471
-3772
-2071
-457
-3776
-2072
-463
-3775
-2080
-472
-3773
-2072
-479
-3768
-2070
-493
-3769
-2079
-485
-3774
-2074
-490
-3768
-2071
-499
-3781
-2052
-502
-3771
-2063
-572
-3741
-2164
-590
-3750
-2107
-723
-3728
-2184
-783
-3686
-2336
-595
-3674
-2381
-294
-3755
-2145
76
-3975
-1567
616
-4178
-966
1011
-4219
-770
1127
-4228
-415
542
-3896
-939
-486
-3291
-1986
-1384
-2641
-2618
-2282
-2105
-3105
-2360
-1872
-3633
-3013
-1712
-4382
-3351
-1760
-4018
-3319
-1722
-3866
-3225
-1854
-3681
-2653
-1895
-3307
-2553
-2104
-3273
-1975
-2508
-2695
-1026
-2892
-2216
-406
-3016
-1420
787
-3172
-996
2314
-3495
-957
3086
-3729
-697
3333
-3824
-521
3163
-3902
-694
3088
-3712
-1061
2807
-3605
-1141
2365
-3517
-962
1712
-3311
-889
935
-3002
-922
12
-2593
-1325
-1959
-1777
-2794
-2652
-1578
-3331
-4260
-479
-4751
-4097
-664
-5247
-2910
-1168
-4730
-2696
-1396
-4669
-3050
-1225
-4716
-2612
-1331
-4154
-1494
-1690
-3301
-238
-1896
-2477
823
-2473
-1344
1638
-3136
-1218
2477
-3406
-1118
2923
-3687
-421
3326
-4035
71
2880
-4145
231
2295
-4166
20
2167
-4141
-215
2104
-3945
-312
1640
-3647
-908
1063
-3370
-1314
98
-3078
-1708
-229
-2924
-2022
-687
-2483
-2373
-2327
-2002
-3664
-3106
-1774
-4057
-2535
-1547
-3145
-3701
-1657
-3928
-3634
-1744
-3981
-3053
-1755
-3727
-2859
-1666
-3804
-2585
-1612
-3806
-2253
-1845
-3643
-1478
-2123
-3506
-328
-2133
-2452
978
-2559
-1298
2785
-3158
-1080
2382
-3771
-573
2450
-3756
-106
3296
-4030
484
2755
-4265
671
2169
-4137
270
1934
-3972
-323
1731
-3754
-736
1109
-3495
-1508
986
-3391
-2014
424
-3208
-2481
122
-3328
-2029
304
-3069
-1935
-563
-2753
-2558
-1852
-2500
-3233
-2356
-2258
-3317
-2569
-1752
-3376
-3100
-1776
-3288
-3256
-1790
-4161
-2817
-1786
-3902
-2347
-1812
-3748
-2074
-1940
-4045
-1724
-2029
-3860
-1533
-2340
-3288
-1207
-2673
-2800
-1158
-3031
-1965
-407
-3336
-1215
587
-3525
-1482
1451
-3727
-674
2284
-4185
189
1918
-4455
522
1775
-4341
315
1655
-4290
55
1295
-4301
-169
1194
-4074
-570
1316
-3861
-1183
1308
-3624
-1592
781
-3535
-1843
42
-3354
-1965
-670
-3328
-2085
-1007
-3055
-2249
-1984
-2739
-2866
-2461
-2423
-3333
-2872
-2291
-3310
-3274
-2227
-2865
-3299
-2347
-3273
-2481
-2367
-3289
-1756
-2555
-3138
-1941
-2776
-3082
-1689
-2738
-3225
-1847
-2862
-2968
-2048
-3011
-2647
-1092
-2963
-2563
-375
-3137
-1872
897
-3426
-898
1427
-4062
-433
1767
-4110
-273
2135
-4285
199
2326
-4391
265
1751
-4314
-21
1313
-4216
-333
1184
-4114
-708
1262
-4045
-878
1334
-3942
-904
791
-3686
-1486
-60
-3663
-1736
-632
-3515
-1942
-1021
-3542
-1611
-1334
-3240
-1696
-1667
-3057
-2008
-2239
-2570
-2977
-2596
-2347
-3326
-2915
-1887
-3431
-3077
-1978
-3540
-2719
-2065
-3853
-2428
-2208
-3389
-2682
-2317
-3223
-2989
-2375
-2854
-2499
-2502
-2557
-1679
-2811
-2670
-1068
-2838
-2846
-201
-2785
-2694
436
-2876
-2189
1507
-3158
-1047
2189
-3678
-46
2964
-3963
589
1954
-4450
763
2219
-4168
640
1840
-4193
547
1326
-4216
269
1433
-4161
-53
1650
-3938
-576
1781
-3803
-822
1410
-3625
-1393
895
-3571
-1748
369
-3560
-1781
-76
-3494
-1689
-709
-3336
-1601
-1318
-3009
-2406
-1671
-2915
-2559
-2360
-2331
-3112
-2615
-2114
-3239
-3053
-1831
-3521
-3210
-1831
-3887
-2711
-1963
-3668
-2312
-2191
-3377
-2069
-2312
-3379
-1825
-2494
-3103
-1690
-2684
-2928
-1451
-2993
-2571
-1220
-3242
-2343
-724
-3285
-2249
-365
-3399
-2197
-147
-3369
-1987
791
-3466
-1540
1578
-3680
-1114
2256
-3872
-640
1915
-4138
-170
2107
-4162
57
1954
-4181
90
1376
-4154
-170
1261
-4126
-513
1210
-4010
-768
1200
-3987
-843
1181
-3895
-1080
974
-3819
-1261
816
-3754
-1394
323
-3603
-1824
-20
-3534
-2056
-343
-3315
-2240
-1026
-3201
-2202
-1659
-2927
-2558
-2102
-2599
-3169
-2108
-2404
-3017
-2666
-2150
-3466
-2987
-2042
-3632
-2869
-2068
-3582
-2499
-2251
-3301
-2132
-2435
-3235
-1739
-2554
-3111
-1300
-2693
-3078
-952
-2907
-2909
-647
-3177
-2525
-426
-3329
-2329
-257
-3449
-1893
105
-3503
-1591
393
-3601
-1326
1205
-3560
-1168
2361
-3496
-1053
3290
-3572
-806
3292
-3645
-554
2843
-3751
-457
2229
-3721
-678
2032
-3722
-937
1721
-3684
-1053
1643
-3644
-1291
1280
-3607
-1386
793
-3539
-1792
497
-3590
-1666
192
-3432
-1760
-447
-3195
-2290
-1108
-3068
-2389
-1739
-2802
-3001
-1848
-2589
-3087
-2367
-2367
-3050
-2640
-2305
-3274
-2760
-2205
-3465
-2685
-2276
-3282
-2628
-2289
-3350
-2295
-2429
-3111
-1719
-2610
-3045
-1227
-2746
-3058
-823
-3000
-2785
-551
-3040
-2792
-282
-3085
-2558
237
-3119
-2278
918
-3167
-2083
1302
-3185
-1771
1994
-3236
-1305
2560
-3410
-851
2835
-3557
-589
2997
-3630
-410
2831
-3650
-388
2579
-3641
-457
2585
-3568
-586
2458
-3487
-839
2241
-3443
-1181
1805
-3477
-1441
1235
-3302
-1805
884
-3282
-1793
493
-3223
-1816
77
-3044
-2243
-142
-2957
-2017
-1239
-2546
-2876
-1885
-2160
-3019
-1895
-1713
-2827
-2565
-1284
-3245
-3450
-890
-4087
-3476
-787
-4278
-3339
-735
-4513
-3002
-761
-4623
-2819
-937
-4438
-2346
-1237
-3982
-1643
-1379
-3667
-842
-1762
-3145
-442
-2417
-2613
156
-2836
-2430
763
-2868
-2347
989
-3048
-1896
1489
-3183
-1278
1889
-3466
-916
1946
-3717
-587
2158
-3912
-288
2449
-4040
-8
2474
-4058
131
2060
-4094
140
1901
-4034
-140
1874
-3885
-567
1871
-3707
-1031
1848
-3578
-1263
1456
-3511
-1310
1135
-3388
-1667
542
-3191
-2049
62
-3207
-2005
-371
-2992
-2489
-878
-2866
-2917
-1204
-2490
-3188
-1511
-2018
-3228
-2317
-1694
-3319
-2955
-1557
-3933
-2778
-1446
-4649
-2456
-1459
-4381
-2193
-1629
-4143
-1958
-1752
-4063
-1803
-1891
-3795
-1456
-2150
-3261
-891
-2575
-2899
-529
-2933
-2474
-523
-3165
-2046
-61
-3323
-1660
300
-3492
-1341
535
-3552
-1238
1595
-3477
-1095
2436
-3608
-935
2738
-3806
-553
3112
-3893
-288
2866
-3831
-249
2323
-3847
-314
2048
-3843
-645
1876
-3758
-988
1808
-3670
-1156
1538
-3627
-1317
1199
-3535
-1600
760
-3426
-1966
315
-3410
-1967
143
-3366
-1751
-233
-3204
-2082
-760
-3027
-2547
-1373
-2842
-2956
-1306
-2636
-2615
-1748
-2014
-3255
-2287
-1876
-3775
-2439
-1651
-3839
-2430
-1547
-4032
-2464
-1598
-4310
-2405
-1641
-4146
-2289
-1661
-4030
-1850
-1685
-4051
-1372
-1938
-3534
-674
-2302
-3133
-42
-2672
-2631
326
-3009
-2562
580
-3141
-2534
507
-3257
-2089
989
-3341
-1803
1463
-3577
-1513
1699
-3747
-1265
1951
-3895
-1010
1800
-3994
-772
1759
-4025
-746
1618
-4021
-804
1504
-3949
-955
1632
-3869
-1031
1434
-3737
-1072
1240
-3596
-1433
1170
-3370
-1852
950
-3234
-1942
483
-3009
-2449
301
-2951
-2361
-57
-2709
-3057
-551
-2481
-3580
-887
-1948
-3912
-1132
-1763
-3823
-2053
-1578
-3646
-2448
-1639
-4034
-2241
-1646
-4203
-2090
-1644
-4028
-1798
-1722
-3918
-1764
-1759
-4110
-1968
-1697
-4199
-1494
-1832
-3642
-713
-2163
-3400
-285
-2456
-3244
207
-2728
-2603
698
-3107
-2272
1411
-3339
-1834
1148
-3607
-1659
962
-3777
-1469
1166
-3900
-1195
1091
-4058
-828
1163
-4194
-733
1265
-4166
-760
1208
-4122
-833
1199
-4036
-1091
1301
-3936
-1228
1156
-3781
-1456
929
-3700
-1580
599
-3516
-1777
262
-3368
-2011
45
-3073
-2309
-531
-2914
-2682
-919
-2737
-2982
-1466
-2229
-3313
-2087
-1793
-3852
-2175
-1764
-3367
-2400
-1565
-4057
-2177
-1784
-3980
-2001
-1839
-3924
-1837
-1795
-4027
-1942
-1800
-3933
-2065
-1820
-4006
-1746
-1927
-3599
-1360
-2205
-3269
-739
-2568
-2981
-398
-2807
-2846
-178
-2945
-3017
-213
-2889
-3266
47
-2948
-2569
386
-3178
-1892
1158
-3460
-1296
1757
-3817
-756
1782
-4140
-371
1951
-4250
-50
1928
-4298
157
1534
-4249
-2
1440
-4131
-439
1397
-3944
-912
1320
-3828
-1286
1187
-3718
-1447
1044
-3666
-1493
630
-3501
-1802
353
-3467
-1879
15
-3210
-2311
-260
-3159
-2407
-582
-2932
-2878
-819
-2666
-3267
-1064
-2164
-3439
-1460
-1919
-3662
-2155
-1783
-3938
-2560
-1694
-4103
-2416
-1769
-3972
-2168
-1967
-3659
-1799
-2068
-3758
-1757
-2002
-3981
-1999
-2028
-3824
-1677
-2167
-3424
-988
-2525
-3050
-351
-2802
-2714
91
-3114
-2280
328
-3443
-2107
299
-3590
-1693
731
-3651
-1448
1327
-3774
-1061
1462
-3941
-721
1567
-4102
-383
1559
-4272
99
1402
-4312
116
1199
-4277
-66
1164
-4209
-349
1125
-4148
-547
1180
-4069
-605
1176
-3940
-852
1075
-3766
-1246
965
-3609
-1665
742
-3502
-1798
372
-3314
-1974
-311
-3003
-2678
-660
-3008
-2703
-1226
-2391
-3570
-1576
-2249
-3335
-2361
-1935
-3520
-2755
-1956
-3528
-2888
-1940
-3589
-2819
-1982
-3708
-2542
-2081
-3451
-2299
-2085
-3525
-2171
-2212
-3378
-1753
-2434
-3089
-1135
-2681
-2834
-579
-2928
-2531
-17
-3140
-2329
393
-3315
-2121
1047
-3298
-1815
1523
-3393
-1494
1932
-3483
-1051
2482
-3585
-482
2540
-3860
-76
2593
-3903
37
2171
-3958
13
1922
-3920
-296
1859
-3822
-611
2010
-3737
-669
1996
-3570
-1115
1759
-3455
-1468
1138
-3393
-1823
747
-3410
-1968
262
-3271
-2397
-222
-3318
-2016
-894
-3209
-2274
-1408
-2913
-3020
-1716
-2636
-3164
-1949
-2370
-3021
-2482
-2240
-3176
-2536
-2277
-3581
-2388
-2231
-3504
-2329
-2267
-3396
-1964
-2247
-3632
-1880
-2252
-3806
-1795
-2388
-3418
-1272
-2636
-2890
-454
-2831
-2632
197
-3068
-2283
491
-3314
-1987
823
-3376
-1771
1514
-3340
-1273
1920
-3499
-926
2589
-3606
-981
2983
-3535
-964
3163
-3518
-825
2761
-3525
-980
2251
-3491
-1203
2135
-3425
-1385
1992
-3395
-1522
1829
-3321
-1735
1376
-3262
-2061
1005
-3217
-2353
593
-3146
-2497
52
-3128
-2494
-462
-3264
-1961
-865
-3223
-2235
-1134
-3149
-1908
-946
-3035
-1407
-1362
-2195
-2712
-2212
-1220
-4175
-2872
-916
-4206
-2838
-939
-3713
-3026
-871
-4958
-2802
-966
-4714
-2734
-1199
-3894
-2422
-1238
-4126
-2100
-1429
-3711
-1960
-1827
-3221
-1498
-2248
-2831
-1015
-2545
-2776
-343
-2724
-2788
38
-2843
-2684
468
-2965
-2412
833
-3128
-1733
1193
-3434
-1189
1758
-3772
-732
2214
-3975
-524
2466
-3984
-457
2590
-3894
-480
2465
-3764
-881
2240
-3600
-1487
1938
-3441
-1837
1595
-3407
-1919
1198
-3437
-2030
919
-3556
-1999
888
-3722
-1776
704
-3921
-1890
503
-3399
-1754
288
-3778
-1933
924
-3683
-1476
466
-3213
-1809
-329
-2629
-2261
-1241
-1829
-2548
-2554
-1416
-2750
-3284
-1550
-3224
-4537
-1390
-4724
-3944
-1500
-4615
-2838
-1483
-4612
-2195
-1555
-4434
-1989
-1380
-3650
-1731
-1571
-2862
-1262
-1840
-2682
-809
-2318
-2835
-153
-2786
-2664
207
-2924
-2575
557
-3184
-2555
813
-3055
-2215
1140
-3016
-2080
1985
-2820
-2153
2660
-2911
-1830
3173
-3120
-1278
3208
-3125
-870
3401
-3153
-408
3399
-3243
-153
3662
-3151
-452
3672
-3074
-933
2983
-3157
-1113
2439
-3174
-1371
1890
-3232
-1456
1046
-3275
-1530
653
-3524
-1277
211
-3513
-1220
-292
-3337
-1708
-750
-3209
-1644
-1618
-2992
-2057
-2181
-2730
-2428
-2861
-2212
-2754
-2933
-2243
-2897
-3622
-1800
-4038
-3453
-1777
-3711
-2951
-1680
-3990
-2314
-1861
-3694
-1490
-2202
-3298
-792
-2377
-3124
-807
-2640
-3175
-599
-2895
-2807
-473
-2804
-1892
701
-2562
-975
2420
-2882
-1269
3389
-2863
-1130
3362
-2951
-732
4034
-2938
-606
3814
-2928
-648
3844
-2698
-1007
4047
-2725
-1210
3884
-2808
-1298
3326
-2753
-1194
2273
-2871
-1196
1562
-3031
-1269
1069
-3274
-1503
760
-3415
-1253
381
-3223
-1696
-351
-3183
-2002
-1165
-2870
-2179
-2047
-2592
-2676
-2789
-1923
-3034
-2912
-1672
-2799
-3607
-1955
-3657
-3208
-1948
-3639
-3059
-1870
-3414
-2642
-2037
-3175
-2146
-2068
-3436
-2125
-2073
-3639
-1825
-2211
-3490
-946
-2184
-3505
-158
-2466
-3304
943
-2772
-2933
1316
-3080
-2319
1300
-3310
-1891
1194
-3442
-1532
847
-3739
-884
660
-3997
-798
629
-4030
-557
867
-3920
-272
1381
-3659
-351
2701
-3273
-652
3890
-2972
-1024
4171
-2922
-1327
3586
-2941
-1405
2825
-3053
-1351
2533
-3165
-1323
2492
-3145
-1407
2166
-3240
-1378
1668
-3275
-1779
1347
-3300
-2030
671
-3367
-2340
182
-3528
-1895
-99
-3714
-1237
-123
-3529
-1553
-912
-3278
-2549
-1677
-3148
-2607
-1924
-2820
-2544
-2258
-2572
-2529
-2756
-2553
-3069
-2631
-2646
-3026
-2655
-2616
-3003
-2705
-2695
-2484
-2441
-2662
-2630
-2261
-2655
-3273
-1819
-2700
-3045
-1457
-2881
-2769
-828
-2939
-3064
145
-3008
-2571
160
-3359
-2224
921
-3157
-2743
1583
-3199
-2020
1767
-3490
-1125
2046
-3673
-917
2146
-3816
-535
2602
-4007
-149
2283
-3946
-340
1831
-3797
-806
1628
-3685
-1316
1584
-3596
-1593
1513
-3743
-1199
1435
-3766
-1198
914
-3602
-1689
325
-3479
-2175
-50
-3422
-2372
-591
-3298
-2685
-814
-3428
-2132
-1019
-3388
-1727
-1029
-2836
-3063
-1370
-2642
-3290
-1830
-2463
-3006
-2389
-2190
-3512
-2819
-2241
-3511
-2803
-2329
-3317
-2201
-2359
-3287
-1816
-2450
-3269
-1953
-2572
-3216
-1412
-2610
-3244
-725
-2793
-2807
-467
-3152
-2425
-218
-3283
-2503
-88
-3344
-2357
59
-3224
-2512
779
-3140
-2062
1618
-3159
-1629
3009
-3062
-1372
3394
-3328
-855
3053
-3718
-304
2496
-3708
-429
2222
-3618
-725
2245
-3503
-902
2050
-3367
-1283
1802
-3429
-1591
1604
-3352
-1841
1081
-3241
-2359
366
-3427
-2034
-195
-3509
-2091
-62
-3467
-2022
-333
-3344
-1792
-1068
-2928
-3006
-1315
-2722
-3020
-1630
-2295
-3139
-2094
-2196
-3290
-2519
-2097
-3364
-3035
-1986
-3566
-3050
-1895
-3682
-2622
-1987
-3475
-2056
-2124
-3560
-1519
-2323
-3366
-1231
-2519
-3218
-597
-2630
-3074
151
-2797
-2802
450
-3031
-2256
849
-3219
-1692
1603
-3143
-1714
1658
-3111
-1460
1988
-3023
-990
2358
-3034
-648
3157
-3058
-431
3715
-3053
-215
4110
-2958
-290
3999
-2824
-542
3669
-2812
-791
3339
-2798
-1057
2863
-2831
-1236
2376
-2911
-1348
1769
-2994
-1702
1118
-3142
-1768
788
-3120
-2116
144
-3123
-2267
-512
-3123
-2181
-1312
-3135
-2140
-1280
-2943
-2022
-1697
-2108
-3328
-2181
-1816
-3615
-2833
-1630
-3656
-3267
-1728
-3466
-3371
-1757
-3523
-3072
-1855
-3190
-2774
-1929
-3095
-2492
-2032
-3060
-1950
-2100
-3270
-772
-2062
-3524
486
-2231
-3451
1007
-2566
-3176
1104
-2683
-2778
1530
-2844
-2051
1760
-3064
-1428
1658
-3174
-882
1947
-3165
-538
2698
-3145
-161
3321
-2993
139
4051
-2888
237
3977
-2811
21
3676
-2720
-333
3505
-2714
-655
3327
-2754
-847
3088
-2758
-1120
2593
-2793
-1378
1967
-2913
-1691
1267
-3083
-1859
685
-3199
-2136
74
-3248
-2320
-564
-3241
-2330
-1112
-3072
-2747
-1668
-2991
-2829
-1728
-2983
-2312
-1546
-2813
-2325
-1822
-2798
-2575
-2496
-2696
-2840
-2595
-2318
-3233
-2556
-2225
-3297
-2220
-2332
-3168
-2095
-2467
-3180
-1678
-2483
-3373
-882
-2444
-3512
-261
-2505
-3351
126
-2729
-3109
276
-2917
-2863
576
-2970
-2775
800
-3049
-2636
846
-3071
-2362
1065
-3105
-1946
1312
-3047
-1763
1611
-2925
-1531
2114
-2825
-1175
3263
-2741
-950
3961
-2622
-926
4143
-2594
-741
3985
-2511
-675
3798
-2539
-746
3539
-2606
-953
3190
-2665
-1099
2779
-2671
-1285
2496
-2722
-1678
2134
-2747
-1896
1498
-2779
-2295
996
-2861
-2444
257
-2907
-2533
-551
-3056
-2356
-992
-3006
-2545
-1349
-2552
-3277
-1490
-2520
-2992
-1153
-2240
-3087
-2083
-2341
-3252
-2324
-2115
-3718
-2212
-1928
-3719
-2302
-1982
-3706
-1970
-2090
-3600
-1873
-2296
-3406
-1264
-2223
-3653
-798
-2350
-3461
-428
-2754
-2981
-206
-2999
-2758
-44
-3038
-2941
100
-2952
-2592
315
-3102
-2256
399
-3217
-2330
892
-3112
-2239
1504
-2999
-2310
2236
-2994
-2208
2735
-3144
-1939
2676
-3324
-1375
2575
-3452
-852
2743
-3568
-773
2718
-3613
-754
2503
-3568
-947
2302
-3515
-1126
1898
-3457
-1355
1473
-3426
-1629
958
-3357
-2004
563
-3242
-2522
-180
-3251
-2219
-591
-3407
-1971
-542
-3524
-1582
-701
-3434
-1584
-1101
-3027
-2305
-1942
-2453
-3008
-2504
-2099
-3067
-3103
-1649
-3867
-3450
-1553
-4293
-3194
-1685
-3965
-2256
-1900
-3861
-1732
-2091
-3656
-1886
-2372
-3189
-1519
-2645
-2854
-1174
-2995
-2498
-824
-3135
-2113
18
-3311
-1799
744
-3407
-1675
1030
-3545
-1332
1670
-3557
-896
1749
-3600
-540
2638
-3596
-164
3060
-3660
64
2856
-3688
289
2739
-3779
367
2341
-3815
306
2244
-3803
81
2022
-3828
-107
1915
-3772
-458
1663
-3658
-919
1159
-3662
-1205
775
-3620
-1651
241
-3649
-1652
-330
-3601
-1831
-599
-3515
-2049
-882
-3311
-2349
-1343
-3051
-2513
-1741
-2823
-2787
-2124
-2637
-2841
-2593
-2477
-3108
-3040
-2371
-3442
-2790
-2467
-2985
-2242
-2561
-3069
-1790
-2728
-3016
-1520
-2966
-2745
-1388
-3036
-2833
-1313
-3091
-2730
-1080
-3200
-2550
-747
-3279
-2538
-401
-3343
-2289
-19
-3433
-2112
394
-3439
-1935
886
-3426
-1654
1442
-3460
-1507
1737
-3452
-1249
2706
-3434
-1037
2822
-3471
-736
2863
-3510
-437
2782
-3628
-106
2475
-3739
-12
2423
-3743
-90
2341
-3724
-322
2318
-3710
-518
2027
-3676
-638
1704
-3609
-1035
1445
-3654
-1031
1012
-3532
-1553
840
-3530
-1641
585
-3382
-1791
-310
-3160
-2194
-1041
-3070
-2009
-1604
-2831
-2491
-2024
-2211
-2639
-2728
-1900
-2955
-3208
-1685
-3625
-3694
-1510
-3921
-3423
-1579
-3678
-2756
-1690
-3777
-2066
-1950
-3618
-1772
-2137
-3434
-1650
-2359
-3141
-1117
-2538
-2982
-474
-2736
-2934
-295
-2934
-2846
-96
-3099
-2610
42
-3148
-2410
116
-3198
-2081
647
-3168
-1987
1105
-3059
-2169
1668
-2980
-1983
2371
-2953
-1677
3162
-2997
-1417
3614
-3079
-1090
3499
-3236
-737
3132
-3342
-603
2844
-3306
-776
2633
-3274
-1116
2428
-3213
-1373
2230
-3204
-1432
1992
-3278
-1539
1586
-3289
-1705
1120
-3254
-1946
384
-3323
-2003
-5
-3392
-1736
-633
-3149
-1997
-975
-3045
-2037
-1564
-2784
-2627
-1987
-2202
-2971
-2795
-1839
-3372
-3381
-1636
-3801
-3558
-1604
-3881
-3090
-1727
-3704
-2319
-1951
-3531
-1877
-2183
-3452
-1659
-2299
-3369
-1361
-2438
-3192
-896
-2678
-2933
-323
-2686
-3242
211
-2596
-2955
634
-2819
-1972
1148
-3209
-1415
1787
-3442
-886
2293
-3479
-397
2680
-3641
140
2911
-3734
566
2874
-3746
724
2842
-3670
520
2642
-3598
175
2548
-3486
-310
2358
-3460
-625
2203
-3426
-870
2128
-3434
-1102
1923
-3481
-1152
1600
-3510
-1355
1374
-3517
-1349
954
-3275
-1926
294
-3165
-2435
-226
-3086
-2132
-1007
-2885
-2491
-1366
-2686
-2503
-2378
-2161
-3258
-2577
-1906
-3734
-2981
-1690
-4016
-2988
-1805
-3843
-2647
-1867
-3834
-2231
-2065
-3590
-1746
-2310
-3225
-1281
-2574
-2964
-769
-2855
-2844
-531
-2948
-2586
-28
-3014
-2405
481
-3052
-2414
1076
-3048
-2231
1566
-3103
-1842
2124
-3089
-1627
2685
-3142
-1011
2952
-3302
-356
2876
-3486
171
2787
-3679
461
2707
-3719
556
2668
-3680
448
2478
-3640
149
2375
-3617
-158
2203
-3523
-402
1870
-3474
-678
1574
-3329
-1083
1133
-3063
-1744
511
-2907
-2419
64
-2712
-2567
-1134
-2608
-2626
-1883
-2335
-2033
-2510
-1587
-2976
-3539
-1029
-4371
-3720
-909
-4481
-3079
-1078
-4371
-2310
-1342
-4272
-1940
-1620
-3977
-1683
-1696
-3838
-1231
-1900
-3562
-811
-2313
-3016
-381
-2698
-2813
-147
-2863
-2873
77
-2933
-2566
275
-3078
-2236
718
-3166
-1921
1036
-3256
-1542
1304
-3237
-1031
1598
-3156
-634
2565
-2998
-426
4209
-2840
-242
4772
-2713
-144
4417
-2733
-65
3916
-2767
-156
3649
-2737
-511
3142
-2848
-740
2741
-2981
-882
2293
-3131
-937
1647
-3289
-877
1214
-3428
-1193
870
-3438
-1384
467
-3261
-1858
-242
-3112
-2526
-598
-2998
-2198
-1410
-2969
-2139
-2086
-2303
-3074
-2725
-1996
-3289
-3206
-1924
-3339
-3396
-1820
-3790
-3192
-1924
-3559
-2679
-2071
-3447
-2147
-2172
-3439
-1805
-2432
-3164
-1385
-2671
-2932
-889
-2903
-2739
-510
-3060
-2597
-183
-3237
-2419
122
-3400
-2048
443
-3574
-1587
986
-3724
-1278
1386
-3817
-1081
1715
-3942
-734
1897
-4053
-293
1929
-4154
-33
1721
-4189
111
1596
-4179
-17
1590
-4129
-291
1437
-4007
-590
1232
-3962
-823
1070
-3836
-1250
817
-3775
-1564
446
-3654
-2034
-215
-3633
-1722
-748
-3788
-985
-1494
-3509
-1415
-2008
-3206
-2104
-2274
-2825
-2506
-2351
-2333
-3225
-2665
-2210
-3643
-3009
-2239
-3830
-2824
-2328
-3429
-2314
-2521
-3098
-1870
-2697
-3021
-1415
-2974
-2725
-1104
-3180
-2579
-611
-3260
-2348
-45
-3408
-1945
669
-3538
-1663
1401
-3659
-1365
1741
-3817
-1033
1524
-4017
-552
1320
-4221
-25
1174
-4358
229
1217
-4378
197
1224
-4312
68
1252
-4175
-318
1148
-4101
-646
984
-4006
-899
877
-3964
-1034
565
-3835
-1490
398
-3795
-1750
153
-3692
-1887
-416
-3565
-1985
-536
-3588
-1513
-562
-3367
-1831
-1242
-2957
-2854
-1851
-2369
-3233
-2309
-2002
-3421
-2764
-1970
-3252
-3162
-1972
-3654
-2999
-2105
-3323
-2778
-2180
-3257
-2709
-2182
-3183
-2659
-2252
-3160
-2352
-2424
-2984
-2007
-2666
-2629
-1520
-2954
-2417
-704
-3232
-2242
-44
-3311
-2234
547
-3437
-1999
919
-3569
-1639
1145
-3583
-1453
1415
-3637
-1102
1875
-3753
-739
2017
-3845
-385
2285
-3917
19
2176
-4018
262
1924
-4077
280
1841
-4050
111
1740
-4006
-144
1698
-3944
-384
1605
-3898
-635
1324
-3823
-902
993
-3807
-1077
652
-3625
-1645
205
-3468
-2083
-520
-3358
-2192
-1257
-3194
-2179
-2002
-2978
-2686
-1844
-2874
-2670
-2275
-2485
-3363
-2437
-2662
-3035
-2461
-2755
-2811
-2517
-2639
-2995
-2381
-2771
-2671
-2132
-2896
-2676
-1938
-2953
-2782
-1747
-3000
-2757
-1312
-2977
-2826
-579
-3003
-2800
106
-3058
-2630
667
-3127
-2517
1224
-3169
-2011
1639
-3362
-1450
1981
-3531
-969
2359
-3621
-670
2574
-3769
-350
2582
-3882
-46
2378
-3867
-73
2158
-3821
-237
2147
-3799
-427
2218
-3720
-709
1964
-3620
-919
1580
-3551
-1293
1245
-3468
-1559
645
-3414
-1879
397
-3332
-1958
-89
-3062
-2471
-804
-2894
-2789
-1771
-2684
-3263
-2259
-2499
-2789
-2715
-2398
-3102
-2739
-2254
-3540
-2655
-2380
-3266
-2259
-2532
-3148
-1859
-2567
-3266
-1561
-2722
-3044
-1359
-2872
-2931
-963
-2872
-3092
-355
-2889
-2987
402
-3062
-2765
885
-3118
-2372
1325
-3284
-1732
1683
-3588
-1166
1834
-3792
-756
1888
-3943
-372
1826
-4065
-80
1790
-4116
-8
1745
-4095
-46
1708
-4001
-333
1664
-3903
-638
1573
-3772
-997
1526
-3655
-1346
1239
-3568
-1569
785
-3483
-1944
530
-3452
-1983
238
-3389
-1756
-408
-3212
-2238
-1251
-2751
-2896
-2421
-2219
-3469
-3085
-1892
-3549
-3207
-1741
-3797
-3058
-2094
-3542
-2589
-2422
-3214
-2189
-2470
-3311
-1684
-2499
-3167
-1027
-2815
-3013
-372
-2843
-2889
272
-2974
-2371
771
-3237
-2035
1264
-3426
-1563
1683
-3593
-1177
1962
-3740
-893
2100
-3852
-660
2166
-3945
-434
1972
-3926
-478
1858
-3895
-590
1808
-3854
-722
1801
-3768
-1013
1588
-3709
-1163
1263
-3614
-1538
1218
-3554
-1768
1079
-3451
-1778
696
-3340
-2076
402
-3187
-2075
-201
-2988
-2441
-950
-2768
-2852
-1589
-2270
-2971
-2312
-1872
-3294
-2731
-1640
-3726
-2877
-1484
-4080
-2802
-1524
-4145
-2379
-1681
-3947
-1923
-1875
-3743
-1685
-2028
-3702
-1529
-2139
-3504
-1217
-2368
-3236
-518
-2658
-3005
-64
-2779
-2873
341
-2930
-2705
749
-3110
-2395
1044
-3241
-2139
1383
-3428
-1598
1559
-3537
-1522
1871
-3523
-1568
2098
-3514
-1427
2037
-3546
-1375
1989
-3584
-1245
1852
-3643
-1189
1841
-3648
-1223
1811
-3595
-1381
1713
-3564
-1452
1615
-3529
-1571
1436
-3468
-1642
1140
-3346
-1918
594
-3190
-2326
-196
-3054
-2908
-743
-2925
-2781
-1768
-2739
-2786
-2085
-2603
-2835
-2270
-2270
-3410
-2412
-2311
-3333
-2509
-2360
-3378
-2366
-2433
-3188
-2085
-2541
-3099
-1727
-2613
-3120
-1388
-2783
-2965
-1284
-2905
-2944
-1027
-2948
-2909
-619
-3001
-2693
-188
-3106
-2554
302
-3223
-2146
709
-3274
-1750
1011
-3208
-1868
1973
-3078
-1805
2923
-2970
-1822
3274
-2979
-1626
3232
-3011
-1339
2936
-3068
-1128
2776
-3169
-1046
2746
-3211
-1088
2697
-3202
-1247
2468
-3189
-1407
2212
-3192
-1626
1916
-3228
-1667
1410
-3250
-1793
929
-3230
-2108
115
-3222
-2064
-689
-3198
-2386
-947
-3222
-2176
-1754
-2806
-2620
-2253
-2637
-2829
-2422
-2450
-2812
-2604
-2434
-2982
-2771
-2359
-3280
-2710
-2384
-3138
-2411
-2427
-3085
-2065
-2508
-3078
-2048
-2684
-2901
-1775
-2704
-2982
-1280
-2773
-2786
-686
-2832
-2844
-63
-2899
-3000
607
-2946
-2576
1280
-3009
-2586
1650
-3060
-2439
1966
-3114
-2064
1916
-3266
-1590
2213
-3474
-1084
2384
-3594
-739
2344
-3655
-649
2188
-3693
-585
2183
-3698
-580
2326
-3629
-727
2333
-3565
-867
2260
-3534
-1100
1925
-3452
-1436
1498
-3397
-1783
962
-3300
-2136
349
-3264
-2508
-98
-3320
-2256
-1060
-3387
-2170
-1112
-3408
-1829
-1506
-3120
-2171
-1925
-2884
-2705
-2370
-2657
-2657
-2448
-2582
-2638
-2854
-2419
-2951
-3031
-2293
-3334
-2720
-2262
-3262
-2435
-2350
-3301
-2271
-2489
-3139
-2096
-2720
-2717
-1825
-2858
-2682
-1281
-3004
-2391
-800
-3118
-2338
-139
-3146
-2432
301
-3141
-2192
585
-3099
-1965
1223
-3027
-1682
2299
-2950
-1604
2590
-2908
-1530
3020
-3004
-1153
3416
-3044
-869
3611
-3040
-761
3841
-3092
-606
3666
-3171
-448
3290
-3203
-518
2861
-3274
-666
2240
-3290
-924
1688
-3348
-1085
1492
-3360
-1566
1327
-3366
-1745
1494
-3367
-1901
975
-3236
-2149
312
-3194
-1905
-833
-3178
-1884
-1726
-3184
-1937
-2483
-2849
-2436
-2835
-2604
-2700
-3145
-2378
-3102
-3351
-2254
-3388
-3045
-2353
-3246
-2423
-2452
-3206
-1813
-2568
-3273
-1214
-2735
-3104
-592
-2858
-2698
5
-2938
-2324
779
-2975
-1900
1307
-2968
-1748
1923
-3008
-1149
2545
-3264
-444
2909
-3405
-43
3247
-3417
253
3475
-3340
278
3566
-3280
219
3693
-3218
-67
3732
-3189
-320
3358
-3143
-291
2947
-3101
-601
2246
-3104
-988
1681
-3144
-1238
1076
-3066
-1878
617
-3062
-1823
-405
-2938
-1846
-1019
-2959
-1933
-1395
-2817
-2293
-2240
-2192
-3185
-2380
-1821
-2877
-3280
-1269
-4058
-3843
-1294
-4304
-3463
-1472
-4081
-2639
-1559
-4149
-1995
-1808
-3705
-1690
-2099
-3296
-1399
-2383
-3087
-486
-2725
-2619
16
-2868
-2294
630
-3080
-2013
1123
-3246
-1779
1573
-3199
-1492
2290
-3109
-970
2440
-3169
-744
2792
-3245
-260
3067
-3359
195
3063
-3498
530
2937
-3579
700
2729
-3638
764
2643
-3623
601
2815
-3581
404
2656
-3496
-77
2358
-3406
-446
2061
-3289
-966
1511
-3217
-1554
976
-3154
-1975
428
-3139
-1869
-794
-2887
-2295
-1597
-2950
-2440
-1839
-2749
-2737
-2009
-2247
-3376
-2542
-1902
-3608
-2785
-1938
-3719
-2975
-2069
-3707
-2878
-2098
-3742
-2560
-2063
-3736
-2087
-2187
-3478
-1420
-2559
-3013
-679
-2726
-2718
10
-2846
-2256
968
-3034
-1757
1989
-3361
-1105
2389
-3797
-458
2500
-4118
25
2170
-4216
432
1931
-4168
234
1897
-4142
-122
1763
-3954
-472
1544
-3754
-942
1242
-3594
-1365
730
-3496
-1730
503
-3539
-1368
363
-3199
-1651
-180
-2950
-2159
-756
-2674
-2721
-1174
-1853
-2958
-1929
-1145
-3554
-3172
-718
-4128
-3720
-675
-4303
-3516
-791
-4469
-2865
-1148
-4039
-2285
-1331
-3847
-2055
-1389
-3870
-2126
-1463
-3910
-2066
-1589
-3796
-1676
-1765
-3522
-1183
-2126
-3041
-590
-2606
-2702
-11
-2882
-2653
234
-3045
-2491
433
-3235
-2343
578
-3344
-2107
653
-3348
-1927
750
-3370
-1798
