-1151
-3920
-1527
-1094
-3929
-1543
-1190
-3954
-1474
-1168
-3936
-1499
-1255
-3981
-1364
-1426
-4034
-1304
-1511
-4063
-1264
-1513
-4136
-1086
-1320
-4030
-1324
-1193
-3986
-1451
-1047
-3903
-1428
-845
-3809
-1611
-565
-3622
-1810
-317
-3507
-2159
-68
-2943
-2608
232
-2565
-2836
348
-2072
-3262
261
-1589
-3402
397
-1316
-3784
571
-1268
-4199
942
-1268
-4805
763
-787
-4542
1064
-775
-4804
1044
-985
-4722
901
-1136
-4357
778
-1191
-3971
451
-1331
-3505
484
-1719
-3180
395
-2097
-3054
249
-2688
-3037
132
-2757
-3014
-273
-3090
-2768
-387
-3116
-2373
-594
-3242
-1946
-1068
-3512
-1481
-1344
-3533
-1043
-1918
-3424
-726
-2859
-3589
-813
-3868
-3637
-1009
-4785
-3914
-911
-4025
-3796
-745
-3137
-3572
-811
-2421
-3533
-919
-1833
-3361
-1238
-1239
-3280
-1526
-648
-3022
-1863
-237
-2936
-2373
42
-2419
-2828
366
-2221
-3338
322
-1818
-3173
493
-1463
-3659
1030
-1070
-4110
1633
-542
-5063
1601
-335
-5298
1351
-553
-4887
804
-899
-4223
578
-1345
-3793
243
-1778
-3461
104
-2169
-3213
-170
-2472
-2900
-504
-2902
-2543
-776
-3167
-2295
-1092
-3211
-2013
-1278
-3301
-1789
-1349
-3306
-1766
-1692
-3364
-1490
-2477
-3468
-1333
-3476
-3568
-727
-3978
-3854
-356
-3861
-3910
-315
-3385
-3829
-328
-2882
-3741
-581
-2386
-3736
-712
-1876
-3512
-1102
-1613
-3584
-1282
-1124
-3240
-1575
-737
-3127
-2135
-428
-2825
-2270
28
-2656
-2842
110
-2297
-3037
243
-1922
-3308
357
-1430
-3455
581
-1063
-3949
890
-684
-4407
1379
-216
-5167
1501
-131
-5338
1127
-359
-4967
744
-708
-4375
419
-1033
-3885
165
-1441
-3530
71
-1890
-3300
28
-2312
-3120
-312
-2569
-2893
-613
-3023
-2503
-869
-3140
-2171
-1270
-3211
-1866
-1551
-3318
-1473
-1864
-3404
-1388
-2161
-3372
-1360
-2760
-3404
-1229
-3331
-3431
-951
-3720
-3584
-472
-3609
-3739
-362
-3675
-3704
-330
-3053
-3646
-488
-2642
-3578
-812
-2127
-3561
-1109
-1781
-3463
-1465
-1551
-3438
-1574
-1278
-3333
-1863
-1018
-3144
-2109
-628
-2988
-2321
-468
-2797
-2611
-83
-2756
-3112
75
-2337
-3118
149
-1870
-3604
225
-1645
-3540
310
-1311
-3741
380
-1121
-3837
724
-767
-4242
1200
-304
-4808
1499
-34
-5127
1396
-217
-4978
991
-499
-4523
670
-834
-4049
525
-1262
-3673
231
-1602
-3440
134
-2021
-3209
-88
-2396
-3021
-378
-2688
-2632
-692
-3076
-2369
-1007
-3144
-2122
-1255
-3220
-1755
-1422
-3252
-1581
-1890
-3281
-1412
-2311
-3364
-1143
-3197
-3354
-862
-3567
-3372
-494
-4308
-3537
-267
-4230
-3566
-295
-3823
-3545
-505
-3172
-3391
-707
-2758
-3304
-921
-2312
-3232
-1245
-2006
-3180
-3496
-1537
-2941
-2035
-1338
-2942
-2130
-875
-2572
-2747
-651
-2565
-2701
-347
-2317
-3321
-202
-2081
-3281
-171
-1702
-3322
-143
-1369
-3656
75
-932
-4043
172
-678
-4222
514
-362
-4530
788
-4
-4954
1117
140
-5054
1035
-78
-4883
786
-332
-4569
633
-567
-4212
389
-927
-3887
183
-1326
-3515
-108
-1787
-3214
-285
-2179
-3122
-488
-2554
-2900
-722
-2896
-2688
-1015
-2952
-2488
-1297
-2977
-2187
-1682
-3028
-2142
-2078
-3130
-1867
-2160
-3246
-1476
-2461
-3348
-1325
-2748
-3338
-965
-3176
-3381
-706
-3571
-3465
-378
-3700
-3462
-145
-3568
-3615
117
-3455
-3680
-88
-3265
-3339
-529
-2863
-3326
-703
-2560
-3290
-1015
-2160
-3024
-1644
-1715
-2968
-1744
-1305
-2726
-2466
-836
-2697
-2510
-666
-2400
-3081
-354
-2222
-3254
-354
-1720
-3213
-149
-1443
-3656
22
-1272
-3492
123
-806
-4029
397
-322
-4483
858
303
-5139
1071
332
-5249
913
31
-5045
572
-230
-4588
337
-488
-4235
188
-861
-3945
29
-1259
-3648
-153
-1636
-3442
-417
-1959
-3179
-623
-2343
-3049
-909
-2731
-2789
-1178
-2952
-2470
-1313
-2987
-2319
-1747
-3097
-2006
-2009
-3171
-1862
-2033
-3154
-1850
-2201
-3164
-1662
-2652
-3324
-1149
-3127
-3495
-529
-3566
-3711
73
-3687
-3761
287
-3386
-3777
57
-3050
-3751
-311
-2775
-3475
-814
-2547
-3362
-1105
-2241
-3214
-1373
-1808
-2855
-1921
-1299
-2675
-2443
-1045
-2437
-2477
-352
-2351
-3435
-248
-2392
-2988
-274
-1647
-3377
-85
-1316
-3495
147
-900
-3715
458
-412
-4331
915
-131
-4612
1235
428
-5355
1287
232
-5255
875
-66
-4842
581
-362
-4343
294
-758
-4063
155
-1112
-3762
-3
-1453
-3488
-389
-1840
-3207
-633
-2333
-2937
-860
-2792
-2700
-1101
-2983
-2175
-1381
-3191
-1971
-1492
-3218
-1965
-1759
-3097
-1943
-2219
-3014
-1871
-2479
-2987
-1599
-2913
-3059
-1434
-3295
-3225
-1101
-3491
-3263
-522
-3901
-3417
-290
-4270
-3454
-229
-3826
-3475
-103
-3477
-3474
-268
-2786
-3297
-750
-2268
-3361
-872
-1673
-2946
-1467
-1167
-2995
-2093
-873
-2747
-2173
-314
-2511
-2934
-158
-2336
-3093
229
-1805
-3662
285
-1623
-3309
279
-1377
-3702
535
-1102
-3832
1026
-547
-4577
1454
-210
-4978
1493
-111
-5137
1135
-362
-4705
811
-644
-4277
565
-949
-3979
391
-1347
-3646
151
-1729
-3387
-28
-2142
-3138
-281
-2642
-3062
-701
-2784
-2678
-900
-2965
-2354
-1027
-3129
-2074
-1221
-3214
-1692
-1676
-3140
-1720
-1963
-3158
-1787
-2482
-3178
-1337
-3215
-3215
-1125
-3930
-3323
-604
-4517
-3497
-102
-4375
-3611
-52
-3845
-3509
-185
-3134
-3314
-545
-2740
-3379
-763
-2121
-3141
-1124
-1649
-3170
-1423
-1163
-2924
-1859
-550
-2667
-2562
-490
-2579
-2338
-60
-2369
-3038
34
-1875
-3135
357
-1215
-3177
761
-626
-4092
891
-51
-4499
1236
446
-5446
1567
306
-5556
1254
48
-5102
816
-301
-4420
514
-675
-3943
171
-1117
-3513
-37
-1529
-3306
-211
-1922
-3233
-517
-2492
-3127
-712
-2566
-2968
-1092
-2783
-2645
-1324
-2873
-2526
-1571
-2957
-2271
-2000
-3063
-1928
-2394
-3171
-1719
-2445
-3200
-1377
-2594
-3334
-910
-3006
-3446
-820
-3451
-3380
-716
-3835
-3506
-191
-3759
-3610
-93
-3501
-3594
-338
-2995
-3472
-621
-2589
-3381
-898
-2139
-3303
-1248
-1769
-3165
-1674
-1533
-2999
-1993
-1130
-2801
-2400
-871
-2601
-2580
-515
-2634
-3083
-375
-2278
-3264
-41
-1633
-3586
57
-1605
-3494
272
-1317
-3915
348
-1087
-3860
488
-787
-4162
630
-507
-4477
999
-143
-4894
1188
-66
-5015
1065
-256
-4746
737
-487
-4378
526
-825
-4026
328
-1181
-3738
92
-1566
-3452
-196
-1943
-3236
-526
-2450
-3022
-723
-2823
-2804
-1003
-2866
-2429
-1299
-3084
-2207
-1561
-3118
-1950
-1776
-3156
-1845
-2053
-3197
-1710
-2426
-3237
-1448
-2786
-3374
-1101
-3231
-3473
-693
-3360
-3547
-271
-3660
-3732
47
-3620
-3676
-95
-3247
-3579
-203
-2931
-3482
-548
-2575
-3342
-986
-2214
-3135
-1381
-1823
-2931
-1734
-1351
-2698
-2331
-1036
-2507
-2573
-455
-2408
-3490
-264
-1919
-3498
6
-1273
-3707
97
-1294
-3724
306
-1219
-3808
231
-1168
-3795
370
-793
-4076
395
-582
-4082
684
-254
-4535
1014
36
-4876
1153
175
-4902
979
1
-4692
700
-285
-4336
484
-561
-4097
345
-921
-3876
109
-1292
-3658
-95
-1613
-3485
-321
-1951
-3278
-581
-2381
-3108
-783
-2710
-2996
-1067
-2809
-2558
-1182
-3014
-2320
-1324
-3004
-2319
-1624
-3041
-2166
-1869
-3101
-1891
-2302
-3200
-1601
-2618
-3284
-1309
-3108
-3351
-1061
-3483
-3507
-740
-3791
-3600
-518
-3706
-3556
-395
-3224
-3546
-569
-2747
-3431
-901
-2398
-3339
-1163
-1997
-3110
-1662
-1646
-3133
-1953
-1392
-2917
-2280
-1145
-2786
-2429
-870
-2494
-2830
-495
-2639
-3171
-387
-2046
-3418
-243
-1705
-3423
-21
-1414
-3703
240
-1144
-3864
417
-970
-3781
629
-679
-4091
635
-423
-4144
954
-30
-4685
1113
89
-4830
1072
83
-4789
931
-98
-4565
713
-289
-4340
540
-545
-4146
400
-871
-3922
190
-1257
-3641
-74
-1556
-3424
-394
-1846
-3177
-643
-2271
-3094
-1022
-2664
-3005
-1412
-2706
-2533
-1707
-2867
-2395
-1741
-2896
-2332
-1790
-2815
-2067
-2109
-2817
-1903
-2639
-2975
-1554
-3332
-3303
-972
-3784
-3444
-542
-4025
-3459
-118
-3847
-3545
-112
-3449
-3485
-322
-3225
-3520
-614
-2849
-3414
-863
-2524
-3309
-1089
-1961
-3273
-1440
-1480
-3076
-1852
-1142
-2897
-2029
-684
-2687
-2604
-404
-2649
-2688
-25
-2465
-3368
51
-2016
-3153
221
-1576
-3561
439
-1362
-3678
535
-1141
-3746
659
-812
-3947
654
-573
-3992
1071
-225
-4486
1367
26
-4743
1441
216
-4885
1280
75
-4654
1074
-212
-4340
859
-448
-4150
687
-740
-3959
461
-1079
-3725
245
-1450
-3512
37
-1786
-3265
-256
-2083
-3120
-518
-2513
-3024
-795
-2694
-2977
-1154
-2819
-2689
-1309
-2902
-2634
-1566
-2891
-2538
-1791
-2878
-2385
-2019
-2900
-2096
-2336
-3060
-1805
-2693
-3275
-1384
-3063
-3444
-1054
-3385
-3430
-735
-3640
-3548
-468
-3569
-3588
-479
-3328
-3523
-542
-2965
-3462
-836
-2561
-3351
-1142
-2250
-3216
-1400
-1829
-3086
-1787
-1470
-2961
-2146
-1132
-2638
-2546
-714
-2554
-2861
-464
-2412
-3226
-241
-1899
-3599
-126
-1699
-3376
-82
-1533
-3634
121
-1363
-3631
308
-966
-3944
533
-652
-4061
779
-286
-4503
989
-81
-4723
1118
62
-4878
990
-138
-4637
788
-312
-4369
572
-570
-4181
387
-821
-3995
242
-1047
-3824
33
-1304
-3637
-263
-1560
-3476
-566
-1845
-3294
-895
-2231
-3241
-1186
-2471
-3087
-1545
-2603
-2673
-1681
-2737
-2571
-1870
-2769
-2397
-2211
-2774
-2349
-2383
-2859
-2111
-2608
-2903
-1892
-2782
-2965
-1696
-3041
-3052
-1420
-3311
-3169
-1126
-3607
-3270
-881
-3725
-3323
-772
-3492
-3325
-819
-3164
-3291
-995
-2758
-3198
-1220
-2476
-3127
-1421
-2080
-3000
-1822
-1819
-2920
-1996
-1475
-2693
-2380
-1248
-2599
-2503
-839
-2435
-3181
-577
-2436
-3367
-470
-1666
-3539
-395
-1564
-3495
-192
-1320
-3757
1
-1212
-3777
133
-913
-3987
344
-610
-4150
600
-284
-4397
994
60
-4800
1165
77
-4752
1080
-132
-4558
847
-265
-4296
636
-450
-4145
414
-777
-3985
190
-1036
-3872
-155
-1252
-3697
-432
-1506
-3507
-637
-1800
-3341
-925
-2173
-3351
-1262
-2380
-3099
-1616
-2552
-2717
-1805
-2681
-2507
-2171
-2746
-2328
-2421
-2852
-2031
-2523
-2953
-1880
-2758
-3015
-1798
-2909
-3104
-1534
-3075
-3215
-1251
-3187
-3347
-1069
-3191
-3427
-866
-3096
-3418
-787
-2976
-3436
-951
-2796
-3377
-1160
-2594
-3253
-1493
-2371
-3176
-1690
-2149
-2938
-1952
-1845
-2913
-2151
-1577
-2668
-2493
-1318
-2618
-2638
-955
-2656
-3183
-786
-2239
-3429
-730
-1707
-3368
-498
-1578
-3610
-388
-1507
-3499
-263
-1185
-3984
-69
-1032
-4042
198
-489
-4650
464
-395
-4725
536
-370
-4752
530
-592
-4470
390
-700
-4245
273
-881
-4076
126
-1166
-3909
28
-1347
-3775
-144
-1491
-3665
-430
-1648
-3527
-717
-1847
-3365
-1046
-2132
-3244
-1499
-2399
-3177
-1754
-2518
-2773
-1922
-2656
-2649
-2069
-2667
-2467
-2240
-2689
-2313
-2274
-2681
-2269
-2510
-2695
-2166
-2623
-2656
-1894
-3034
-2709
-1580
-3417
-2878
-1211
-3763
-3047
-891
-3852
-3141
-634
-3881
-3171
-597
-3684
-3175
-669
-3564
-3139
-834
-3285
-3112
-1033
-2978
-3084
-1230
-2446
-2967
-1580
-1966
-2822
-1796
-1317
-2698
-2337
-832
-2615
-2413
-376
-2587
-2983
-115
-2431
-3129
-32
-1762
-3416
122
-1650
-3504
191
-1485
-3674
272
-1345
-3761
483
-912
-4199
727
-715
-4276
810
-445
-4598
851
-338
-4747
833
-417
-4635
687
-579
-4424
482
-763
-4237
300
-1030
-4017
114
-1341
-3775
-69
-1598
-3640
-288
-1788
-3578
-481
-2005
-3376
-678
-2299
-3130
-912
-2767
-2972
-1235
-2808
-2528
-1532
-3048
-2185
-1750
-3118
-2152
-2003
-3168
-2009
-2127
-3177
-1864
-2244
-3137
-1894
-2455
-3099
-1806
-2658
-3160
-1593
-2834
-3238
-1351
-3081
-3277
-1169
-3266
-3346
-973
-3525
-3411
-855
-3432
-3413
-779
-3122
-3438
-793
-2886
-3432
-898
-2537
-3412
-1145
-2288
-3426
-1321
-1974
-3297
-1503
-1723
-3337
-1583
-1492
-3091
-1917
-1131
-2957
-2137
-805
-2813
-2659
-518
-2809
-3103
-363
-1990
-3467
-269
-1720
-3455
-54
-1370
-3686
253
-1309
-3767
588
-893
-4276
913
-552
-4670
1109
-329
-4873
1049
-424
-4702
850
-702
-4372
668
-915
-4112
475
-1125
-3925
275
-1386
-3745
74
-1653
-3574
-259
-1882
-3311
-525
-2259
-3213
-904
-2567
-2999
-1219
-2671
-2577
-1268
-2744
-2473
-1787
-2656
-2451
-2001
-2638
-2222
-2654
-2652
-1900
-3113
-2808
-1644
-3395
-2941
-939
-3814
-3210
-772
-3975
-3223
-651
-3864
-3160
-348
-3704
-3207
-387
-3456
-3190
-534
-3244
-3242
-749
-3021
-3238
-934
-2748
-3169
-1145
-2380
-3145
-1481
-2013
-3048
-1826
-1626
-2945
-2083
-1375
-2805
-2255
-895
-2679
-2831
-673
-2632
-2874
-307
-2412
-3311
-189
-2002
-3441
-76
-1704
-3289
45
-1613
-3538
311
-1401
-3543
641
-852
-4155
940
-409
-4500
1330
13
-4944
1318
-135
-4831
1044
-399
-4515
740
-605
-4195
529
-841
-4067
347
-1171
-3858
68
-1472
-3625
-216
-1691
-3433
-525
-1968
-3223
-896
-2480
-3215
-1225
-2571
-2902
-1547
-2794
-2606
-1686
-2853
-2535
-1937
-2911
-2368
-2067
-2977
-2158
-2274
-2995
-1976
-2446
-3167
-1686
-2631
-3295
-1434
-2934
-3392
-1215
-3136
-3484
-796
-3244
-3566
-577
-3252
-3607
-607
-3058
-3586
-758
-2839
-3488
-1028
-2557
-3304
-1310
-2274
-3221
-1520
-1860
-2958
-2042
-1618
-2900
-2294
-1251
-2533
-2629
-975
-2508
-2820
-595
-2541
-3200
-405
-2041
-3376
-237
-1557
-3557
-118
-1401
-3651
228
-1086
-3995
352
-919
-4005
690
-583
-4335
989
-202
-4719
1271
-89
-4888
1198
-342
-4727
890
-488
-4375
673
-722
-4086
483
-1018
-3905
220
-1380
-3648
-69
-1668
-3394
-438
-1975
-3118
-765
-2522
-3020
-1109
-2650
-2695
-1456
-2781
-2271
-1695
-2897
-2215
-2055
-2911
-2086
-2329
-2916
-1882
-2719
-2934
-1720
-3061
-3036
-1463
-3526
-3183
-1121
-3917
-3312
-786
-3886
-3373
-568
-3642
-3319
-584
-3221
-3354
-778
-2903
-3294
-1058
-2555
-3254
-1281
-2214
-3114
-1610
-1828
-3044
-1846
-1478
-2757
-2269
-1102
-2749
-2550
-740
-2512
-2738
-437
-2694
-3169
-383
-2082
-3140
-55
-1599
-3634
135
-1455
-3540
417
-1127
-3977
660
-969
-4049
886
-666
-4171
1141
-240
-4714
1340
-165
-4812
1198
-391
-4632
934
-602
-4349
621
-784
-4089
286
-1054
-3887
57
-1393
-3715
-202
-1739
-3525
-461
-2057
-3287
-692
-2476
-3147
-984
-2696
-2897
-1268
-2892
-2564
-1414
-3002
-2351
-1605
-3049
-2236
-1796
-3122
-1918
-2068
-3175
-1703
-2251
-3270
-1451
-2435
-3364
-1260
-2786
-3405
-1195
-3163
-3453
-922
-3568
-3565
-638
-3665
-3578
-529
-3391
-3537
-610
-2903
-3416
-901
-2528
-3400
-1199
-2154
-3236
-1525
-1831
-3122
-1853
-1593
-2940
-1969
-1252
-2704
-2491
-950
-2623
-2646
-621
-2489
-3081
-318
-2325
-3548
-200
-1606
-3343
-86
-1375
-3717
169
-1198
-3793
611
-761
-4422
854
-375
-4748
1262
-177
-4960
1035
-444
-4712
622
-709
-4322
348
-939
-4044
88
-1221
-3829
-125
-1537
-3724
-303
-1839
-3501
-508
-2148
-3300
-773
-2539
-3183
-1048
-2645
-2878
-1225
-2824
-2627
-1390
-2896
-2526
-1555
-2960
-2302
-1767
-3014
-2114
-1963
-3059
-1859
-2198
-3146
-1499
-2621
-3243
-1357
-3024
-3344
-1081
-3635
-3427
-804
-3812
-3456
-794
-3632
-3451
-785
-3176
-3351
-957
-2836
-3317
-1156
-2504
-3256
-1393
-2241
-3195
-1623
-1890
-3036
-1876
-1599
-2973
-2111
-1272
-2739
-2418
-908
-2618
-2683
-563
-2492
-3125
-287
-2332
-3475
-111
-1652
-3474
-75
-1428
-3665
95
-1307
-3708
440
-979
-4279
627
-727
-4401
917
-344
-4768
1033
-405
-4670
905
-611
-4461
682
-859
-4174
532
-1047
-4015
380
-1278
-3866
200
-1493
-3784
-27
-1698
-3639
-283
-1962
-3426
-461
-2347
-3252
-742
-2670
-3041
-1055
-2781
-2654
-1246
-2924
-2474
-1392
-3027
-2285
-1683
-3069
-2164
-1823
-3079
-2046
-2080
-3078
-1926
-2459
-3093
-1749
-2841
-3228
-1374
-3185
-3346
-959
-3499
-3434
-600
-3702
-3510
-544
-3480
-3466
-528
-3136
-3388
-719
-2858
-3372
-1011
-2662
-3315
-1148
-2380
-3239
-1428
-2092
-3150
-1647
-1739
-2999
-2056
-1443
-2927
-2241
-1124
-2677
-2675
-866
-2683
-2731
-608
-2652
-3220
-540
-2085
-3438
-370
-1717
-3396
-12
-1488
-3771
294
-1317
-3727
690
-961
-4059
898
-675
-4354
1141
-317
-4758
1126
-356
-4809
844
-566
-4563
484
-738
-4313
150
-1007
-4065
-66
-1324
-3785
-259
-1626
-3549
-428
-1892
-3293
-605
-2363
-3104
-810
-2531
-2876
-1159
-2688
-2454
-1447
-2717
-2381
-1991
-2697
-2312
-2309
-2715
-2115
-2676
-2726
-1933
-3031
-2781
-1730
-3266
-2844
-1410
-3632
-2893
-1161
-3983
-2988
-919
-4214
-3056
-766
-3948
-3070
-744
-3590
-3000
-920
-3267
-2958
-1116
-2896
-2945
-1359
-2603
-2963
-1563
-2235
-2902
-1868
-1925
-2844
-2009
-1553
-2701
-2416
-1233
-2677
-2577
-915
-2425
-2946
-602
-2587
-3177
-357
-2186
-3468
-245
-1822
-3450
-120
-1702
-3390
134
-1564
-3649
440
-1205
-4040
757
-843
-4346
926
-497
-4721
1061
-402
-4762
866
-606
-4582
636
-869
-4269
439
-1145
-3967
194
-1431
-3759
-111
-1725
-3490
-391
-2036
-3311
-578
-2458
-3160
-874
-2682
-3015
-1169
-2786
-2696
-1310
-2889
-2519
-1587
-2942
-2362
-1797
-3069
-2133
-1958
-3188
-1898
-2135
-3139
-1675
-2500
-3188
-1551
-2935
-3304
-1448
-3327
-3383
-1089
-3531
-3518
-813
-3405
-3520
-793
-3099
-3481
-909
-2725
-3383
-1225
-2420
-3313
-1455
-2124
-3147
-1729
-1869
-3054
-2017
-1634
-2822
-2302
-1287
-2666
-2718
-959
-2500
-2803
-631
-2229
-3159
-285
-2350
-3347
-106
-1838
-3596
-29
-1449
-3641
275
-1102
-3993
584
-829
-4345
936
-555
-4616
1025
-463
-4743
951
-576
-4556
668
-827
-4234
456
-1085
-4015
249
-1335
-3830
17
-1590
-3679
-181
-1877
-3531
-449
-2239
-3370
-777
-2399
-3127
-1018
-2600
-2896
-1163
-2644
-2782
-1434
-2671
-2685
-1586
-2704
-2534
-1876
-2759
-2429
-2207
-2832
-2107
-2659
-2947
-1748
-3079
-3164
-1344
-3419
-3329
-906
-3753
-3458
-857
-3707
-3372
-871
-3313
-3317
-925
-2921
-3304
-1217
-2725
-3207
-1316
-2411
-3186
-1562
-2091
-3091
-1928
-1795
-2911
-2117
-1465
-2821
-2394
-1173
-2643
-2557
-752
-2486
-2927
-412
-2335
-3063
51
-2108
-3702
237
-1599
-3627
235
-1397
-3636
458
-1271
-3995
834
-1025
-4158
961
-728
-4631
1069
-621
-4632
872
-757
-4437
625
-998
-4173
476
-1213
-3960
294
-1471
-3789
114
-1709
-3649
-44
-1915
-3472
-212
-2199
-3360
-448
-2420
-3272
-744
-2575
-3077
-966
-2655
-2964
-1209
-2695
-2815
-1423
-2723
-2719
-1617
-2757
-2534
-1856
-2851
-2275
-2224
-2962
-1905
-2625
-3164
-1549
-2963
-3301
-1233
-3278
-3440
-931
-3615
-3474
-675
-3629
-3464
-671
-3418
-3437
-898
-3043
-3341
-1127
-2710
-3244
-1324
-2341
-3169
-1664
-1997
-3026
-1976
-1609
-2784
-2280
-1192
-2770
-2478
-860
-2467
-2760
-520
-2435
-2969
-202
-2334
-3297
98
-1973
-3723
223
-1535
-3593
237
-1332
-3755
437
-1197
-3789
849
-881
-4263
1050
-672
-4391
1079
-385
-4667
1003
-426
-4664
718
-689
-4433
475
-895
-4208
242
-1105
-4022
46
-1412
-3828
-171
-1721
-3608
-432
-2069
-3390
-632
-2426
-3231
-924
-2694
-2935
-1037
-2851
-2740
-1156
-2958
-2545
-1285
-3028
-2346
-1433
-3139
-2152
-1585
-3228
-1949
-1887
-3365
-1621
-2127
-3534
-1189
-2271
-3584
-792
-2513
-3681
-528
-3046
-3671
-572
-3625
-3642
-524
-3724
-3666
-642
-3388
-3636
-808
-2925
-3445
-973
-2586
-3424
-1169
-2157
-3398
-1494
-1826
-3350
-1654
-1314
-3162
-2007
-949
-3132
-2089
-466
-2919
-2462
10
-2983
-2618
242
-2592
-2897
328
-2468
-3104
448
-2017
-3280
717
-1641
-3660
903
-1416
-3827
1243
-1055
-4335
1448
-907
-4438
1376
-888
-4441
1226
-1070
-4191
1071
-1274
-3986
865
-1506
-3806
704
-1713
-3669
506
-1932
-3498
274
-2156
-3311
-20
-2369
-3206
-294
-2703
-3069
-627
-2872
-2924
-1001
-3039
-2797
-1134
-3094
-2558
-1267
-3170
-2366
-1436
-3267
-2088
-1590
-3381
-1815
-1818
-3472
-1570
-1959
-3616
-1359
-2130
-3743
-1086
-2527
-3810
-672
-2700
-3791
-455
-3024
-3823
-413
-3114
-3828
-667
-2993
-3728
-845
-2675
-3652
-1013
-2443
-3588
-1234
-2154
-3537
-1424
-1742
-3431
-1681
-1371
-3373
-1825
-965
-3229
-2097
-636
-3134
-2202
-233
-2994
-2687
9
-2908
-2984
83
-2447
-3191
500
-2081
-3397
786
-1906
-3674
986
-1652
-3934
1287
-1501
-4044
1466
-1405
-4204
1388
-1464
-4092
1306
-1663
-3809
990
-1876
-3590
803
-2093
-3414
597
-2295
-3314
312
-2489
-3163
-36
-2745
-2996
-378
-3043
-2765
-637
-3270
-2534
-818
-3291
-2289
-1078
-3358
-2094
-1242
-3431
-1910
-1507
-3490
-1658
-1678
-3654
-1360
-1932
-3774
-1007
-2295
-3822
-669
-2696
-3834
-374
-3012
-3927
-250
-3210
-3932
-193
-3053
-3896
-352
-2651
-3814
-601
-2475
-3730
-744
-2272
-3703
-1021
-2102
-3672
-1251
-1730
-3542
-1681
-1487
-3582
-1618
-1088
-3333
-1856
-780
-3348
-1951
-552
-3210
-2268
-153
-3228
-2780
129
-2668
-3047
264
-2361
-3075
464
-2065
-3459
822
-1949
-3519
1101
-1660
-3901
1157
-1471
-4126
1297
-1359
-4305
1153
-1412
-4220
972
-1589
-3983
785
-1783
-3750
600
-2006
-3549
385
-2240
-3360
278
-2486
-3154
176
-2691
-3011
-42
-2922
-2869
-293
-3154
-2761
-573
-3268
-2552
-782
-3327
-2375
-1011
-3412
-2186
-1213
-3505
-1962
-1359
-3558
-1839
-1455
-3582
-1788
-1541
-3608
-1694
-1738
-3799
-1378
-2159
-3918
-768
-2598
-3931
-215
-2829
-4057
-95
-2767
-4057
-198
-2522
-4040
-452
-2249
-3967
-644
-2165
-3871
-756
-2047
-3823
-1023
-1827
-3731
-1288
-1525
-3604
-1634
-1249
-3492
-1769
-900
-3274
-2084
-655
-3126
-2242
-135
-3008
-2821
54
-2899
-3004
262
-2305
-3334
346
-2124
-3328
479
-1948
-3357
741
-1706
-3621
971
-1595
-3705
1249
-1298
-4149
1383
-1039
-4391
1442
-904
-4503
1322
-1019
-4330
1017
-1247
-4062
713
-1522
-3786
440
-1775
-3596
231
-2096
-3361
65
-2346
-3155
-147
-2582
-2919
-485
-2947
-2814
-870
-3173
-2611
-1242
-3213
-2238
-1469
-3284
-2103
-1684
-3361
-1958
-1871
-3472
-1660
-1904
-3502
-1518
-2062
-3543
-1375
-2328
-3584
-1193
-2394
-3657
-924
-2731
-3692
-616
-2945
-3833
-234
-3104
-3861
8
-3073
-3859
-118
-2770
-3799
-445
-2474
-3699
-719
-2208
-3599
-1055
-2091
-3546
-1314
-1780
-3434
-1636
-1501
-3342
-1915
-1285
-3234
-2068
-825
-3049
-2478
-504
-2978
-2614
-50
-2823
-3272
39
-2381
-3145
292
-2071
-3453
485
-1924
-3611
957
-1647
-3982
1194
-1477
-4192
1381
-1426
-4208
1338
-1470
-4089
1244
-1630
-3870
1008
-1863
-3591
735
-2058
-3410
452
-2309
-3241
167
-2530
-3089
-117
-2870
-2963
-520
-3139
-2723
-879
-3236
-2444
-1119
-3293
-2176
-1377
-3436
-1882
-1567
-3567
-1549
-1740
-3684
-1388
-1948
-3784
-1075
-2098
-3832
-734
-2305
-3925
-641
-2558
-3930
-381
-2759
-3973
-80
-2885
-4050
-144
-2745
-4010
-347
-2439
-3909
-580
-2248
-3821
-821
-2001
-3744
-1046
-1663
-3604
-1477
-1382
-3529
-1689
-967
-3304
-2079
-712
-3220
-2151
-269
-2985
-2667
-30
-3069
-2832
202
-2634
-3123
340
-2311
-3107
617
-2075
-3410
994
-1803
-3652
1512
-1446
-4131
1731
-1228
-4351
1691
-1261
-4241
1476
-1484
-3914
1169
-1736
-3577
879
-1976
-3442
564
-2226
-3204
258
-2481
-3011
-167
-2751
-2905
-565
-3071
-2773
-901
-3116
-2568
-1225
-3159
-2293
-1426
-3251
-2154
-1727
-3285
-2015
-1995
-3341
-1846
-2235
-3347
-1604
-2338
-3390
-1467
-2572
-3419
-1318
-2699
-3467
-1045
-2923
-3516
-784
-3236
-3589
-548
-3417
-3614
-349
-3389
-3674
-326
-3070
-3635
-487
-2804
-3593
-732
-2435
-3493
-1074
-2152
-3419
-1359
-1787
-3241
-1812
-1324
-3220
-2081
-853
-3037
-2375
-527
-2961
-2591
-150
-2825
-2809
179
-2720
-3034
295
-2500
-3030
719
-2237
-3505
826
-2014
-3483
1100
-1730
-3908
1456
-1494
-4107
1627
-1358
-4211
1483
-1466
-3977
1275
-1696
-3704
1033
-1939
-3481
775
-2196
-3311
506
-2496
-3177
159
-2697
-2983
-190
-2898
-2828
-592
-3044
-2646
-976
-3135
-2413
-1190
-3316
-2161
-1475
-3408
-1985
-1643
-3411
-1894
-1871
-3452
-1873
-2001
-3423
-1766
-2367
-3484
-1471
-2769
-3625
-1201
-3127
-3654
-972
-3247
-3694
-844
-3066
-3729
-954
-2709
-3582
-1178
-2354
-3523
-1351
-2062
-3420
-1633
-1747
-3303
-1933
-1401
-3198
-2183
-1029
-3066
-2407
-683
-2961
-2621
-324
-2857
-2779
-14
-2771
-3002
136
-2623
-3110
329
-2419
-3369
412
-2239
-3342
536
-2020
-3415
683
-1859
-3575
958
-1650
-3805
1183
-1386
-4143
1405
-1223
-4265
1385
-1218
-4226
1213
-1356
-4018
1041
-1568
-3759
904
-1783
-3562
716
-2039
-3401
545
-2289
-3274
373
-2567
-3159
123
-2770
-3035
-109
-2927
-2847
-347
-3068
-2766
-632
-3187
-2588
-896
-3256
-2388
-1092
-3374
-2239
-1195
-3441
-1983
-1376
-3532
-1704
-1546
-3605
-1471
-1780
-3590
-1212
-2257
-3689
-1061
-2834
-3810
-906
-3281
-3850
-509
-3361
-3876
-409
-3006
-3810
-609
-2624
-3736
-861
-2217
-3623
-1181
-2020
-3582
-1419
-1538
-3362
-1855
-1295
-3308
-1968
-794
-3103
-2421
-528
-3063
-2482
-209
-2873
-2709
-60
-2797
-2852
225
-2517
-3246
434
-2227
-3453
497
-1967
-3364
773
-1685
-3773
991
-1539
-3753
1360
-1227
-4200
1513
-1041
-4447
1504
-1095
-4350
1285
-1292
-4100
1050
-1521
-3792
880
-1777
-3526
625
-2023
-3384
454
-2313
-3249
217
-2608
-3091
-46
-2767
-2955
-410
-2945
-2750
-741
-3133
-2555
-1021
-3228
-2312
-1277
-3375
-2064
-1475
-3488
-1849
-1716
-3584
-1614
-1923
-3670
-1390
-2103
-3767
-1242
-2410
-3832
-971
-2515
-3858
-823
-2854
-3946
-649
-2893
-3910
-655
-2637
-3863
-849
-2222
-3728
-1174
-1930
-3711
-1362
-1661
-3609
-1518
-1233
-3435
-1879
-936
-3396
-2028
-649
-3200
-2215
-235
-3145
-2598
-42
-3143
-2685
117
-2838
-2933
254
-2477
-2906
478
-2169
-3372
647
-1952
-3541
953
-1626
-4086
1175
-1421
-4227
1418
-1213
-4341
1454
-1304
-4256
1379
-1518
-3937
1284
-1705
-3696
1023
-1977
-3351
847
-2181
-3234
564
-2437
-3039
204
-2745
-2778
97
-3047
-2743
-285
-3247
-2451
-715
-3355
-2201
-914
-3401
-2055
-1355
-3515
-1797
-1513
-3581
-1592
-1882
-3614
-1448
-2042
-3602
-1313
-2164
-3567
-1260
-2691
-3500
-1288
-3033
-3561
-1201
-3395
-3587
-1085
-3440
-3553
-857
-3142
-3557
-913
-2791
-3564
-990
-2453
-3502
-1154
-2205
-3554
-1362
-1872
-3451
-1629
-1504
-3375
-1832
-1146
-3260
-2085
-725
-3117
-2432
-488
-3066
-2485
-196
-2955
-2787
21
-2799
-3023
249
-2470
-3162
362
-2181
-3292
734
-2011
-3612
1059
-1823
-3799
1366
-1638
-4024
1523
-1543
-4055
1505
-1625
-3914
1382
-1837
-3757
1226
-1914
-3596
993
-2078
-3393
803
-2193
-3267
578
-2417
-3134
264
-2735
-2943
23
-2979
-2765
-235
-3128
-2632
-545
-3347
-2502
-838
-3365
-2261
-1069
-3433
-2065
-1314
-3456
-1898
-1478
-3445
-1807
-1588
-3468
-1434
-2014
-3618
-1067
-2463
-3706
-620
-2905
-3760
-254
-3259
-3758
-138
-3413
-3774
-60
-3352
-3789
-283
-3086
-3684
-516
-2885
-3586
-660
-2614
-3618
-957
-2402
-3516
-1219
-1933
-3475
-1448
-1546
-3436
-1703
-1124
-3290
-2042
-750
-3222
-2125
-321
-3036
-2459
-23
-2998
-2553
288
-2811
-3041
311
-2472
-3147
383
-2126
-3313
645
-2025
-3515
972
-1784
-3719
1232
-1596
-4059
1556
-1477
-4254
1514
-1445
-4212
1296
-1536
-3952
1009
-1735
-3600
721
-1989
-3441
521
-2196
-3414
258
-2411
-3290
112
-2712
-3273
-45
-2868
-3077
-190
-2940
-2921
-333
-3051
-2754
-511
-3130
-2525
-621
-3230
-2354
-784
-3384
-2026
-1103
-3446
-1690
-1381
-3595
-1448
-1787
-3716
-1103
-2322
-3736
-844
-2850
-3880
-693
-3300
-4052
-803
-3116
-4189
-937
-2649
-3927
-1023
-2321
-3726
-1027
-2140
-3660
-1039
-1921
-3753
-1162
-1677
-3748
-1358
-1378
-3632
-1537
-901
-3547
-1739
-396
-3361
-2071
-100
-3191
-2191
297
-2927
-2561
475
-2767
-2653
689
-2432
-2887
817
-2320
-2994
915
-2037
-3179
1204
-1705
-3673
1375
-1544
-3875
1504
-1131
-4363
1729
-910
-4635
1584
-902
-4553
1240
-1105
-4218
982
-1389
-3890
841
-1689
-3675
678
-1945
-3498
525
-2217
-3280
288
-2399
-3132
106
-2623
-2962
-74
-2815
-2769
-256
-2983
-2618
-571
-3066
-2446
-969
-3158
-2332
-1218
-3280
-2130
-1578
-3295
-1997
-1843
-3348
-1872
-2187
-3388
-1629
-2466
-3460
-1410
-2815
-3547
-1125
-3090
-3606
-838
-3355
-3732
-584
-3395
-3706
-543
-3054
-3717
-686
-2632
-3533
-1043
-2176
-3428
-1491
-1828
-3279
-1906
-1438
-3080
-2270
-1086
-2947
-2550
-704
-2767
-2724
-458
-2656
-2828
-174
-2460
-2957
255
-2275
-3372
333
-2094
-3347
401
-1848
-3420
560
-1676
-3580
891
-1432
-3810
1199
-1189
-4219
1666
-901
-4655
1740
-772
-4813
1543
-997
-4422
1111
-1243
-4013
825
-1532
-3667
574
-1881
-3352
320
-2174
-3167
17
-2534
-2955
-281
-2748
-2739
-579
-2929
-2524
-893
-3101
-2337
-1229
-3237
-2117
-1539
-3347
-1927
-1701
-3404
-1783
-1873
-3411
-1700
-2265
-3404
-1510
-2487
-3509
-1189
-2885
-3564
-817
-3267
-3660
-494
-3457
-3745
-131
-3538
-3727
-221
-3034
-3622
-559
-2688
-3559
-847
-2356
-3492
-1268
-2066
-3428
-1499
-1634
-3355
-1798
-1190
-3272
-2100
-828
-3234
-2282
-621
-3115
-2431
-411
-2998
-2603
-224
-2779
-2755
12
-2593
-2944
173
-2385
-3095
412
-2145
-3380
713
-1886
-3545
1031
-1574
-3925
1480
-1380
-4152
1780
-1124
-4489
1713
-1113
-4472
1416
-1359
-4129
1053
-1594
-3820
822
-1869
-3591
538
-2155
-3338
313
-2438
-3135
38
-2654
-2935
-207
-2918
-2737
-333
-3095
-2538
-559
-3263
-2399
-691
-3384
-2159
-991
-3499
-2010
-1254
-3618
-1739
-1404
-3730
-1476
-1637
-3794
-1271
-1811
-3785
-1065
-2176
-3863
-1019
-2243
-3739
-1012
-2597
-3836
-802
-2866
-3874
-716
-3072
-3882
-601
-2807
-3837
-658
-2476
-3804
-831
-2170
-3729
-1117
-1878
-3670
-1316
-1514
-3516
-1631
-1128
-3433
-1948
-888
-3253
-2188
-510
-3108
-2500
-307
-2932
-2597
-13
-2741
-2815
229
-2482
-3020
437
-2264
-3402
588
-2157
-3373
757
-1927
-3630
981
-1832
-3665
1120
-1531
-3946
1336
-1279
-4324
1457
-1141
-4504
1237
-1212
-4388
942
-1412
-4124
622
-1667
-3836
440
-1947
-3548
235
-2238
-3302
51
-2529
-3098
-189
-2739
-2896
-408
-2948
-2751
-586
-3103
-2555
-767
-3221
-2394
