153
-4189
-235
155
-4201
-198
198
-4175
-159
288
-4158
-120
264
-4145
-118
246
-4160
-140
196
-4163
-155
191
-4178
-162
236
-4174
-138
228
-4173
-150
188
-4170
-141
223
-4157
-130
224
-4168
-108
199
-4178
-121
170
-4180
-116
200
-4150
-113
194
-4156
-121
201
-4161
-127
193
-4200
-94
226
-4170
-123
226
-4169
-123
247
-4169
-102
217
-4177
-98
189
-4176
-117
184
-4173
-109
197
-4175
-79
230
-4163
-99
202
-4174
-98
202
-4170
-107
183
-4187
-103
220
-4166
-107
172
-4173
-115
193
-4166
-114
195
-4167
-88
225
-4170
-102
188
-4175
-93
211
-4165
-93
200
-4166
-108
196
-4176
-102
184
-4194
-88
160
-4160
-120
195
-4164
-117
198
-4197
-97
182
-4176
-106
165
-4180
-85
224
-4150
-87
186
-4163
-96
194
-4180
-88
218
-4176
-106
212
-4170
-116
188
-4165
-100
194
-4175
-95
206
-4176
-97
211
-4167
-103
224
-4178
-111
221
-4182
-114
203
-4179
-114
221
-4175
-139
208
-4171
-110
249
-4189
-100
181
-4167
-120
238
-4153
-136
239
-4182
-142
220
-4190
-130
214
-4168
-159
205
-4179
-137
217
-4161
-134
198
-4154
-122
198
-4146
-130
184
-4146
-118
190
-4143
-126
218
-4146
-139
191
-4171
-140
193
-4170
-154
200
-4172
-140
200
-4163
-155
187
-4169
-133
179
-4156
-129
199
-4167
-133
197
-4191
-118
170
-4159
-148
218
-4159
-158
203
-4193
-145
194
-4182
-147
195
-4167
-145
227
-4165
-123
186
-4162
-126
188
-4155
-130
191
-4167
-109
203
-4158
-135
188
-4184
-135
186
-4155
-133
211
-4168
-126
177
-4186
-121
194
-4173
-121
179
-4168
-121
176
-4166
-111
190
-4159
-124
190
-4199
-113
185
-4171
-138
208
-4155
-130
211
-4163
-97
216
-4178
-107
184
-4166
-128
202
-4170
-116
217
-4174
-131
188
-4170
-128
199
-4167
-115
215
-4166
-113
186
-4173
-90
233
-4187
-107
237
-4258
-108
218
-4397
-130
145
-4423
-190
47
-4072
-281
136
-3880
-251
221
-4082
-109
59
-4190
-132
224
-4168
-132
573
-4141
-8
947
-4069
58
1423
-3949
19
1848
-3740
-72
2387
-3528
-94
2534
-3342
-120
2737
-3079
-142
2751
-2737
-115
3728
-2979
304
3479
-3280
347
4198
-3541
626
4081
-3533
788
3794
-3336
668
3649
-3312
769
2988
-3450
1028
1690
-3682
1223
759
-3260
911
199
-2743
328
431
-2543
419
2347
-3711
1289
3547
-4592
1418
4905
-4414
1341
5710
-3207
841
5152
-2057
721
4557
-1164
688
3620
-82
239
2823
742
-374
2452
1080
-857
2965
809
-521
5975
-843
1353
6684
-3610
2458
5877
-4338
2765
3780
-4441
2379
2122
-4089
2298
815
-3809
2073
232
-3144
1010
-90
-2478
200
1217
-2442
511
4776
-3583
1450
5736
-3206
544
5988
-2494
419
4787
-1489
345
3882
196
332
3004
1196
-88
2488
1386
-738
2709
1364
-840
4850
841
644
6990
-1787
2605
6919
-3104
3086
6192
-3981
2997
3988
-4040
2278
1862
-3177
2632
904
-2593
2113
447
-2127
591
640
-1974
-75
3455
-3267
1171
5052
-3827
1174
5796
-3352
596
4692
-2582
726
3910
-1133
503
3453
716
76
2734
2085
-611
2835
2276
-912
3509
1863
-153
7410
260
3157
8039
-3321
4783
7901
-4494
4715
5545
-4810
3943
3294
-3982
2928
849
-2859
1778
-63
-1795
616
241
-1658
232
1661
-2267
23
4096
-3707
1318
5188
-3913
1533
5663
-2645
812
4861
-2141
1156
3972
-603
918
3709
1114
-72
3258
1704
-794
3001
1479
-1270
4791
990
-190
7999
-1666
2783
6968
-4319
3946
4880
-3501
3001
3643
-3180
2084
1871
-3142
2455
118
-2616
1816
-235
-2162
598
371
-2170
391
3141
-3667
1785
5424
-4397
1456
6486
-3614
851
5701
-2130
440
4629
-191
-15
4061
1300
-143
3245
1476
-904
2616
1462
-1403
4214
915
-84
7467
-2042
2459
6806
-4124
3707
4921
-3864
2700
3497
-3392
2097
1783
-3131
2482
-331
-2663
1585
-323
-2165
622
271
-2190
634
3617
-3950
2802
5619
-4669
2251
6224
-3854
1204
5027
-2042
406
4135
359
-76
3465
1879
-704
3054
1950
-1674
2933
1610
-1814
5058
958
355
7761
-1675
2683
7932
-3563
3502
6205
-3878
3119
3681
-3987
2407
1328
-3768
2461
-707
-2589
1456
-730
-1603
196
472
-1763
103
4143
-3477
2122
5550
-4458
1364
6532
-3930
1268
5470
-2389
1251
3907
-164
119
3894
1756
-426
3121
2091
-1343
3039
1900
-1813
4267
1303
-797
8573
-791
2644
7724
-3289
3501
6350
-3712
3363
3923
-3583
2660
1530
-2910
2966
-218
-2014
2066
-283
-2065
817
538
-2662
986
3795
-4125
2536
5812
-4765
1846
6843
-3533
864
5837
-1368
466
4189
493
206
3413
1634
-487
2821
2378
-1467
2996
2764
-1672
4853
2362
-136
8835
-1230
2749
8229
-2356
3374
7962
-3142
4550
5176
-3287
4476
2871
-2265
4187
508
-2080
2900
-628
-1831
1125
-97
-1707
109
1470
-2311
402
4692
-4801
1693
6013
-5468
1038
5768
-4100
1392
4523
-1918
985
4219
-211
409
3766
1165
-120
2906
2081
-856
2884
2096
-977
3876
1568
51
8013
-914
2878
7708
-3859
4095
5955
-4095
3743
3875
-3596
2697
2286
-3235
2832
411
-2744
2038
61
-2272
679
266
-1965
193
1352
-2838
1186
4021
-4984
2455
5380
-5024
2043
6052
-4242
1288
4801
-1557
268
4177
633
-71
3583
1639
-664
2938
1329
-1491
2991
933
-1428
5734
-326
771
7933
-4156
3173
6594
-4587
3353
3806
-4020
2554
1362
-3645
2680
-376
-2449
2052
-658
-2401
811
-586
-2404
383
1076
-3759
1877
4244
-5727
2864
5526
-5497
2260
5933
-3857
1052
5174
-1139
0
4408
620
-394
3189
1609
-1337
2274
1391
-1973
2685
1037
-1687
6170
494
1089
8260
-3038
3751
7578
-4334
3716
4655
-4084
2578
1861
-3355
2426
-56
-2437
2418
-1152
-2283
1404
-726
-2355
666
1558
-3097
1810
5184
-5261
2686
6283
-5133
2236
6864
-3865
1454
4381
-599
278
3471
1744
-176
3270
2071
-914
2773
2068
-1579
3974
2034
-709
7700
470
2895
8851
-3256
4479
7626
-4164
4393
4574
-4280
3856
1686
-3380
3414
-2096
-2897
2929
-677
-2584
1717
-593
-2415
534
691
-2705
211
4655
-4528
2252
7003
-5019
1320
6937
-3920
800
4251
-2129
606
2704
200
-39
3345
1287
-223
3081
1690
-762
3636
1809
-674
6035
1456
1484
9740
-2275
5249
6868
-4521
5484
5458
-4550
4616
3167
-4376
3984
1052
-3344
2904
285
-2387
947
-122
-1926
26
-37
-1635
-106
1936
-2978
876
5665
-5217
2695
7076
-4365
1024
6066
-3365
1009
4320
-1241
1041
3581
534
393
3002
940
-484
2423
1055
-1145
2796
798
-800
5724
303
1742
7227
-1952
3507
6989
-3820
3908
4518
-4516
2917
2302
-4492
2406
1073
-3858
2215
21
-2719
1013
-442
-1948
235
912
-2669
1097
4039
-4349
2303
6043
-4734
1889
6032
-3345
1097
4982
-1364
273
3973
499
-79
3312
1210
-512
2804
1115
-1275
2551
1141
-1587
5010
654
276
8066
-3229
2768
6713
-4421
3516
4957
-4347
3247
2507
-3782
2066
1183
-2955
1803
527
-2443
1337
-312
-2267
373
112
-2401
286
2313
-3179
2073
5692
-4546
2862
6617
-3408
1357
5762
-2836
1106
3788
-558
-65
3719
1916
-724
3697
2582
-1203
3590
2247
-1492
4436
1465
-351
9036
-1963
3534
6744
-5599
4182
5491
-4762
3321
3044
-4198
2460
989
-3186
2683
-80
-2513
1926
-355
-2154
567
39
-1957
73
2019
-2797
1404
5694
-4837
2981
5926
-4126
1324
6186
-2668
1510
4698
-943
323
3722
760
-87
3182
1477
-312
2554
1497
-1309
3132
1581
-1322
7182
85
1502
8142
-4490
3372
6270
-4562
3254
4451
-3886
2929
1613
-3206
2463
1052
-2864
2180
454
-2678
1022
-767
-1834
-254
2188
-2374
788
6072
-4624
1890
6148
-4136
942
5380
-3189
1461
4173
-1081
1006
3683
214
181
2983
1194
-188
2412
2728
-1147
3646
2931
-1147
5857
2084
824
9532
-1438
4298
8435
-3579
5712
6080
-3222
5340
3974
-2676
4331
1716
-2746
3842
-666
-2814
2288
-809
-2449
232
-247
-2299
-412
1590
-2875
289
5921
-4824
2503
6668
-5117
1297
6504
-3750
1285
4463
-2151
1141
3814
-174
260
3527
924
-174
2300
1519
-792
2758
1797
-874
4858
998
529
8364
-2081
3293
6736
-4714
4153
4647
-4270
3039
3043
-3979
2795
1397
-3273
2649
-283
-2493
1242
-673
-2305
526
-355
-2410
796
2963
-4621
2757
5606
-6069
2390
6945
-4995
1514
5599
-2323
407
4327
-181
58
3750
1460
-372
2974
1846
-1538
2830
1750
-1977
3593
1250
-789
8340
-1505
2455
7431
-4508
3255
5822
-4451
3254
3161
-4218
2901
972
-3146
2504
-21
-2299
1420
-693
-2234
558
-487
-2149
160
1212
-3528
1571
5400
-5937
3364
6673
-5209
2364
5677
-3876
1493
3507
-1541
463
3474
562
-142
2949
2631
-1802
3265
3220
-2239
3851
2529
-1036
7934
138
2697
8858
-3836
3905
7384
-4701
4216
3967
-5227
3909
1079
-3907
3250
-744
-2620
2559
-899
-1885
1088
317
-1621
287
2530
-2279
938
5964
-4142
2280
6928
-4759
1539
6124
-4164
1408
4405
-1985
952
3444
-563
524
3085
1322
-249
3135
2713
-1320
3448
3087
-1258
4255
2714
-303
9788
-319
3948
7755
-4586
5232
6685
-4016
4551
4082
-4317
4232
455
-3327
3611
-321
-2434
2321
-192
-2136
532
-163
-2168
-468
2374
-2742
-99
6073
-4784
2611
6844
-5102
1915
5630
-3949
1247
3921
-1779
698
3094
380
86
2853
2385
-79
2496
2937
-753
3574
2186
-646
6372
1396
1731
9466
-1993
4380
8390
-4433
5239
5734
-4416
5075
2874
-3703
4095
632
-3267
3429
-440
-2267
1236
-378
-1528
-159
66
-1479
-315
2451
-3176
1627
5708
-5630
3220
6167
-7120
2142
6090
-3263
1100
4590
-919
106
4205
1377
-145
3732
2438
-1257
3274
2768
-1976
3927
2050
-557
7804
-299
3183
8598
-5359
5218
5195
-4938
4388
3109
-3907
2994
1017
-3245
2836
-180
-2470
1501
-795
-2161
233
-411
-2237
383
1941
-3664
2564
4973
-5810
3089
6826
-5615
2458
6376
-3410
1093
4948
-826
40
4036
1088
-308
3216
2487
-1542
2749
3238
-2517
3449
2944
-1615
7171
1093
2153
9936
-4238
4721
7340
-5038
4526
5126
-4887
4421
1717
-4107
4083
-373
-2726
2119
-801
-2388
521
-518
-1894
-241
442
-2647
440
3709
-4110
2447
6157
-4770
1856
6634
-4352
1746
5527
-2537
1077
4052
612
303
3505
1880
-470
2900
2073
-2064
3274
1698
-2110
6382
155
1135
7972
-3780
3675
7103
-4173
3865
5950
-4307
3887
3208
-3502
3550
731
-2437
2186
-579
-1521
792
-1444
-1479
363
-864
-2210
337
1438
-3623
1717
5356
-5463
3535
7918
-5086
2644
6226
-4456
2417
4362
-1821
1735
4327
241
577
4191
1564
-708
4041
2395
-1773
4182
2414
-1945
4802
2383
-870
8317
839
2692
8264
-3049
4716
6082
-2743
4791
5517
-3072
5083
2067
-3170
3851
817
-2638
1975
-27
-2307
569
-701
-1312
-340
733
-2005
124
3648
-4469
2444
5512
-5623
2313
6299
-5423
1681
5672
-3398
1183
5269
-520
196
4617
1673
-773
3264
2794
-2209
3327
2881
-2068
4043
1720
160
9038
-1427
4486
8065
-4654
6178
5887
-4111
5130
3478
-3862
4156
583
-2901
3220
-251
-2203
1233
-413
-2240
-97
-242
-2447
-38
2313
-3971
2201
4787
-5726
2376
5809
-5102
1717
5694
-3310
812
4424
-509
-176
4390
1586
-878
4050
2308
-2324
3585
1993
-2016
4219
1145
243
7971
-2613
3359
6713
-5189
4335
5151
-4843
3418
2673
-4215
2411
749
-3366
2174
-471
-2218
960
-599
-1913
344
332
-2372
920
3195
-5018
3154
5180
-6245
2532
7233
-5111
1332
6296
-2296
61
5072
226
-402
3894
2878
-1256
3141
3339
-2343
3587
2537
-1720
6819
591
1686
8153
-4671
4003
5812
-4805
3711
4643
-4794
3452
1444
-3812
3559
37
-2451
2236
2
-1883
308
107
-1594
-136
2254
-2714
502
4973
-4793
1407
5591
-5143
1651
5107
-4934
1615
4547
-2978
1137
3416
-440
81
3119
2069
-807
2967
3008
-1700
3752
2638
-1801
5105
2364
-140
8374
-852
3228
8982
-2521
4489
8742
-4728
5174
4668
-5128
4910
1179
-3904
3795
-1214
-3131
2472
-1672
-2367
1006
-597
-2438
112
1694
-3585
1046
5554
-4729
2468
6796
-3951
1352
6383
-3147
908
4639
-1419
282
3433
1054
-46
3177
1881
-411
3159
1853
-812
3683
1550
-533
7301
215
2257
9106
-2549
4830
8040
-4890
5814
5276
-5378
5314
2646
-4211
4419
-354
-3247
2600
-1293
-2174
815
-707
-1719
368
316
-2932
551
3749
-4892
2215
6364
-5983
2134
6807
-4805
1628
5665
-2364
1072
4193
97
449
3455
1144
95
2358
1445
-876
2594
1632
-1239
3217
1066
-707
7656
-527
2510
8534
-5414
4783
5866
-5692
4619
3694
-4705
3558
1418
-3713
3208
-190
-3096
2100
-489
-2348
415
-521
-1988
-4
762
-2550
766
4362
-4906
2134
5188
-4719
1281
6271
-3524
677
4957
-1581
164
4337
211
-9
3696
1238
-777
2715
1851
-1693
3019
1712
-1812
6336
264
909
8295
-4301
3699
6839
-5049
3991
4583
-4508
3161
2414
-3608
2738
181
-2442
1977
-807
-2081
653
-732
-1742
-73
357
-2262
-352
3690
-4178
1828
5644
-5209
2228
6599
-5360
1793
5262
-3536
1260
3853
311
173
3780
2067
-591
3043
2630
-1742
3337
1956
-1939
4391
1240
-2592
7785
-1712
2725
8018
-4337
3881
6581
-5363
4037
3986
-4571
3533
2081
-3436
3254
-140
-2657
1801
-825
-2237
674
-707
-1470
-150
186
-2488
337
3889
-4768
2503
5543
-5275
1886
5602
-4459
2195
4835
-2188
1655
3987
117
233
3683
1223
-174
3046
2086
-1334
3573
2207
-2370
4636
1842
-1360
9940
-609
3482
8965
-4568
5092
7330
-4591
5495
3945
-3164
4530
1637
-2242
3608
-218
-2174
2091
-621
-2038
403
-408
-1779
-317
699
-2301
-204
5240
-4965
2073
6219
-6187
643
5941
-4327
920
4618
-1644
1320
4475
354
587
4668
857
279
3413
1316
-50
2853
1685
-355
3895
1308
173
9271
-821
3841
10076
-5997
6420
6150
-5316
5722
3147
-4446
4432
321
-3738
3690
-660
-2940
1753
-923
-2652
157
-477
-2411
-271
1676
-3310
753
5051
-5166
1587
6223
-4727
911
6531
-3732
758
5009
-1756
256
4134
467
317
3199
1381
-511
2744
1800
-1820
3370
1311
-1540
5845
-2376
1128
7314
-3946
3242
6401
-5148
3931
3775
-4892
3151
1494
-4398
2677
511
-3218
1507
-656
-2378
177
-955
-2205
-17
281
-2837
1159
3894
-4833
3333
5796
-4677
2154
6474
-4387
1635
4814
-2833
499
4297
-125
248
3769
1501
-397
3002
2700
-1709
3390
2641
-1789
5555
1311
467
9312
-3246
3710
7632
-5435
4326
5269
-5297
4159
2452
-3777
3141
191
-2305
2795
-562
-1930
1150
-578
-1631
-75
299
-1967
-330
3380
-3943
1998
6146
-6297
3053
7206
-7856
1857
6003
-3306
1065
4271
-418
201
3568
1479
-581
2949
2802
-1360
2948
3060
-1918
3777
2526
-1159
7292
1221
2388
9857
-3736
4673
7921
-4920
5020
5609
-5256
5034
2164
-4056
4058
487
-2830
2763
-231
-2191
1125
-743
-1805
-143
-100
-1730
-548
1962
-2824
295
5635
-4520
2314
7830
-4729
1814
5856
-3055
635
4324
-1639
206
3047
866
-376
3331
2665
-840
3771
2595
-1602
4379
2257
-834
8763
-427
3185
8711
-4151
5036
6015
-4400
4491
4227
-3682
3697
1720
-2776
3500
176
-2448
1938
-450
-2343
706
-249
-2086
76
1477
-3008
944
4366
-4459
2002
5835
-4356
1666
6155
-3707
1655
5579
-1658
441
4795
313
-112
3789
992
-994
2938
1892
-1933
3034
1765
-1444
5893
796
1355
9194
-3232
4137
7026
-4812
4513
4517
-3983
3672
1498
-3280
2919
-88
-2383
1791
-441
-2343
447
-598
-2006
-57
318
-2636
909
4109
-4793
3580
5338
-4666
2466
6757
-3978
1349
5578
-2491
361
4419
-40
-337
3835
2019
-1126
3169
2410
-1840
3370
2405
-1646
5693
1427
327
8958
-2087
3559
7995
-4517
4108
5905
-5013
3972
2316
-4296
3910
-83
-3068
2749
-1093
-2336
728
-1050
-1481
-45
360
-1092
-640
3736
-3333
1505
5974
-6145
3373
6630
-5445
3078
5405
-3806
1763
3868
-866
274
4184
1285
-987
3380
3037
-2514
3548
3522
-2625
3992
2623
-1862
7638
829
2506
8069
-3560
4396
7488
-4763
4667
5354
-4916
4034
2263
-3764
3260
252
-2969
1923
-976
-2289
596
-736
-1814
61
445
-2264
450
3602
-3910
2863
5905
-4454
2610
6606
-3397
2178
5569
-2512
2142
4577
-576
931
4097
1239
3
3840
2149
-703
2957
2474
-1868
3486
2302
-2232
7043
1617
1070
11049
-2952
5381
9014
-3969
6667
5031
-2678
5869
2123
-2082
3480
1315
-1869
2448
-486
-2004
1013
-326
-2034
211
-161
-1700
-488
1580
-2562
-93
5736
-4154
2481
7182
-4235
1660
6801
-4656
1889
4765
-3397
1766
4022
-635
585
3651
431
72
1915
1212
-940
2468
1344
-1141
2979
749
-692
7595
-1712
2730
6912
-4944
3535
5883
-3598
2855
3542
-2863
3006
1083
-2834
2883
389
-2637
953
-426
-2505
133
-285
-2548
371
2950
-4293
1977
4798
-5582
1711
5371
-4327
907
5364
-2399
234
4297
-633
-17
3781
256
-307
2863
1107
-1229
2435
1130
-1950
3441
-272
-1459
7244
-3019
1747
7049
-4832
3918
5454
-4143
3730
2996
-3490
2742
1011
-2887
2579
-811
-2580
1030
-1496
-2614
282
-588
-3355
1223
1704
-4914
2591
4939
-5997
2144
6294
-6260
1944
6030
-3888
680
4596
74
111
3795
1619
-85
2616
2204
-1234
2498
2663
-2225
3392
1996
-1561
8413
-1124
2425
8054
-6081
4580
5964
-5827
3280
3786
-4701
1953
940
-2465
1919
-248
-1972
1189
-1366
-1333
180
-174
-1430
219
1478
-2767
1191
5955
-5638
3177
6872
-5586
2224
5834
-4428
1025
4649
-1824
-395
3951
854
-933
3016
2168
-667
2457
2289
-1096
3660
1677
-1116
5032
1578
13
9936
-2208
4527
6611
-3947
4939
6366
-3758
4332
3810
-4370
4312
335
-3404
2658
435
-2734
454
-592
-1731
-670
-92
-1685
-776
1480
-2593
49
4795
-5249
2811
6423
-5832
2092
6444
-4463
793
4821
-2876
1147
3845
217
347
3815
1478
-406
2742
2452
-1299
3322
2561
-1290
5285
1553
675
9647
-2879
4313
7882
-5865
5300
4504
-4309
4017
1461
-3379
3246
246
-2800
2705
-724
-2457
509
-162
-1852
-471
1429
-2434
715
5068
-4866
2541
6477
-4705
1598
5897
-3476
1026
4808
-1555
219
3882
568
95
3328
1480
-416
2854
2051
-1394
3587
2282
-972
6472
665
1490
9641
-4535
4804
5903
-5452
4547
4725
-3891
3201
1685
-3205
3290
112
-2864
2253
-742
-2687
577
-526
-2114
-183
1003
-2525
872
3789
-4876
3306
5453
-5375
2618
6146
-4013
1512
4701
-1701
464
4354
96
20
3467
1192
-435
3011
1630
-1349
3621
1894
-1499
5467
868
-72
9132
-4096
3484
6433
-5043
4080
4765
-3823
3306
1877
-2533
3190
275
-1713
2045
-493
-1788
689
-1173
-1923
280
-87
-2546
761
3443
-4541
3270
5579
-5650
3067
6818
-5524
2320
5164
-3290
1018
4404
-325
99
3962
1593
-701
3564
2671
-1605
3460
2693
-1566
4081
2221
-865
9026
-826
2911
7789
-4943
4129
6319
-5214
4127
3982
-4818
3539
1298
-3123
2825
579
-2698
1300
-977
-2282
606
-452
-1707
521
283
-2002
1008
4027
-4128
3634
6022
-5123
2685
6480
-4338
1547
5071
-2680
1417
4201
-210
315
3927
1407
-617
3531
2576
-1631
4094
2902
-2000
4599
2433
-1154
9141
506
2551
10680
-2733
4919
9237
-2999
6328
4894
-3498
6539
1379
-2566
3302
1509
-2266
2065
-678
-2275
1134
109
-1795
-66
471
-1464
-444
1474
-2146
-1
5615
-4273
1872
7033
-4144
1148
6841
-4203
1733
5601
-3122
1199
4678
-574
359
3394
739
105
2571
1134
-606
3238
1186
-964
3981
591
-461
6740
-1461
2177
6893
-4553
4014
5763
-4017
3729
3127
-3264
3456
1091
-3622
3367
315
-3121
1275
-130
-2512
-53
198
-2329
-363
1898
-3030
677
5604
-4708
2101
6357
-3795
1280
6074
-3181
1577
4424
-1011
617
3629
806
395
3038
1819
-552
2854
1651
-2297
3657
815
-1588
6813
-1464
2070
6957
-4517
3502
5819
-3926
3043
3311
-3477
2216
1413
-3346
2108
276
-2662
972
-975
-2112
-29
-1371
-2345
54
1310
-3910
1884
5049
-6206
3280
6471
-5377
2099
6456
-4176
1408
4540
-1714
160
3934
1081
-417
3016
2444
-1422
3038
2578
-2136
3639
1983
-1423
6944
122
1783
8843
-4229
3789
7362
-4895
4126
3996
-4492
3772
1068
-3090
3393
-470
-2078
1697
-1034
-1868
-132
-693
-1772
-136
1027
-2593
814
6075
-5903
3445
7236
-6521
2650
5906
-3968
1225
4094
-1011
385
3637
1097
-179
3128
2110
-790
2685
2502
-1208
3100
2340
-1068
5199
2074
192
11256
-2250
4793
7817
-4319
4656
7163
-3617
4134
3655
-3105
4268
1120
-2537
3972
-594
-2651
2131
-1109
-2036
482
-231
-1803
-232
677
-2206
26
4544
-4330
2122
6078
-5087
1690
5810
-4338
1813
5306
-3978
1579
3879
-1093
-107
3629
1398
-710
3366
2540
-1060
3491
2389
-1005
3697
1886
-451
7801
-289
2857
8938
-3972
4888
7352
-4772
5028
4795
-4671
4416
1882
-3984
3035
-49
-3353
1952
6
-2885
247
-72
-2406
-637
887
-2675
71
3581
-3979
2274
5989
-4467
2147
5852
-3510
1003
5450
-2529
622
4498
-52
86
4112
1200
-312
3586
1645
-998
3719
2157
-927
4158
1697
-94
8546
-805
3514
8851
-5986
5387
5672
-5109
4313
3088
-3948
3355
-509
-3224
3182
-454
-2851
1379
-433
-2498
-174
-165
-2524
-151
1769
-3839
1968
5327
-5043
2997
6608
-4706
2235
6419
-3793
1478
5157
-1577
522
3788
168
-32
3279
1587
-1053
3049
2083
-2031
3311
1674
-1538
6042
696
839
9383
-4219
3739
6361
-5041
4028
4304
-4721
3675
1194
-3683
3662
-581
-2620
2533
-933
-2225
825
-1012
-1957
53
585
-2781
349
4412
-5247
2795
5864
-5619
1824
6776
-4491
1828
5282
-2495
1524
4710
-199
378
4201
1939
-670
3407
2881
-1929
3321
2502
-1879
4132
1695
-2136
9711
-1474
4110
8350
-5111
4988
5988
-4907
4529
2438
-4216
3522
-157
-3053
2878
-635
-2681
1645
-871
-2529
637
338
-2521
462
2370
-3185
1744
6340
-4939
3520
6038
-4509
2229
5650
-2331
1818
4860
-282
974
4130
964
67
3065
1995
-538
2450
2160
-1958
2873
1684
-2149
6586
1134
1021
10527
-2959
4946
9151
-4008
6509
5509
-2302
7073
2691
-1755
4658
2253
-1941
3287
-698
-1881
1180
-656
-1068
-94
-617
-1371
33
1620
-2716
1169
5480
-5162
3258
6961
-5563
2390
6316
-5271
2592
4476
-2666
983
3673
-186
-62
3291
1509
-253
2529
2364
-1198
3181
2974
-1411
4163
2060
-239
8910
-276
3694
8806
-3945
5417
6171
-4418
5377
3302
-4575
4867
440
-3799
3393
-167
-2903
1080
-473
-2527
-46
-70
-2495
-63
2585
-3597
1680
5420
-4984
2338
5996
-3771
1510
5894
-2778
960
4344
-1396
418
3733
49
396
3327
1336
-598
3469
2709
-1919
3988
1492
-1480
6630
-2936
1824
7874
-6229
4824
5060
-5387
4041
3258
-3665
2435
851
-2718
2378
-21
-2102
1213
-848
-1893
186
-771
-2397
625
1697
-3716
2566
4349
-5295
2852
6131
-5370
2473
6225
-4549
1240
4788
-1898
270
4177
222
207
3119
1504
-913
2683
2437
-1883
3461
2652
-1443
6705
762
1328
9297
-5039
3429
6826
-6536
3852
3740
-5301
3130
943
-3073
2809
-637
-2645
1915
-1137
-2534
519
-353
-2261
128
940
-2588
449
5608
-5151
2496
5860
-4826
1420
5797
-4505
1180
3913
-2044
417
3432
206
-161
2822
1647
-860
2903
2740
-1490
3725
2756
-1332
6293
1910
1113
10368
-2928
4845
7745
-4780
5111
6746
-4570
4987
3230
-4163
4286
1271
-3351
2681
-880
-3023
1604
-562
-2210
133
401
-1530
-697
1358
-1964
-358
3732
-3526
1878
6081
-4777
2370
5967
-2872
351
6472
-3647
1114
4277
-1247
227
3808
1326
-462
3049
2483
-1186
3231
2680
-1495
4436
2294
-308
8593
-568
3482
7979
-3894
5140
6214
-4905
5141
3508
-4355
3598
1053
-3205
3004
-416
-2525
1878
-459
-2266
311
-217
-2280
-477
2025
-3042
611
6126
-5285
2782
6637
-5143
1875
4841
-783
-1028
3602
690
53
3056
2626
-642
3234
2962
-1603
3868
2683
-747
6472
1016
2101
10242
-3510
4894
7599
-5302
5274
4385
-4421
4328
1206
-3646
3481
171
-3252
2202
-645
-2833
412
-815
-2232
-482
181
-2327
281
3965
-4842
2662
6195
-5804
2587
6875
-4774
2005
5953
-2843
612
4586
-287
76
3407
1191
147
3070
2343
-1014
2980
3102
-1641
3672
1898
-518
8125
-1151
2627
9471
-4754
4067
7126
-6052
4424
3013
-5074
3176
785
-3957
2197
-1349
-3385
1180
-1164
-2568
-199
-544
-2088
-518
1748
-3363
878
5752
-5717
2608
6648
-5098
2806
6240
-3694
1612
4559
-1407
-91
4129
1195
-780
3613
2700
-2036
3501
3216
-2589
4307
1822
-1462
7720
-477
2215
8770
-4877
4028
7317
-5067
4493
3822
-4244
3356
887
-3181
2642
-843
-2070
1695
-1304
-2271
993
-1249
-2402
497
552
-3207
911
4290
-5511
3624
6998
-6794
3151
6696
-4943
2709
5558
-2391
1605
4655
528
351
3842
1757
-350
2980
2261
-1169
2923
2763
-2013
3528
2695
-1550
8470
607
2439
9120
-3450
4215
8478
-4289
4162
5116
-3867
4021
879
-2294
2846
307
-4056
1884
-1052
-1877
1247
-665
-1348
159
211
-1203
83
4519
-3024
2282
7579
-5746
2953
6402
-6631
1426
5346
-2462
427
4363
-38
205
4599
1116
68
3686
2414
-250
3029
2515
-342
3288
2321
-120
5411
1603
1749
9909
-1702
5588
8323
-3864
7108
6555
-4020
6261
3370
-3514
4023
1306
-2891
3133
-452
-2802
1390
-675
-2351
-13
-480
-2054
-361
659
-2626
134
4571
-4904
2570
6419
-5349
2119
6425
-5250
2410
5500
-3742
1416
4197
-802
-110
3782
1090
-396
3057
2279
-1653
3181
3022
-2212
3389
2952
-1266
7641
628
2184
9630
-3987
4230
7398
-5221
4537
4069
-4580
3933
1032
-3868
3331
-610
-3281
1841
-725
-2913
566
-1056
-2687
550
243
-3413
1440
4235
-5489
3508
5825
-5522
3129
6801
-4526
2254
6132
-2100
403
4917
82
94
3756
1505
-641
2855
2462
-1805
3153
2545
-1709
4136
1190
-324
9034
-2889
3045
7596
-6237
4141
5166
-5056
3645
2660
-3674
2859
347
-2632
2465
-1242
-2305
1306
-726
-2419
629
-403
-2844
680
2542
-4670
3145
4628
-5639
3194
5784
-5334
2858
6367
-3754
1554
4818
-1030
534
4088
886
-324
3155
2202
-1756
2948
2484
-2301
3837
1698
-1114
7174
164
2069
8266
-3615
4136
6915
-4450
4597
4914
-4629
4254
2140
-2894
3279
443
-2243
2224
-646
-1968
919
-716
-1752
53
121
-2157
15
1947
-3284
1931
5935
-5982
2580
6151
-5550
1500
4999
-5103
2251
3629
-2271
749
3361
-155
-193
2954
1929
-1087
2839
3427
-1941
3934
3124
-1371
4780
2423
404
10768
-1293
4679
8264
-4548
5115
7460
-5030
5724
3033
-4745
5209
302
-3318
2754
-294
-2489
1072
-177
-1873
-400
-156
-1749
-895
1953
-2793
627
5322
-4735
2746
6145
-5429
2877
5656
-5205
2258
4461
-2816
838
3709
-289
4
3956
1936
-934
3373
2767
-1705
3256
2399
-1513
5393
843
393
9713
-2319
4146
8864
-4884
5869
6035
-3785
5108
2888
-3123
4120
-245
-2897
3626
-838
-2861
1834
-435
-2798
87
-497
-2811
94
2302
-3837
1659
5009
-4511
1547
5922
-4011
1378
5994
-3257
915
5021
-1335
281
3799
125
70
3236
1167
-858
3080
1484
-1854
3261
1135
-1235
6255
-1111
1719
7324
-4141
3525
6380
-4662
3898
4019
-3679
2826
1982
-3079
2574
-239
-2472
1642
-920
-2055
670
-983
-2130
349
1046
-3206
1540
4133
-5006
2464
5551
-4909
1723
6057
-4304
1338
4977
-2287
302
4296
302
-24
3446
1461
-813
2942
1993
-2080
2941
2187
-2019
3999
1820
-258
9051
-2621
3071
6798
-5689
4069
5947
-5076
3169
3299
-3652
2732
1077
-2421
1693
-512
-1853
34
-713
-1922
158
-274
-2698
586
2301
-4222
2367
5293
-5276
1914
6531
-4598
1646
5703
-3672
1131
4445
-669
-226
3652
816
-166
2852
1390
-501
2613
2768
-3832
3842
4011
-1918
6142
2004
367
9811
-3483
4017
6216
-5368
3756
6582
-4505
3389
2834
-3729
2522
1507
-2481
1714
165
-2325
1003
-442
-2003
101
208
-2143
184
3134
-3529
1817
7050
-5778
2337
7041
-4855
1454
5670
-2173
579
4428
641
427
3909
2111
258
3296
2604
-424
3243
2893
-1067
3833
2779
-421
8400
-296
3278
8843
-3114
4565
8180
-4505
5497
4873
-5094
5114
3024
-3332
3224
828
-2230
2208
-1004
-1875
1442
-573
-931
351
136
-1538
42
1719
-2984
1176
5370
-5751
2110
5917
-5925
1638
5572
-4808
1696
4068
-2876
731
3193
-1297
-155
3167
391
-742
2664
2004
-1975
3445
2756
-1540
3515
2585
-62
7914
90
3028
9184
-4883
5438
6937
-6240
5206
4747
-5519
3536
1373
-4638
2774
-700
-3118
1270
-803
-2635
125
-827
-2702
344
517
-3304
954
4905
-5782
2918
6269
-5476
1367
6410
-3899
981
4593
-1592
550
4508
379
343
3315
1562
-938
2673
2618
-2119
2804
2836
-1694
3993
1898
-81
9229
-2132
3297
7705
-6170
4227
5462
-5381
3432
2246
-4364
2686
-692
-2961
2056
-787
-2591
1002
-897
-2500
423
-412
-2989
729
2490
-5175
2988
5208
-6633
3035
6951
-4699
1716
6486
-2910
654
5045
-535
68
4250
1115
-403
2945
2469
-1633
2944
2865
-4088
3349
2307
-1038
7586
-99
2440
9544
-5041
4478
6862
-5816
4309
4111
-5009
3828
772
-3212
2776
-551
-2152
1654
-545
-2411
740
-1077
-2416
-36
808
-2935
315
4637
-4736
2726
7342
-6436
3216
6226
-5553
2290
5095
-2946
1618
3927
329
-61
3836
2311
-1224
3527
3091
-2018
3739
3103
-1592
3894
2890
-107
9686
34
3904
10318
-4032
5484
8205
-4803
5311
5861
-4812
5400
2256
-3366
3824
-140
-2932
2377
-1865
-2641
980
-1582
-2030
275
322
-1884
-251
1628
-2397
382
5242
-4709
2619
6993
-5343
2276
6496
-5336
2148
5839
-3320
1268
5242
377
-157
4499
2315
-771
3599
3783
-1902
4205
4021
-1788
6024
2670
733
10087
-1073
4511
9528
-5271
5959
5357
-5335
5335
1976
-3832
3904
-88
-3115
3311
-912
-2519
1327
-390
-2469
-102
-356
-2285
-206
2894
-3835
1951
6049
-5915
2637
6430
-5333
2176
6203
-3672
1181
4567
-999
106
4228
997
-83
3490
2381
-1035
3327
2570
-1775
4102
2131
-1137
7124
-92
2229
8631
-5493
5369
6046
-5857
5342
4147
-4209
3281
1635
-3642
2803
-731
-2887
1588
-1062
-2330
42
-957
-2092
-10
629
-3371
1490
4480
-5876
2633
6061
-5371
1737
6594
-3469
952
5413
-1302
22
4298
518
-99
3550
1422
-728
3073
2444
-1455
3192
2589
-1487
5224
1373
479
10249
-2928
4518
8150
-5926
5122
5945
-5063
4475
2222
-4007
3574
95
-3024
2504
-952
-2808
842
-1212
-2726
387
-863
-2724
296
1643
-4190
1832
5318
-5912
3026
6157
-4944
2287
6438
-4043
1745
4992
-1637
356
4268
662
-348
3366
1819
-1177
3091
2439
-1966
3462
2446
-1743
4380
1710
-263
9309
-1380
3720
8712
-4829
4067
7410
-5099
3889
3928
-4332
3432
940
-3061
3029
-1146
-2683
2398
-787
-2858
1072
-884
-2958
235
859
-3320
1308
4283
-5170
2787
5640
-5077
2262
5758
-3935
2082
5677
-1303
997
4803
687
172
3804
1667
-394
3425
2262
-1018
3113
2885
-1849
3244
1994
-1321
7404
804
2547
10994
-3836
5391
8625
-3515
5786
6790
-2058
6709
2458
-1838
5314
1731
-2015
3755
-1265
-2699
1944
-1175
-2015
490
-685
-1810
139
133
-2613
924
4930
-4875
3148
8056
-5799
2115
6009
-7296
2046
5201
-2921
1047
4483
-1044
85
3820
891
-167
2439
2873
-577
3031
3166
-480
3800
2060
-546
7801
-78
2175
9467
-3751
4546
7129
-5079
5553
4156
-3652
4067
1302
-3250
3691
-769
-2921
2494
-539
-2054
726
-2800
-1930
-224
114
-3371
894
5133
-6077
3071
6170
-6108
1371
3862
-4624
1572
2598
-2909
1436
3018
-1524
14
2564
-531
-657
2044
389
-1123
2811
219
-1453
5783
-2527
970
3510
-8795
3881
-113
-8052
3016
756
-4107
1768
-1172
-2028
1293
143
-2207
1662
92
-2103
1888
1402
-3055
2529
1476
-4208
2288
1734
-5269
2222
2187
-6098
1895
2027
-5900
1361
2014
-5094
1223
1782
-4358
1345
2058
-4232
1392
2367
-4208
1514
2262
-3840
1276
2109
-3596
1061
1666
-3344
586
1546
-3411
280
996
-3660
181
809
-3647
-232
786
-3322
-396
714
-2933
-463
301
-2336
-777
-597
-1618
-851
-1130
-1714
-214
-1619
-2397
-164
-2022
-3026
-311
-1773
-3787
-277
-2450
-3872
-182
-2356
-4451
223
-2808
-4613
466
-2540
-5135
676
-2537
-5064
678
-1765
-5210
549
-1710
-4962
229
-1020
-4596
180
-501
-4373
392
270
-4280
284
535
-3687
-242
745
-3636
-311
862
-3589
-9
758
-3796
327
846
-4051
423
872
-4152
41
637
-3966
-420
1157
-3843
-634
1026
-3693
-470
1190
-3673
-123
1290
-3625
164
1271
-3685
366
1383
-3711
529
1651
-3819
618
1620
-3968
589
1475
-3936
474
1611
-4034
418
1458
-4191
312
1269
-4104
238
1296
-4074
249
1290
-3936
210
1232
-3951
243
907
-4092
287
828
-4133
271
964
-4081
252
893
-3971
223
833
-4011
260
753
-4025
270
579
-4144
271
481
-4135
211
426
-4141
166
474
-4174
142
