-725
4146
-441
-725
4135
-506
-716
4103
-531
-636
4173
-624
-349
4099
-817
-227
4064
-861
-455
4198
-555
-464
4140
-386
-460
4132
-359
-456
4058
-308
-422
3983
-299
-429
4026
-296
-409
4007
-311
-379
3964
-346
-331
4046
-440
-231
4000
-600
-200
3964
-639
-403
4029
-542
-542
4016
-425
-489
3972
-425
-525
4031
-419
-523
4016
-443
-558
4025
-437
-566
3990
-440
-596
4011
-421
-601
4065
-437
-2640
4077
-449
-611
4128
-518
-588
4096
-587
-651
4087
-548
-533
4034
-516
-470
3976
-437
-664
4049
-456
-1103
4154
-506
-1526
3945
-491
-1446
3772
-683
-1184
3793
-617
-1138
3964
-470
-907
4208
-406
-611
4058
-362
-526
3885
-299
-570
3846
-275
-498
3928
-301
-418
4016
-389
-414
4600
-251
-676
5372
-442
-1090
4728
-653
-1339
4023
-794
-1622
3594
-708
-1864
3571
-598
-2174
3977
-648
-2440
4139
-756
-2907
3662
-659
-3082
2723
-850
-3336
2284
-1269
-3802
1604
-948
-3933
514
-590
-4800
253
-355
-5766
2325
-83
-7339
6178
-155
-7829
8834
-830
-5000
7942
-681
-1840
4661
-265
-975
2835
-36
-290
2182
349
477
1888
723
570
2248
994
-57
2988
692
-2695
3095
175
-6808
5458
-2235
-9363
5916
-3253
-7536
2389
-2849
-5399
298
-2543
-3940
-814
-2715
-2642
-2034
-2439
-1644
-3532
-1760
-2082
-3028
-1790
-3776
-1659
-2415
-8330
1240
-3472
-8961
4245
-4267
-8452
4783
-4666
-4732
4649
-313
-1423
2751
-814
-1198
2105
-798
-110
1639
-151
509
1104
635
326
1817
529
-680
1976
145
-5907
4113
-880
-8973
6411
-3079
-9380
4464
-2604
-6813
1402
-2400
-5454
452
-2137
-3712
-746
-1680
-2531
-1744
-1141
-1877
-3327
-1087
-1360
-3548
-887
-3661
-2085
-2218
-9764
2470
-4466
-8327
4942
-4740
-7374
4010
-4507
-3308
3646
-2705
-426
2284
-1542
-510
1790
-1103
138
1867
-198
709
2086
128
36
2125
477
-4544
1839
-12
-8339
4797
-2080
-11201
4982
-1781
-8590
2499
-1630
-5752
694
-1228
-3826
-210
-1559
-2868
-1009
-1301
-1274
-2989
-768
-1472
-3572
-789
-4027
-2962
-1800
-9894
1675
-3343
-9478
4752
-4540
-7931
5451
-4393
-3170
4363
-2420
-651
3114
-1179
-11
2353
-541
765
2394
707
982
2379
876
-462
1935
102
-4762
4097
-1593
-10190
7896
-2794
-9721
5324
-2312
-7144
1528
-1297
-4803
45
-1422
-2866
-598
-939
-1565
-1463
-661
-982
-2981
-1008
-1702
-3699
-941
-5653
-3249
-2015
-11942
2378
-3235
-10683
4431
-4424
-8388
4937
-4183
-2805
3930
-2292
-1142
3041
-796
-450
2736
-262
687
2426
509
1180
2436
1201
474
2498
917
-4549
2892
-96
-9284
5895
-1133
-11532
5887
-1257
-8299
2787
-772
-5207
590
-617
-4439
-711
-764
-3108
-2718
-896
-2108
-4553
-1207
-2782
-3467
-1846
-5071
-1367
-1364
-10497
2323
-2013
-10510
5474
-2491
-7759
5318
-2041
-3144
3958
-375
-660
2060
-306
-123
1730
-139
1171
1378
655
1578
1673
1050
-399
2381
307
-5940
4810
-642
-9854
7196
-907
-9335
4836
-680
-7055
1660
-841
-6031
381
-1281
-4488
-1369
-1682
-2634
-2528
-1464
-1332
-3143
-993
-1489
-2433
-819
-4915
-860
-1137
-10570
3853
-1336
-9052
4961
-1488
-6502
3906
-1106
-2838
2726
-291
-1011
1608
47
-687
1176
319
447
1159
851
395
1536
666
-914
1601
-30
-5388
3318
-1183
-9450
6818
-2496
-9329
5243
-1887
-6049
1861
-1331
-4446
544
-1108
-3220
-366
-870
-2209
-1386
-939
-983
-1958
-750
-1329
-1789
-972
-3758
-1301
-1647
-8660
2333
-2446
-7393
4048
-2651
-7100
3687
-2747
-5169
4045
-2482
-2403
2556
-1462
-1751
1622
-794
-1171
1652
-110
-360
1429
269
-209
1591
186
-1858
1140
-364
-5417
3274
-1405
-8407
4689
-2435
-8823
4186
-2898
-5995
1645
-1959
-4256
72
-1237
-3300
-2680
-1022
-2069
-1006
-828
-1177
-1049
-1030
-1626
-618
-1174
-3812
-531
-2104
-9026
2467
-3173
-6010
2689
-3688
-4821
2277
-3810
-2471
1100
-2781
-1477
2
-1835
-3114
688
-2622
-3086
1279
-1667
-1913
1479
-1783
-1657
1069
-1625
-1171
819
-1522
-918
1447
-578
-3011
680
-1293
-4682
2743
-2546
-7540
4080
-2502
-7823
3996
-2815
-6629
2223
-2409
-5709
915
-2329
-3662
-1169
-2210
-3218
-3199
-1792
-2323
-3058
-1875
-2402
-2256
-1512
-5297
-142
-2161
-8863
3137
-2384
-8395
5593
-2460
-6174
4428
-1589
-3216
3185
-343
-1624
2005
-341
-762
1704
-4
361
1616
552
-79
1960
423
-1847
1793
23
-5764
1842
-584
-8357
3460
-1738
-8996
2377
-2159
-7075
785
-1808
-5079
-413
-1754
-3478
-1469
-2077
-1939
-2535
-1825
-1420
-2901
-1284
-2858
-2429
-1289
-7592
-706
-2304
-10313
3502
-2136
-8105
4387
-2045
-4980
3691
-1060
-1622
2121
-382
-1114
1296
-317
-168
1310
426
636
1939
1293
-510
2694
782
-4686
3113
41
-7823
4958
-1640
-10317
3894
-2584
-8374
2301
-902
-4511
126
-1007
-3662
-878
-1282
-2506
-2258
-1278
-1476
-2592
-786
-1759
-2458
-628
-3873
-1861
-1213
-10287
1757
-2378
-9685
4628
-2341
-6978
4772
-2176
-2917
3418
-1714
-965
2313
-653
-318
1627
83
216
1141
836
-99
1236
625
-849
1690
-58
-5182
1722
-1063
-8867
4746
-2237
-8933
4239
-1960
-6510
2351
-1365
-4938
965
-1119
-3499
-79
-816
-2416
-1164
-803
-1670
-1745
-974
-1091
-2439
-1151
-2335
-3098
-1165
-9213
207
-2677
-10528
4536
-2765
-9347
4517
-2311
-4754
3987
-3400
-1155
2044
-460
-658
1246
-374
-162
835
17
314
543
628
368
1187
828
-2280
1657
364
-7982
6166
-1917
-10753
5823
-3205
-9078
3993
-1728
-5347
1152
380
-5019
-625
-128
-3423
-1811
-323
-1584
-2951
-372
-1573
-2849
-1159
-3593
-2110
-1987
-8958
2176
-3122
-9864
5364
-3490
-6981
4808
-2474
-2360
3363
-1186
-819
1707
-355
-421
1317
350
583
1323
793
1095
1845
408
-555
1955
242
-7342
4179
-1168
-9531
5817
-1821
-8899
4453
-1670
-6231
2190
-1500
-4592
650
-1352
-3547
-520
-1363
-2422
-2113
-1427
-1422
-3073
-1462
-2144
-2304
-1649
-5305
-1155
-2200
-8870
2061
-2813
-8702
3132
-3224
-6993
3501
-2941
-3059
2770
-1563
-1183
1848
-890
-569
1584
-461
320
1543
375
619
1950
722
-863
2432
110
-6686
3312
-643
-8939
5506
-1344
-8626
3027
-1403
-6849
1708
-1289
-4747
221
-1006
-3566
-509
-1251
-2626
-1335
-1252
-1433
-3228
-1349
-1892
-3700
-1159
-4193
-2772
-1213
-9750
1380
-1555
-10047
3921
-1432
-7640
5708
-1116
-2957
3284
-542
-1217
2000
-221
-594
1606
98
297
1830
410
292
2365
271
-947
2068
32
-6118
3807
-539
-8486
5389
-1777
-9030
3863
-1412
-6239
1697
-905
-4609
204
-689
-3698
-619
-944
-2557
-1817
-1020
-1907
-2937
-807
-2169
-2900
-644
-4537
-2193
-401
-10026
3007
-953
-9627
6002
-972
-6603
4701
-1062
-2797
2414
-961
-1609
1474
-813
-822
1107
-7
-215
1080
602
-798
1623
312
-2236
2221
-126
-5479
3615
-725
-6896
3948
-2162
-8360
3230
-2224
-5916
1411
-1480
-4559
323
-1094
-3502
-176
-963
-2509
-945
-929
-1868
-1660
-842
-1938
-1764
-1009
-3816
-1589
-1270
-8305
1826
-2255
-8369
3662
-2496
-7147
3448
-2405
-4120
2542
-1904
-1794
1498
-1204
-1192
1456
-754
-378
1474
132
-419
1565
324
-663
2482
62
-4014
3259
-728
-7367
5274
-1709
-8483
3416
-2366
-7029
2223
-1818
-4943
236
-1394
-4028
-1417
-1390
-2628
-1940
-1369
-4080
-1373
-1651
-2562
-791
-2182
-2085
-1121
-1999
-6382
1147
-4666
-6339
5456
-4619
-3093
3238
-4377
-3363
2070
-3680
-1337
432
-1772
-982
487
-969
-1156
1129
-1108
-1571
1231
-762
-2219
1523
-762
-3119
1934
-1643
-5989
3916
-3548
-6514
4056
-3612
-5739
2099
-3419
-4647
1192
-2639
-3334
-231
-2065
-2850
-769
-2450
-2259
-1195
-2072
-2127
-1618
-1823
-3360
-1055
-2053
-6222
546
-3283
-8959
5056
-3910
-6827
5639
-3464
-4774
4690
-2515
-2308
3256
-1202
-785
1795
-177
-554
1483
619
142
1370
801
611
1753
555
-1074
2424
-233
-7134
6340
-1885
-10120
7033
-2586
-6341
2918
-1753
-5126
1029
-1755
-3705
-742
-1915
-2479
-1750
-2253
-1149
-2090
-1998
-1048
-2436
-1477
-4033
-1493
-2081
-9452
1695
-2948
-9739
3746
-3174
-7995
4066
-3004
-4083
3057
-1321
-1470
2279
-356
-572
1944
104
51
1682
722
442
2098
695
-563
2727
144
-5852
3369
-1422
-8546
4589
-2473
-8681
2894
-2388
-6840
1651
-1998
-5297
144
-1927
-4041
-957
-2273
-2491
-2559
-2105
-2021
-3220
-1729
-2560
-2685
-1306
-5702
-1211
-1848
-9463
2442
-2520
-9160
3826
-3195
-7342
4250
-2842
-3287
3734
-1188
-1183
2521
-604
-362
2128
-39
392
1895
606
271
1708
555
-998
1660
-60
-5536
2756
-1074
-8100
4729
-2914
-9850
4092
-3568
-7263
1847
-3083
-4363
-343
-2222
-2911
-3096
-1728
-1824
-1984
-1379
-1350
-2654
-1227
-1435
-2377
-1197
-3577
-1418
-1743
-8847
1122
-3026
-9775
3450
-3230
-8297
3720
-3092
-4390
3488
-1991
-1486
2558
-1141
-790
1841
-581
-539
1413
-53
-570
1402
279
-867
2138
75
-2229
2041
-197
-6148
3393
-1585
-9021
4297
-2041
-8780
2810
-1881
-6737
1115
-1423
-4716
27
-1408
-2966
-769
-1368
-2121
-1477
-1494
-1926
-2192
-1457
-2432
-3296
-1561
-3940
-3027
-1187
-7732
-140
-2323
-10122
5024
-2795
-9213
5103
-2744
-5818
3546
-1994
-2333
2169
-1101
-1067
1831
-447
-388
1538
270
17
1343
375
-430
1608
176
-1682
1592
-193
-6462
2996
-1069
-9374
4349
-1865
-9834
3098
-1657
-6474
1556
-858
-3793
-342
-120
-3154
-981
-463
-2547
-1443
-536
-2011
-3028
-674
-2804
-3072
-1364
-6675
-1316
-2089
-10060
3051
-2573
-9341
4997
-3189
-7103
4678
-2705
-3307
3681
-1576
-688
2587
-1134
-367
1922
-767
-99
1688
-25
-38
1853
399
-585
2147
632
-3416
2530
192
-8229
4492
-1143
-10389
4272
-1672
-8181
2488
-1553
-5035
399
-1112
-3527
-778
-1452
-2995
-1520
-1754
-1973
-2892
-1284
-3211
-3818
-1403
-5559
-2251
-1434
-9506
1503
-1808
-9696
5013
-1915
-7860
5101
-1795
-4811
4618
-720
-1532
2821
-3
-515
1848
-7
-365
1469
348
-59
1419
203
-141
2067
336
-2307
1756
347
-8447
3621
-1213
-9544
4228
-2210
-9276
2816
-1913
-4976
647
-913
-3332
-509
-776
-2644
-889
-1166
-2003
-2463
-946
-2316
-3245
-1451
-4555
-2058
-1505
-9192
1360
-1934
-9485
4118
-2596
-7662
3546
-2596
-5147
3263
-3560
-2215
2359
-602
-957
1874
217
-362
1847
953
64
2047
1016
-122
2276
431
-3073
2137
-678
-7942
4510
-1950
-9805
4315
-2476
-8206
2487
-2354
-5636
576
-1715
-3725
-436
-1432
-2950
-1184
-1619
-2265
-2194
-1468
-1899
-3197
-1047
-2715
-3657
-356
-6552
-1690
-1035
-10469
3704
-1838
-10482
6516
-1696
-7478
4921
-1157
-3579
3469
-359
-1530
2676
-262
-526
1944
-138
-147
1897
34
-723
1847
-14
-1639
1530
-526
-4168
1564
-1471
-6329
2526
-2550
-7920
2733
-2483
-6815
1980
-1857
-4743
559
-1302
-3865
-7
-1247
-3172
-168
-1252
-2965
-589
-1057
-2587
-1238
-791
-4037
-1529
-1155
-7916
1440
-3168
-7903
3601
-3260
-6781
3386
-3154
-3866
2656
-2966
-1700
2148
-2006
-682
2133
-1395
-60
1789
-732
-196
1800
63
-951
1729
113
-3754
2238
-914
-7104
4698
-1921
-7935
3990
-2129
-7247
3100
-1795
-4547
-70
-833
-3435
-1025
-1138
-2781
-949
-1509
-2630
-746
-1394
-3182
-136
-1515
-2831
147
-1594
-5306
753
-1664
-6965
3303
-1935
-5246
3082
-1804
-5083
986
-2136
-3651
-226
-754
-3101
459
-695
-1892
1333
-375
-769
1748
-692
-203
1772
-500
-2872
2268
35
-4883
3499
-1052
-6253
5451
-1684
-8018
4611
-1323
-7127
2764
-1257
-4836
648
-1308
-3530
-446
-1653
-2853
-756
-1447
-2327
-874
-760
-2662
-841
-1070
-4365
-395
-1803
-7023
1661
-1999
-8296
3753
-1804
-7313
3859
-1982
-4361
3005
-987
-2178
2103
-726
-1421
1912
-512
-683
1740
174
-291
2008
517
-763
2567
199
-3429
3036
-727
-6194
4469
-2081
-8405
4337
-2399
-7342
2811
-2055
-5203
1054
-1537
-3885
64
-1529
-3025
-977
-1426
-2232
-2073
-1308
-1861
-2376
-1200
-2934
-1882
-1289
-7562
711
-2244
-9140
3368
-2539
-8190
4195
-3206
-5032
3872
-2208
-1685
2949
-1317
-980
2104
-769
-117
1880
146
120
1586
767
-256
1694
649
-2799
2220
-107
-6919
5047
-1505
-8909
5272
-1911
-7549
3402
-1842
-5089
1177
-1119
-3593
-116
-1053
-3223
-652
-1294
-2718
-1414
-1476
-3373
-2041
-1452
-4647
-1692
-1227
-6298
-112
-1216
-7501
2355
-1129
-7645
2872
-1412
-6354
2795
-1325
-3266
2045
-619
-1429
1231
-288
-839
1162
19
-149
1248
553
-585
2238
465
-1928
3274
-86
-6130
3306
-1321
-8731
3682
-2418
-9287
2557
-2331
-6356
1143
-1752
-3751
-234
-1015
-2763
-931
-1237
-2198
-1408
-1380
-1823
-1569
-1185
-2414
-1241
-1418
-4232
-958
-1594
-8010
1411
-2347
-8661
3417
-2608
-6857
2977
-2418
-4375
2392
-1799
-2316
1987
-1178
-1128
1593
-703
-740
1419
-353
-831
1386
-222
-939
1543
-109
-1708
1322
272
-6190
2545
-622
-8082
4458
-1872
-8701
3549
-1748
-6271
1708
-1465
-3716
4
-932
-3040
-636
-884
-2743
-876
-1105
-2537
-1348
-1218
-3340
-1439
-1592
-4408
-1263
-1555
-6822
-220
-1607
-8502
1976
-1914
-8539
2807
-2486
-6805
2812
-2532
-3576
1744
-1916
-2348
1743
-1642
-1173
1498
-993
-761
1202
-370
-833
1248
-55
-1145
1421
-32
-2071
1080
-277
-5191
1599
-1060
-7983
2958
-2162
-8485
2370
-2467
-6707
1262
-1916
-4614
64
-1411
-3691
-252
-1219
-3028
-763
-1116
-2471
-1655
-1110
-2022
-3092
-946
-4317
-3135
-1135
-8628
951
-2055
-10782
4339
-2630
-8912
5492
-2407
-3923
3557
-1313
-1392
2586
-734
-653
2284
-360
16
2003
135
137
1953
580
-627
1995
323
-2167
1784
-46
-7374
4407
-989
-9540
5666
-1653
-9083
3998
-868
-5793
1419
-351
-3970
-89
-434
-3726
-680
-1251
-3055
-2093
-1367
-2943
-2744
-837
-3751
-2659
-830
-7142
-884
-1989
-10524
3149
-2357
-9765
4771
-3073
-6875
4383
-2610
-2472
3532
-1545
-249
2686
-1123
340
2399
-511
772
2540
522
579
2689
817
-850
2365
435
-7508
3063
-300
-9255
3888
-402
-10370
3178
-803
-7548
1622
-1113
-4287
-813
-1078
-3329
-1822
-2001
-2356
-2296
-1744
-1445
-2620
-1181
-2404
-2285
-1246
-5738
-947
-1791
-8883
2894
-1977
-9333
4761
-2379
-6787
4443
-1830
-3240
2786
-1059
-2044
2376
-1016
-849
1939
-274
270
1843
360
587
1917
403
-189
2186
100
-4903
3460
-920
-9183
5840
-2163
-9598
4345
-2103
-6748
1890
-1482
-4950
499
-1265
-3695
-442
-1266
-2838
-1408
-1562
-1894
-2152
-1729
-1395
-2487
-1453
-2171
-2171
-1209
-6441
-181
-1746
-9847
2759
-2023
-9768
4265
-2646
-6726
3998
-2082
-2965
2584
-1017
-1576
1752
-837
-845
1508
-416
-60
1278
290
131
1413
458
-815
2015
-33
-4333
2965
-820
-7716
5079
-1755
-9076
4236
-2168
-6905
2373
-1647
-5552
972
-1495
-4330
128
-1306
-2833
-771
-1051
-1972
-1579
-1259
-1178
-2276
-1250
-1330
-2307
-1378
-4041
-1378
-1811
-9244
2131
-2952
-9481
4188
-3540
-7928
3797
-3335
-4022
2960
-2214
-1553
1718
-1255
-792
1184
-706
-289
1245
-236
-209
1654
59
-962
2018
-217
-3533
1787
-716
-6803
3749
-1758
-8303
3490
-2192
-8259
2772
-2014
-6486
1199
-1552
-4899
-137
-1004
-3693
-1153
-797
-2568
-1785
-477
-1500
-2034
-349
-1678
-1323
-546
-2998
-570
-949
-5905
1547
-2878
-6135
1750
-2896
-7780
701
-3495
-6863
174
-3100
-3852
9
-2649
-3345
338
-1751
-2713
1181
-967
-801
2120
-2080
-131
2146
188
-387
2492
-283
-2117
1790
-923
-7166
3981
-2056
-8469
3846
-2431
-8385
2904
-1808
-6243
1375
-1498
-3886
222
-1111
-3017
-1320
-1759
-2321
-2441
-1655
-1942
-2958
-1112
-3093
-2116
-874
-6756
186
-1726
-9948
3598
-1721
-9522
5238
-1570
-5935
4322
-954
-2703
3141
-490
-943
2203
-76
-67
1713
288
499
1740
645
-93
2027
588
-2410
2039
257
-6645
3861
-668
-8931
4067
-1725
-8844
3416
-1128
-6863
1536
-863
-4595
374
-651
-2767
-552
-806
-2420
-1373
-1023
-2098
-2518
-1089
-2641
-3092
-1097
-6276
-1996
-788
-10762
2546
-403
-10225
4814
-777
-6404
4769
-390
-2145
2871
71
-1031
1635
-80
-580
1333
293
262
1463
826
-121
2035
516
-2317
2471
186
-6502
4209
-238
-9706
5792
-1352
-8604
4103
-1570
-5789
1379
-1074
-4008
-416
-1058
-3130
-1345
-1229
-2123
-2633
-1534
-1695
-4657
-517
-3275
-3189
-458
-7058
-1196
-992
-11193
2921
-883
-9447
3403
-1403
-6803
3065
-1950
-3316
2173
-1721
-1400
1551
-507
-887
1884
-192
-39
2270
206
-440
2176
294
-1117
2136
-400
-5628
2929
-1037
-9535
3779
-1892
-9290
2301
-1485
-7337
1150
-1200
-4951
198
-805
-3218
-821
-548
-2613
-1404
-898
-1969
-2131
-862
-2167
-2912
-637
-4302
-2232
-963
-8816
780
-2010
-9141
2296
-2604
-9759
2702
-3139
-7154
3382
-3006
-2479
2962
-1951
-726
1544
-998
-444
1525
81
98
2479
832
-813
2835
384
-1777
2889
-461
-5360
2313
-670
-9058
3408
-2375
-10882
3516
-1369
-7893
2060
-484
-5230
96
152
-3719
-1093
-863
-3075
-1706
-1204
-2316
-2549
-444
-2931
-2756
-126
-5611
-1721
-1133
-8835
1162
-1634
-9906
3440
-2375
-8482
4807
-2750
-4544
3785
-1739
-1811
2985
-1062
-677
2743
-812
-7
2862
-167
309
2961
396
-740
3114
455
-3984
2786
-121
-7875
3140
-2261
-10666
3540
-2161
-8118
1754
-887
-6030
428
-688
-4152
-623
-900
-3059
-2053
-953
-2142
-3033
-905
-1581
-3155
-906
-2995
-2392
-1323
-8104
741
-2495
-9729
3714
-2726
-9196
3936
-3100
-5658
3900
-2348
-1692
2572
-2027
-673
2446
-1884
73
2303
-843
621
1990
583
-239
2061
915
-1684
2242
880
-8021
3620
-391
-9473
4537
-1884
-8419
2911
-1168
-5802
1687
-990
-4327
-196
-1153
-3267
-1569
-1809
-2264
-1957
-1801
-1886
-2485
-1699
-2641
-1942
-1587
-5589
-1026
-1378
-10106
2516
-1957
-9892
4070
-2213
-7190
3618
-1770
-3425
2691
-925
-1207
1848
-562
-442
1538
-297
91
1291
274
42
1357
330
-572
2016
-43
-4509
2389
-827
-8506
4807
-2120
-9789
4145
-2210
-7319
2209
-1743
-5356
739
-1400
-3551
-476
-1325
-2545
-1496
-1519
-1799
-2036
-1448
-1479
-2671
-1129
-2538
-2850
-1029
-6954
-1997
-1742
-11007
1569
-2072
-10106
3737
-2732
-7358
3787
-2405
-3157
2669
-1400
-1301
2157
-1045
-900
2123
-383
-181
2143
347
-231
2438
481
-759
1948
271
-3850
1569
-534
-7582
3262
-1747
-10353
3576
-2354
-8433
1999
-2087
-5843
-14
-1275
-6240
-1240
-1564
-3121
-1687
-2162
-2169
-1974
-1927
-1618
-2765
-1416
-3244
-3988
-502
-9027
-668
-962
-11179
5531
-1527
-9307
5044
-1412
-5219
2896
-1020
-2334
1844
-1158
-1430
1703
-1125
-561
1374
-301
-181
1213
644
-724
1785
447
-1909
2142
-366
-5473
1691
-1328
-8397
2060
-1820
-9854
2165
-1855
-7826
548
-1600
-4413
-511
-984
-2588
-1283
-580
-1987
-1212
-726
-1781
-1355
-573
-2730
-2013
-977
-5261
-1286
-1870
-8322
1619
-2782
-8342
3176
-3302
-6513
2984
-2966
-3098
2158
-1997
-1234
1451
-1899
-890
1237
-949
-453
1454
-51
-599
1548
-301
-1654
1525
-851
-3992
1170
-1122
-7075
2841
-1911
-8152
2695
-1798
-7428
1657
-2048
-6071
562
-1851
-4324
-1083
-1824
-3635
-1520
-1830
-2551
-1373
-2179
-1584
-3200
-2006
-1647
-888
-1708
-2456
-1958
-2170
-7449
508
-3689
-9404
3247
-3536
-7540
2893
-3233
-4307
2269
-1889
-1965
1647
-842
-1008
1293
-327
-402
1303
386
-121
1742
666
-771
1956
9
-3830
2586
-1328
-7024
5333
-2453
-8998
4897
-3421
-7425
2678
-3156
-4732
674
-2143
-3067
-789
-1944
-2215
-1601
-1834
-1376
-2325
-1241
-1715
-2243
-1224
-4076
-1462
-1622
-9099
1226
-2817
-9907
3683
-2995
-7715
3562
-2369
-4059
2940
-1561
-1627
2273
-1150
-316
1909
-522
490
1811
398
476
2062
569
-572
2621
111
-5283
3447
-791
-7984
4881
-835
-9422
3327
-1242
-8144
2479
-1434
-6352
922
-1203
-4150
-811
-1194
-3235
-1790
-1835
-2127
-2475
-2020
-1793
-3417
-2469
-2960
-3445
-1740
-7913
-741
-2028
-11128
4285
-2397
-9769
4756
-2070
-4969
3703
-1379
-1854
2297
-1295
-1032
1840
-978
-83
1553
-240
237
1592
208
54
1959
541
-872
2757
72
-6439
4798
-1391
-10320
5429
-2248
-9589
3544
-2335
-6607
1424
-1731
-4531
-125
-1504
-3239
-1068
-1767
-2496
-1675
-1649
-1593
-2538
-1030
-1854
-3012
-879
-4268
-2741
-1026
-10394
1749
-1835
-11026
4109
-2361
-9405
4535
-2694
-5063
3717
-1627
-1878
2745
-1276
-941
2557
-843
-400
2004
-289
-54
2223
173
-173
2354
282
-1546
1886
-202
-5412
2835
-1243
-8316
4271
-2162
-8903
4212
-2125
-7185
2478
-1460
-5019
820
-1045
-3893
137
-1094
-3557
-393
-1033
-3036
-1719
-996
-3152
-3013
-983
-4163
-2881
-1267
-7831
481
-2331
-10175
4580
-2978
-8983
5466
-3301
-5870
4232
-2512
-2482
3796
-1951
-1126
2742
-1419
-742
1941
-349
-70
2113
452
-630
2639
886
-2095
2273
257
-4653
2759
208
-7157
3689
-780
-8757
3927
-964
-7500
3318
-929
-5581
1116
-632
-4777
-12
-1027
-3909
-1070
-1547
-2423
-2135
-1470
-1774
-2498
-1071
-3352
-1938
-1197
-7139
708
-2561
-9916
3379
-3503
-8762
3952
-3965
-5115
2845
-2977
-2270
3014
-2614
-610
2516
-1581
-118
1795
61
18
2192
519
-397
2025
417
-2870
2006
400
-7983
4128
-854
-10581
4220
-1394
-8974
3359
-1175
-5363
1887
-266
-3958
106
-281
-3815
-1032
-982
-2782
-2911
-707
-2577
-3515
-783
-3215
-2328
-551
-6489
-929
-1341
-9696
2550
-2404
-10663
3447
-3541
-8855
4061
-3448
-4131
3052
-1889
-1631
2909
-1278
-149
3227
-447
449
3090
741
492
2898
702
-534
2372
505
-5044
2454
-2216
-9194
3643
-1342
-11658
3714
-1773
-8911
2412
-985
-5158
-176
43
-3880
-1169
-1137
-3331
-2178
-1722
-1828
-4019
-1511
-3856
-3433
-1547
-3814
-2501
-1209
-10240
1321
-2320
-11954
4253
-2859
-9262
4892
-2724
-4347
3292
-1124
-1485
2576
-340
-638
2521
62
44
2293
452
393
2481
942
-128
2508
542
-2478
2565
197
-8292
4839
-986
-11190
5856
-2344
-9081
3957
-1995
-5354
1156
-1319
-3025
-682
-1210
-2624
-1597
-1745
-1815
-2926
-1554
-1716
-3708
-1273
-2771
-2435
-1050
-8024
439
-1474
-11790
5824
-1834
-9584
5740
-2244
-5827
4686
-1717
-2262
3400
-1220
-784
2874
-798
51
2636
-119
470
2204
662
533
2121
867
-945
1457
178
-5977
3578
-916
-10063
5646
-1704
-9595
4104
-1471
-6502
1699
-1045
-4211
97
-908
-3043
-865
-1115
-2146
-1996
-1033
-1747
-2790
-1227
-2001
-2130
-1395
-4726
-1120
-1941
-9717
3739
-3051
-8897
4754
-3177
-6901
3960
-3380
-3442
2744
-2496
-1717
1692
-1755
-948
1663
-1070
-257
1824
-164
-246
1846
387
-608
1856
37
-2616
1483
-685
-6875
3339
-2124
-8744
3358
-2247
-8843
2518
-2523
-6449
735
-1911
-3606
-865
-1128
-2413
-1628
-941
-1825
-1869
-1147
-1540
-1988
-971
-2662
-1443
-1097
-5317
-169
-2058
-7852
3243
-3162
-7950
3337
-4161
-7237
3493
-3413
-2074
1729
-3106
-1441
897
-2090
-1066
940
-907
-23
1669
-184
-787
1737
-179
-1462
2184
95
-4435
3123
-592
-7392
4504
-1815
-8268
3835
-1990
-7767
2590
-1871
-5722
653
-1594
-4022
-512
-1536
-3035
-1171
-1806
-2035
-2218
-1297
-1289
-3571
-608
-2294
-2332
-954
-7117
878
-1898
-11437
5683
-2271
-9798
5896
-2621
-6093
4546
-1471
-2304
2549
-796
-1077
1670
-749
-202
1648
76
538
1722
863
16
2027
794
-2177
2477
-127
-5308
2970
-875
-9743
4135
-2443
-9350
3018
-2606
-7277
930
-2084
-4944
-716
-1603
-2741
-2060
-1307
-1436
-2778
-1269
-881
-3307
-1045
-2045
-2310
-1045
-6144
-705
-1144
-9166
3022
-2153
-9800
2521
-1147
-7056
2167
-566
-2965
1245
-604
-1862
922
-1065
-1061
1618
-570
313
2097
433
89
2347
371
-1999
2369
-116
-5417
2419
540
-9863
3420
-985
-10166
3155
-1457
-6908
895
-997
-4669
-237
-1064
-3252
-1401
-1808
-2450
-2099
-2233
-1338
-2369
-1745
-1560
-1948
-1133
-3913
-1836
-840
-9788
1167
-1180
-10120
3259
-1787
-8262
3869
-1248
-4107
2705
-807
-2434
1550
-728
-1469
1547
-365
-371
1646
-51
125
1534
187
133
2064
194
-1129
1913
35
-6553
4346
-848
-11033
5691
-2073
-8893
3079
-1366
-6059
863
-997
-4906
256
-1124
-2971
-744
-1012
-1714
-1623
-1094
-927
-2242
-974
-774
-2645
-859
-2958
-1700
-969
-8760
942
-1642
-10859
3772
-2171
-8657
3542
-2149
-4766
2722
-1488
-1962
1558
-1217
-1121
1224
-1243
-205
1150
-706
303
913
-16
-203
976
-36
-1278
1284
176
-6532
2737
-284
-9932
4517
-1092
-9377
2791
-824
-7459
1769
-765
-5721
773
-978
-3429
-535
-952
-2083
-1804
-1033
-1278
-2260
-1011
-605
-2539
-706
-1792
-2665
-782
-7713
-1392
-1761
-10582
2839
-2621
-9149
3570
-3422
-6752
2935
-2800
-3047
1853
-1791
-1674
1461
-1251
-747
1267
-619
9
1375
172
81
1405
416
-550
1585
177
-3750
1765
119
-9014
4171
-901
-10807
3733
-1339
-8168
1614
-1055
-5307
230
-947
-3414
-681
-929
-2870
-1500
-1372
-1976
-2047
-1098
-1923
-2588
-892
-3593
-1916
-1112
-6050
425
-1017
-6807
1746
-2083
-9133
2225
-3119
-7181
2649
-2393
-3360
2153
-2140
-1066
1186
-1641
-679
713
-6
-371
1395
716
-179
1871
917
-1192
2109
845
-5881
4002
197
-9792
5394
-1430
-9729
3784
-1594
-6973
1533
-1470
-4332
-142
-1380
-2936
-1394
-1629
-2045
-2132
-1733
-1347
-2593
-1306
-1807
-2659
-1311
-5392
-1595
-1903
-8911
973
-2657
-9952
2338
-3336
-8204
3072
-3179
-4438
2425
-1606
-2133
1985
-1219
-797
1791
-842
304
2053
163
549
2164
904
-295
2297
241
-3771
2463
-1000
-9277
4393
-2392
-10095
3107
-2354
-8210
1827
-2137
-5750
467
-1466
-3410
-569
-885
-2294
-1367
-1330
-1338
-2142
-1439
-1126
-3104
-916
-3866
-2651
-1340
-9238
492
-2595
-10384
2547
-2664
-8620
3532
-2733
-4366
2876
-1416
-2188
2128
-1283
-1291
1871
-1076
-2136
2034
109
375
1835
1062
12
2161
803
-1923
1732
175
-7726
4705
-1749
-11258
4370
-2245
-9256
2392
-2242
-6250
766
-1436
-3719
-489
-1037
-2567
-1929
-1300
-1740
-2599
-1208
-870
-2721
-633
-2100
-2817
-568
-5874
-1655
-1729
-8574
1189
-2837
-9489
2925
-4049
-7420
3503
-3218
-3471
2200
-1953
-2174
1200
-1492
-1405
1320
-428
-247
1962
378
-95
1940
528
-223
1808
185
-3370
1948
-1253
-8076
4270
-3487
-10273
3860
-3265
-7410
1834
-2804
-4847
210
-1705
-3032
-287
-1211
-2049
-989
-875
-1227
-1330
-940
-546
-1826
-1028
-1919
-2271
-1543
-7188
107
-3706
-8376
3403
-4676
-7261
2749
-4603
-4832
2317
-3441
-2475
1425
-2627
-1762
1083
-1890
-1052
1251
-413
-323
1698
223
-494
2152
-222
-1195
2628
-656
-4454
2545
-2106
-6975
2909
-3077
-8642
2262
-3614
-7452
1241
-3165
-5174
-68
-2199
-3775
-830
-2032
-2644
-1464
-1323
-1331
-1591
-684
-887
-1538
-1270
-1705
-1471
-1629
-4467
-1258
-2563
-9300
1669
-3671
-8992
2317
-3666
-6968
1731
-3085
-4670
1345
-2106
-2890
1140
-1572
-1448
1193
-868
-472
1479
-67
-149
1742
442
52
1684
720
-1006
1386
-55
-4859
3985
-2150
-9477
5692
-3176
-8852
3769
-3026
-6426
1626
-2161
-4867
787
-1840
-3319
-274
-1371
-2300
-1124
-1559
-1299
-1505
-1907
-748
-2338
-1505
-2591
-3038
-1218
-8523
-1547
-1336
-11394
2280
-1346
-10768
5223
-1568
-7374
5086
-930
-2627
2828
-496
-822
2365
-1518
-424
1703
-975
275
1825
437
-259
2000
279
-1049
2101
244
-4435
1823
-392
-8720
3249
-1463
-10763
2761
-1881
-8592
1282
-1819
-5950
158
-1356
-3492
-599
-991
-2209
-1156
-1095
-1340
-1868
-1468
-989
-3746
-909
-2716
-4393
-899
-7967
-1221
-1706
-11215
2159
-1309
-11075
4534
-1697
-7746
4244
-1780
-3645
2507
-803
-1408
1956
-349
-603
1896
-204
-76
1891
426
-85
1704
699
-719
1736
636
-4323
1959
118
-8681
3044
-1709
-10148
2455
-2585
-8318
1236
-2314
-6048
261
-1764
-3647
-449
-1093
-2471
-997
-1087
-1624
-1362
-1274
-959
-2292
-1040
-545
-3302
-578
-2917
-3857
-1756
-8188
-287
-4077
-9405
3258
-5247
-9488
4590
-5224
-4879
2572
-3210
-2533
1772
-2070
-1226
1396
-1138
-447
1460
-218
-199
1945
386
-166
2031
156
-442
1908
-255
-4041
1566
-1368
-8718
3915
-3031
-11309
3400
-2647
-8120
1151
-1975
-5063
-655
-1625
-3448
-1993
-1755
-2185
-2328
-1669
-969
-1984
-1215
-367
-1620
-1196
-1922
-1880
-1155
-7052
-1160
-2197
-9891
1704
-4069
-8991
1379
-4324
-6945
1723
-3687
-2907
1597
-2553
-763
1187
-1891
-193
773
-945
-38
838
8
31
1235
-20
-757
2031
-177
-3495
1638
-969
-8054
3278
-3151
-10407
3519
-3096
-8555
2407
-2690
-5604
758
-1590
-3821
-92
-945
-3093
-620
-985
-2488
-1422
-1048
-2007
-2489
-1282
-2713
-2924
-1506
-5723
-1098
-2571
-9136
2366
-3644
-9143
3536
-4309
-6496
3147
-3223
-3338
2623
-2087
-1106
2210
-1287
-65
1887
-507
307
2153
705
-87
2359
963
-1049
2169
579
-5782
3277
-1009
-10645
4936
-2567
-9797
3081
-2233
-6534
1144
-1400
-4364
78
-1029
-3211
-2568
-873
-2356
-1142
-935
-1422
-1708
-697
-1573
-2460
-746
-4035
-2163
-1965
-8465
438
-3357
-9581
2057
-3714
-8880
2780
-4174
-5737
2636
-2799
-2357
2290
-1485
-1059
1835
-1365
-510
1620
-625
54
1935
366
48
2344
433
-874
2183
35
-5540
2339
-986
-9510
4012
-2740
-9803
2403
-2650
-7232
1274
-2262
-4940
287
-1369
-3349
-566
-671
-3040
-1065
-991
-2828
-1399
-1559
-2568
-2000
-1793
-2070
-2410
-1715
-4935
-1892
-1658
-11291
2676
-2261
-10495
4461
-2072
-7102
3630
-1739
-3429
2467
-898
-1834
2088
-373
-886
1773
178
-180
1672
714
137
1541
858
-354
1610
563
-3277
2444
-115
-8752
5590
-1691
-10521
4847
-2215
-7444
2378
-1857
-4393
235
-1065
-3226
-517
-1112
-2573
-922
-1422
-1891
-1736
-1423
-2086
-2329
-1286
-4560
-1762
-1383
-8266
594
-1940
-9900
3127
-1771
-9783
4020
-2386
-6851
4078
-1287
-2651
3149
-217
-990
3216
-158
287
2999
68
299
2042
388
-248
2011
173
-3592
1661
140
-6515
2722
-1471
-9852
3942
-2537
-9805
3257
-2317
-6499
1563
-1595
-3335
-424
-771
-2364
-1114
-1234
-1690
-1861
-1181
-1507
-2870
-823
-2926
-3037
-1103
-7076
-657
-2368
-10033
2899
-3503
-9776
4737
-4240
-7006
4422
-3029
-3207
2877
-1614
-1213
2142
-1058
-549
1643
-339
74
1798
540
48
2041
928
-653
1965
405
-3139
1842
-175
-7890
4201
-2222
-9916
4630
-3026
-8794
3239
-2003
-5765
947
-1101
-3677
-361
-878
-2598
-992
-820
-2129
-1427
-880
-2357
-1508
-1089
-3194
-1385
-1310
-6923
540
-2699
-8274
3846
-3278
-7326
3852
-3380
-5270
3210
-2997
-2829
2493
-2247
-1145
2164
-1645
-153
2285
-1314
-452
2196
-179
-477
1909
166
-1905
1967
-526
-4587
2037
-920
-8037
3269
-1869
-8968
2555
-2347
-7821
1101
-1562
-5932
-554
-1849
-3007
-1085
-2061
-1241
-820
-1523
-716
-86
-1535
-784
119
-988
-2203
-342
-31
-5963
-19
-1133
-8463
2144
-1459
-7991
1030
-1777
-6415
521
-2101
-4011
261
-1705
-2621
429
-1124
-1914
830
-282
-843
1366
440
-383
1729
1029
-568
2019
91
-3806
2753
-1426
-6973
4862
-2439
-8756
4267
-2217
-7051
2768
-2008
-4578
1006
-1300
-2895
-195
-1025
-2557
-799
-1183
-1729
-1396
-1361
-1672
-1838
-1350
-2735
-1812
-1266
-6658
-340
-1873
-10641
2700
-2450
-9846
4470
-2627
-6407
3304
-1670
-2516
2083
-1118
-1165
1420
-760
-790
1287
-51
-546
1955
271
-825
2605
195
-1800
2350
-339
-4966
2630
-1232
-8726
3310
-2004
-8942
2633
-1865
-6877
1261
-1476
-4343
-172
-1167
-2924
-1085
-1189
-2367
-1899
-1227
-1939
-3109
-837
-3098
-3053
-1290
-6890
-601
-2161
-9976
2032
-2217
-10940
4201
-2992
-8134
5057
-2077
-2862
2723
-578
-673
2575
-744
-128
2248
-242
331
1916
888
323
2165
1045
-1506
1941
39
-6197
3410
-1408
-9447
4222
-1922
-9117
2930
-2194
-6875
1682
-1914
-4742
365
-1185
-3223
-663
-1255
-2521
-1230
-1161
-1829
-2530
-677
-2245
-3588
-968
-5742
-2269
-2144
-10735
2139
-3180
-10397
4465
-3335
-6983
3743
-2484
-3736
2965
-1366
-1758
2453
-630
-687
2008
112
-65
1967
761
113
2111
1203
-432
1699
943
-3658
1353
-156
-7999
3908
-1773
-11055
5165
-2687
-8482
3332
-2661
-4312
563
-1601
-2488
-260
-1299
-2215
-780
-1379
-1804
-1274
-960
-2619
-1628
-807
-3480
-2255
-773
-6060
-1671
-1865
-8949
1301
-2977
-9364
2280
-3751
-7793
2913
-3728
-4387
2680
-2629
-1735
2668
-1788
-553
2046
-968
-311
1656
6
-262
2070
553
-450
2023
449
-1882
1715
240
-7147
3542
-1220
-10494
4586
-2584
-9978
3074
-2096
-6843
1397
-1398
-4273
197
-700
-2926
-647
-459
-2308
-1106
-654
-1491
-1471
-708
-1878
-1522
-1050
-5019
-1018
-1487
-8734
291
-2050
-10554
2686
-3145
-8846
4098
-3337
-4736
3782
-2382
-1263
2979
-2227
-840
1638
-1043
-232
1703
229
185
2222
672
-149
2152
793
-756
1751
1020
-2905
3128
585
-10560
8006
-1881
-11928
6277
-1836
-7750
2864
-1560
-4781
990
-1238
-3401
39
-1030
-2674
-966
-1172
-2257
-1274
-1399
-1693
-1676
-1238
-2847
-1947
-1514
-6354
-14
-2492
-8634
3377
-2918
-9454
3710
-3458
-7198
3153
-2792
-3474
2322
-1616
-1386
1801
-1352
-599
1154
-1281
-335
1102
-341
-477
1849
160
-1502
2592
-364
-3559
2022
-1102
-6806
2582
-2538
-8670
2656
-3160
