786
-3992
-605
740
-4020
-544
719
-4035
-539
691
-3996
-559
603
-4018
-558
537
-3982
-577
534
-3956
-543
572
-4135
-506
626
-4198
-523
719
-4176
-639
786
-4103
-745
871
-4005
-769
918
-3931
-671
843
-4023
-520
731
-4046
-405
633
-4040
-342
652
-4055
-358
691
-4048
-362
607
-4014
-373
571
-4043
-398
527
-4085
-485
390
-4106
-624
457
-4099
-717
704
-4086
-726
845
-4016
-625
828
-3974
-508
778
-3999
-450
810
-4040
-454
824
-4032
-461
852
-4025
-527
839
-4032
-601
781
-4060
-615
730
-4049
-574
730
-4045
-528
703
-4058
-507
683
-4055
-504
713
-4064
-539
750
-4047
-568
759
-4041
-549
719
-4051
-520
687
-4019
-501
694
-4022
-485
694
-4054
-494
681
-4051
-509
662
-4028
-539
657
-4047
-531
675
-4050
-497
698
-4058
-489
730
-4048
-540
737
-4026
-571
711
-4033
-566
705
-4053
-543
721
-4059
-515
675
-4047
-494
653
-4026
-498
666
-4057
-521
698
-4094
-555
694
-4064
-587
648
-4023
-541
638
-4040
-483
649
-4019
-463
708
-4000
-491
753
-4078
-572
733
-4063
-610
660
-4052
-579
704
-4066
-562
737
-4044
-525
658
-4053
-494
606
-4039
-480
631
-4028
-506
664
-4062
-542
677
-4079
-574
678
-4054
-577
693
-4032
-534
726
-4048
-522
753
-4041
-531
690
-4050
-561
632
-4023
-583
679
-4014
-552
723
-4034
-536
716
-4044
-529
710
-4059
-544
707
-4069
-577
697
-4054
-565
695
-4049
-570
702
-4060
-568
710
-4039
-568
680
-4035
-552
657
-4043
-517
640
-4031
-494
636
-4036
-523
683
-4049
-569
711
-4043
-605
700
-4047
-587
703
-4064
-556
701
-4045
-545
686
-4044
-538
669
-4050
-544
649
-4033
-558
643
-4056
-536
697
-4077
-539
689
-4036
-547
662
-4035
-559
687
-4051
-562
696
-4072
-563
698
-4063
-558
675
-4026
-551
686
-4048
-532
758
-4138
-596
748
-4095
-576
668
-4082
-480
577
-3967
-493
439
-3959
-441
505
-4067
-475
667
-4073
-601
691
-4013
-655
681
-4033
-666
707
-4037
-647
702
-4041
-577
643
-4052
-511
547
-4035
-502
524
-4054
-547
588
-4103
-605
692
-4081
-657
751
-4042
-670
747
-4023
-624
722
-4023
-570
693
-4022
-559
684
-4036
-597
680
-4031
-629
669
-4040
-630
678
-4013
-615
686
-3995
-585
727
-4064
-571
714
-4077
-615
680
-4046
-650
638
-4062
-627
581
-4089
-583
557
-4072
-548
569
-4057
-522
598
-4044
-528
625
-4057
-542
658
-4074
-611
659
-4064
-648
627
-4033
-604
575
-4040
-513
551
-4052
-482
601
-4045
-529
632
-4049
-611
595
-4080
-664
605
-4031
-641
609
-4020
-573
612
-4070
-565
651
-4121
-677
407
-4351
-851
207
-4383
-711
602
-4428
-492
959
-4314
-449
1335
-4061
-728
1596
-4156
-833
2101
-4428
-853
2519
-3733
-913
2429
-2787
-1044
2408
-2071
-1001
2695
-1739
-1098
2957
-1625
-1077
3135
-1766
-883
3698
-1934
-954
4416
-2122
-1131
4313
-2390
-1285
3853
-2124
-1617
2939
-1349
-1391
2847
-988
-1095
2991
-1222
-975
3172
-1309
-696
3465
-1914
-425
3660
-2168
-591
2929
-2354
-662
1544
-2273
-432
1961
-3047
-626
3389
-4069
-1326
5911
-5308
-2717
6214
-4863
-2833
3620
-2814
-1248
2725
-1729
-824
2161
-888
-753
1805
-336
-899
1495
142
-633
1406
502
-812
2362
128
-1532
2788
6
-1659
4593
-489
-2142
6573
-1872
-2486
6452
-2672
-2017
5633
-2322
-1909
4279
-1780
-1239
2921
-1631
-679
1935
-1629
-480
1415
-1590
-160
1217
-1630
55
1404
-2097
-41
2383
-3078
-981
5074
-3905
-2370
7257
-4665
-4055
5636
-2661
-3323
3277
-2424
-2430
3019
35
-2099
2286
470
-3712
1423
913
-1212
1163
775
-1027
1952
503
-1098
3668
-123
-1944
6391
-328
-3726
7582
-2026
-4311
5733
-1752
-3109
3842
-1375
-2540
3335
-2077
-2042
1984
-2066
-620
1104
-2197
35
801
-2124
93
1052
-2336
-143
1488
-2741
-1214
3770
-3277
-3493
6271
-4290
-5023
5262
-3010
-4822
3555
-854
-4145
2899
62
-3543
2563
554
-2588
1983
993
-2041
1623
989
-1492
1876
773
-1339
3037
0
-1766
4898
-715
-2718
7069
-2551
-4034
5755
-3243
-3375
4632
-2519
-2642
3861
-2237
-2313
2950
-2287
-1491
1743
-1883
-402
1466
-1769
-65
1193
-1709
-118
1555
-2175
-359
2464
-2510
-1706
5087
-3128
-4034
6901
-4468
-5071
4313
-2286
-3529
2657
-648
-2842
2232
132
-1658
2127
881
-1437
1995
850
-1593
2005
765
-1283
2741
342
-1435
3677
-232
-1864
4061
-513
-1928
6925
-888
-3516
7784
-2525
-3721
5413
-1779
-2508
3627
-1736
-1797
2683
-1597
-998
1984
-1610
-596
1996
-1593
-425
2403
-1860
-380
1890
-1291
-133
2518
-1658
-3712
3492
-2231
-2954
4913
-2403
-4358
6073
-3032
-4745
3508
-1655
-3097
2621
-766
-2355
2395
-392
-1788
1668
129
-1247
1658
335
-1131
1928
334
-1197
2811
119
-1759
3530
-362
-2257
4145
-50
-2703
6718
-1023
-4346
5685
-2022
-3013
3974
-1230
-2015
3667
-1259
-2115
2798
-1282
-1487
2392
-1024
-1242
2471
-1091
-1120
2187
-933
-781
2320
-857
-787
2195
-985
-907
3314
-2285
-1940
4240
-3054
-3302
5242
-3410
-4237
4747
-3093
-3947
3093
-1599
-3042
2412
-700
-2434
1997
-165
-1930
2123
188
-1845
2248
351
-1653
2039
616
-1431
2422
701
-1634
3109
337
-1978
4176
128
-2392
5943
-502
-3285
6417
-2080
-3217
5001
-2456
-2296
3559
-1689
-1621
3138
-1408
-1339
2712
-1422
-1066
2308
-1424
-834
1947
-1470
-465
1607
-1305
-373
2049
-1477
-817
2485
-1939
-1192
3674
-2280
-2857
6266
-3389
-4510
6757
-3889
-4649
3936
-1875
-3401
2418
-474
-2251
2127
271
-1702
1873
673
-1313
1294
857
-969
1091
899
-811
1799
467
-1108
3238
-283
-1628
6720
-813
-3089
8815
-3240
-3929
6097
-3617
-1969
3791
-1859
-1392
2848
-1158
-1156
2196
-1148
-468
1454
-1195
33
1230
-1245
285
1531
-1218
116
2431
-1602
-518
4187
-2495
-1493
7268
-3989
-3254
6991
-3865
-3421
4329
-1796
-2523
3118
-421
-1787
2589
-7
-1379
1809
433
-1176
1196
610
-802
842
743
-441
1821
443
-956
3516
-105
-1346
6942
-227
-2278
8737
-2202
-2802
6683
-2068
-1885
4624
-1365
-1436
3515
-1515
-1084
2311
-1283
-639
1754
-863
-577
1561
-942
-213
1806
-1276
8
1773
-1572
71
2773
-2354
-904
5198
-3119
-2663
7043
-4589
-4050
5355
-3735
-3696
2661
-1018
-2448
1863
-438
-1703
2140
-216
-1175
1978
196
-1058
1948
477
-846
1899
829
-950
2812
545
-1584
3708
-32
-2133
5159
-556
-2524
7680
-816
-3583
7550
-2215
-3270
4798
-1799
-1604
2764
-1305
-1000
2304
-1290
-783
1763
-887
-623
1273
-476
-715
2338
-934
-459
3356
-3680
-1258
3396
-1796
-1441
3061
-2209
-3920
3869
-2995
-2817
4473
-3554
-3751
5132
-3580
-4351
3728
-2086
-3520
2413
-586
-2526
2018
-56
-2094
1878
-104
-1871
1773
-182
-1506
1812
-128
-1452
2016
97
-1360
2941
-133
-1603
3641
-267
-1982
4390
-355
-2401
6320
-1006
-3193
6416
-1930
-3244
4925
-1853
-3992
3603
-1528
-1375
3165
-1607
-1085
2474
-1347
-730
2188
-1136
-493
1898
-697
-256
2400
-763
-75
3066
-1651
-1268
3389
-2580
-1900
4231
-3159
-3060
5311
-3461
-3758
5590
-3559
-3642
3919
-2069
-2533
2936
-860
-1761
2189
232
-1291
1794
501
-1090
1245
518
-684
1145
668
-492
2309
380
-1505
3431
26
-1964
6578
-145
-2745
8637
-2150
-3323
6951
-2704
-2217
4617
-1883
-1343
3347
-1756
-637
2249
-1803
-415
1328
-1652
-90
903
-1510
-72
1292
-1463
-273
1846
-1638
-431
3055
-2303
-1396
6503
-2206
-2869
9458
-4582
-4060
5453
-2459
-2671
1883
-13
-1697
2141
-93
-1503
1898
170
-1418
1621
550
-1393
1755
709
-1337
2284
658
-1645
3245
151
-2128
4638
225
-3041
6154
-971
-3787
5440
-1536
-3048
4959
-1590
-2848
3597
-1328
-1971
2770
-1034
-1485
2247
-1001
-1267
1677
-974
-945
1365
-1185
-763
1627
-1491
-908
2549
-2244
-1172
4038
-2947
-2328
6270
-3847
-3688
6031
-3948
-3521
3382
-1922
-2750
2679
-710
-2472
2699
-55
-1965
2322
600
-1860
2346
769
-1959
1803
636
-1714
1654
222
-1630
2079
118
-1558
3153
741
-1971
6673
289
-3648
8151
-1849
-3837
6780
-2509
-3158
4106
-1852
-1982
2805
-1702
-1164
2134
-1699
-565
1979
-1777
-665
1878
-1566
-313
983
-1085
-15
2358
-1724
-1411
2785
-1852
-2225
3440
-1264
-3052
6295
-1872
-5511
5804
-2046
-4721
2252
-374
-3171
2195
-112
-3173
1868
66
-2590
1155
278
-1831
980
410
-1609
1285
484
-1852
2241
504
-2069
2974
434
-2234
4847
246
-3004
6854
-790
-3768
6739
-1874
-3636
5854
-2407
-2859
4055
-2115
-1857
2486
-1625
-942
1745
-1496
-512
1555
-1462
-384
1418
-1366
-59
1948
-1357
-497
3026
-1733
-1389
4643
-2408
-2346
4962
-2407
-3193
5451
-2824
-4111
3665
-2460
-3269
2408
-1237
-2687
2442
-707
-2554
2171
-264
-1992
2231
-59
-1852
2160
174
-1590
1835
363
-1375
2174
7
-1387
2781
-210
-1488
3322
-376
-1624
4863
-471
-2015
7690
-851
-3581
8369
-3291
-3495
5197
-2649
-1301
3249
-1811
-852
3052
-1937
-661
2475
-1725
-347
2143
-1557
-136
1956
-1379
-32
1912
-905
-432
2114
-619
-932
3219
-1173
-1598
4235
-1966
-2692
6382
-3455
-4334
5558
-4677
-3939
2991
-2468
-2493
2630
-1396
-2446
2503
-622
-1779
2200
131
-1413
2019
608
-1336
1871
1017
-1075
1868
1070
-1045
2988
472
-1412
3863
-201
-1546
5986
-301
-2449
8214
-2157
-3474
6067
-2875
-2303
4412
-1851
-1597
3991
-1453
-1516
3090
-1323
-849
2125
-1116
-388
1632
-935
-133
1195
-723
122
1352
-630
523
2619
-1171
-54
4885
-2934
-1837
7244
-4543
-3808
6096
-4751
-4656
2789
-2575
-3322
2742
-1508
-2140
3257
-906
-1960
2470
-219
-1293
2038
243
-828
1778
509
-719
1684
589
-827
2411
410
-1116
3973
-51
-1744
6322
-423
-2798
7932
-2521
-3124
6383
-2530
-2372
4480
-2026
-1812
3047
-1648
-985
2356
-1395
-568
1964
-1299
-286
1424
-1199
141
1489
-1310
0
1882
-1634
-66
2188
-2386
-29
4002
-3702
-1837
6768
-4640
-3311
7147
-4932
-3815
4186
-2469
-2845
2504
-968
-2148
2418
-421
-1716
2120
-44
-1367
1772
320
-963
1534
673
-565
1768
602
-897
2957
-437
-1270
4675
-883
-2009
7754
-2238
-3515
7305
-4102
-2679
4527
-2705
-1565
3484
-1971
-1508
3372
-1623
-1148
2717
-1251
-778
2328
-1391
-691
1715
-1389
-329
1370
-1222
-339
1794
-1433
-683
2533
-2040
-1083
3639
-3125
-1827
4979
-3320
-2767
6774
-4369
-3772
5269
-3710
-3157
2653
-1018
-2384
2275
-223
-2019
2013
377
-1534
1668
756
-1496
1626
798
-1424
1758
999
-1132
3213
534
-1633
4345
-221
-1885
6342
-659
-2359
7688
-2791
-2638
5675
-3045
-1598
4156
-2126
-1155
3470
-1970
-985
2393
-1401
-527
1952
-1270
-305
1569
-1123
-148
1251
-906
-53
1453
-854
-535
2069
-1688
-1137
5648
-2715
-2383
8344
-4598
-3570
6147
-3949
-2902
2972
-1391
-2183
2543
-399
-1831
2371
-16
-1662
1923
390
-1576
1497
740
-1269
1670
625
-1250
2773
375
-1408
4254
356
-1787
7418
-1088
-2907
6933
-2228
-2412
5856
-1823
-1956
4650
-1616
-1707
3119
-1523
-1101
1971
-1374
-810
1370
-1377
-562
913
-1255
-305
1213
-1518
-160
1925
-1963
-600
3864
-2400
-1577
6893
-3430
-3062
6560
-4513
-3602
3688
-2465
-2816
1944
-1067
-2064
1986
-808
-1774
2369
-70
-1674
2657
417
-1550
3009
686
-1447
3335
681
-1563
3852
154
-1766
4255
-227
-2009
5692
-808
-2906
6145
-2106
-2814
4787
-2017
-2178
4360
-1649
-1896
4032
-1653
-1542
2628
-1525
-849
1785
-1232
-376
1661
-1090
-2
1424
-789
363
2240
-979
-22
3950
-2210
-1321
5369
-3440
-2909
6205
-4793
-4509
4117
-3016
-3806
2902
-1416
-3073
2752
-638
-2391
2605
-218
-2003
2216
188
-1676
1774
543
-1269
1808
727
-1211
2871
567
-1641
3646
183
-1431
4111
375
-1447
6660
2
-2433
7703
-1767
-2081
6105
-2327
-1667
4529
-1898
-1412
3242
-1670
-848
2048
-1540
-416
1796
-1463
-82
1552
-1329
152
1862
-1413
36
3095
-2247
-624
4320
-3135
-1829
5413
-3375
-2938
5935
-3665
-3659
4131
-2353
-2847
2734
-892
-2038
2679
-487
-1792
2408
-234
-1506
2236
-2
-1252
2132
156
-1020
2194
295
-1013
3031
31
-1440
3800
-211
-1739
6768
-892
-2869
7597
-2880
-2599
5916
-2625
-1669
3889
-1885
-949
2592
-1303
-595
2311
-1223
-548
2207
-1172
-376
2044
-1076
-368
2471
-1387
-564
2984
-1784
-989
2914
-2459
-1305
3661
-2680
-1846
5850
-3607
-3067
5621
-3746
-3033
3107
-1719
-2343
2558
-1013
-1847
2530
-403
-1614
2431
40
-1610
2176
312
-1506
2259
659
-1509
2714
849
-1724
3372
626
-2053
4934
350
-2510
7419
-1578
-3248
6506
-2908
-2214
4467
-1948
-1377
3791
-1607
-1042
2888
-1603
-640
1974
-1737
-150
1321
-1796
81
790
-1526
240
1197
-1656
-69
2442
-2304
-827
5552
-2869
-1970
8005
-4389
-3288
6928
-3666
-3639
3615
-834
-2529
2811
-336
-1854
2628
-266
-1699
1701
420
-1288
1065
786
-849
1390
699
-823
2563
325
-923
5164
566
-1906
8058
-1967
-2955
6684
-2861
-2297
5216
-1991
-2237
4088
-1805
-1636
2786
-1865
-843
1753
-1761
-302
1042
-1511
150
632
-1470
308
1148
-2148
-259
2578
-2955
-1327
6235
-3254
-2934
8283
-3553
-4026
5454
-1626
-3145
3651
-96
-2600
3180
180
-1790
2332
625
-1394
1362
1085
-942
1181
1128
-586
1918
770
-620
3332
258
-1126
7244
710
-1603
8270
-2451
-1264
6879
-2835
-1827
4989
-1482
-1758
3970
-1377
-1191
2714
-1279
-805
1669
-1209
-277
1093
-1100
244
1453
-1160
92
1899
-1470
-407
2554
-2237
-1264
5124
-2760
-2876
7017
-3269
-4285
6498
-2699
-4100
4018
-1008
-2961
2547
47
-2019
2259
326
-1616
1612
796
-1050
1687
1035
-894
2225
852
-1008
3248
480
-1227
4489
-318
-2021
5069
-675
-2497
6506
-1457
-3230
6317
-2110
-2782
5274
-1685
-1959
3945
-1518
-1090
3008
-1122
-669
2253
-900
-114
1834
-861
307
1958
-896
126
2195
-1451
-92
2804
-2475
-1026
3942
-3431
-2286
5204
-3909
-3607
5951
-3505
-4302
4307
-1829
-3496
3344
-593
-2728
2841
-137
-2206
2057
458
-1568
1810
823
-1178
1945
800
-981
2491
611
-999
3350
372
-1220
5114
-171
-2130
7418
-1389
-3121
6538
-2674
-2211
5330
-2309
-1636
4608
-2138
-1324
3575
-1872
-726
2536
-1483
-406
1793
-1277
-124
1392
-1040
9
1419
-1111
-46
2015
-1417
-316
3937
-2563
-1507
5118
-2657
-2262
5795
-3935
-3165
6059
-4113
-3325
3846
-2096
-2647
2437
-1126
-1812
1943
-586
-1372
1796
-135
-1181
1753
315
-1023
2061
493
-1113
2743
371
-1390
3422
1
-1533
4481
-71
-2055
7893
-1630
-3661
6973
-3299
-2573
4637
-2213
-1637
3817
-1928
-1342
2747
-1861
-959
1835
-1537
-441
1739
-1493
-68
1837
-1328
-67
2068
-1224
-55
2468
-1702
1
3333
-2921
-1977
4642
-2628
-1810
6973
-4019
-3258
6084
-3624
-3473
2988
-1109
-2105
2344
-208
-1642
2560
349
-1560
2060
1011
-1242
1805
1008
-914
2247
716
-943
3221
207
-1463
4408
-609
-1943
7300
-1378
-3232
7757
-4353
-2956
4789
-2816
-1729
3133
-1704
-1215
2341
-1427
-595
1772
-1288
-258
1811
-1415
-78
1835
-1525
10
2077
-1422
-195
2616
-1660
-789
3353
-2725
-1432
4608
-3120
-2384
6480
-3900
-3515
6115
-3795
-3111
3574
-1579
-2213
2768
-498
-1812
2357
70
-1444
1678
598
-1208
1420
710
-1088
1475
673
-1034
2461
68
-1441
3248
-297
-1754
5461
-372
-2318
7950
-2180
-2877
6378
-2592
-1824
5131
-1891
-1577
4474
-1704
-1220
3092
-1692
-444
1881
-1531
-66
1115
-1411
408
689
-1239
624
984
-1526
100
2318
-2243
-1096
5476
-3310
-2616
7615
-4341
-4276
6091
-3680
-3596
3299
-1515
-2602
2834
-401
-2023
2552
-52
-1535
1956
324
-1200
1541
559
-827
1626
683
-771
2481
459
-1030
3571
-216
-1385
6191
-800
-2429
8081
-2819
-2950
6429
-3054
-2067
5195
-2304
-1585
4016
-2157
-924
2491
-1537
-362
1876
-1189
-39
1298
-944
392
889
-998
551
1809
-1654
-55
2560
-2505
-874
4938
-3653
-2578
6827
-4743
-4076
5971
-3896
-4209
3204
-1879
-2995
2593
-532
-2236
2398
315
-1847
2102
791
-1379
1865
872
-1037
1922
741
-1092
2152
625
-1061
2946
241
-1551
5143
-438
-2569
7035
-1782
-3554
7158
-2804
-3177
6090
-2388
-2565
4594
-1941
-1689
2809
-1493
-702
1921
-1146
-222
1570
-903
107
1377
-987
342
1674
-1261
-25
2061
-2004
-648
2759
-2930
-1775
5004
-3612
-3133
6970
-4742
-4423
5906
-3745
-3544
2749
-1578
-2079
2461
-970
-1384
2371
-586
-1018
2062
-22
-856
2327
147
-918
2293
443
-1054
2641
451
-1431
3575
78
-1875
4045
-780
-1981
4406
-1515
-2083
6572
-2737
-2442
6554
-4185
-1347
4988
-2632
-877
4325
-1767
-820
3616
-1447
-587
2793
-1273
-410
2228
-1226
-364
1612
-1157
-23
1495
-1170
-97
2117
-1766
-466
2933
-2342
-1051
3699
-3391
-2046
5023
-3614
-2567
5926
-3784
-3060
4669
-2863
-2741
3052
-1503
-2025
2257
-777
-1569
1903
-299
-1430
1762
6
-1273
1892
76
-1202
2342
142
-1404
2799
154
-1472
3882
-385
-1908
6509
-1452
-2875
6846
-3071
-2386
5334
-2330
-1807
4409
-1853
-1370
3398
-1498
-915
2541
-1362
-686
1794
-1324
-377
1220
-1223
38
1173
-915
111
1863
-1243
-211
3035
-2418
-871
5082
-3341
-2151
7590
-4903
-3577
6001
-4288
-3369
3715
-2377
-2608
3065
-1080
-1809
2519
-6
-1439
1773
525
-1041
1074
816
-607
896
987
-592
1716
860
-959
3286
394
-1733
6806
-95
-3252
8819
-2727
-3389
6328
-3222
-2340
3937
-1986
-1741
3086
-1652
-1160
2180
-1265
-572
1565
-1139
-202
1184
-1068
242
1040
-904
331
2212
-1437
-474
3304
-2351
-1426
6497
-4456
-3365
7684
-4681
-4094
4729
-2110
-3649
3185
-606
-2468
2261
331
-1424
1786
603
-1419
1466
754
-1131
1288
1010
-753
2135
696
-928
2852
528
-862
5343
664
-1906
8362
-907
-2857
7689
-2499
-2309
5434
-2336
-2027
3968
-1846
-1758
2800
-1695
-1018
2025
-1456
-511
1579
-1236
-167
1264
-1112
-69
1561
-1189
-341
2456
-1866
-1220
3270
-2543
-2153
6037
-2719
-3843
7709
-2945
-4489
4590
-1336
-3180
2449
-99
-2602
2164
286
-2011
1826
618
-1604
1933
585
-1735
1965
475
-1657
2295
317
-1603
3351
46
-1613
4337
-280
-1702
7205
-735
-2721
7235
-2633
-2282
5911
-2042
-1521
4630
-1527
-845
3495
-1552
-330
2599
-1704
-215
1482
-1484
224
1047
-1340
301
1343
-1399
-196
2270
-1995
-817
3912
-2797
-1714
5713
-3168
-2973
7259
-4049
-4024
4796
-2556
-2768
3237
-1189
-2157
2924
-389
-1805
2028
459
-1381
1728
838
-1278
1907
773
-1214
2227
547
-1111
3050
110
-1188
3803
-322
-1531
6006
-896
-1863
7434
-2545
-2195
6454
-2349
-1950
5396
-1944
-1452
4147
-1971
-847
2739
-1719
-440
1919
-1604
79
1782
-1277
-244
1738
-1262
-236
2400
-1790
-464
3229
-2410
-1185
3098
-2800
-1768
4021
-3252
-2281
5098
-3070
-3438
5739
-2842
-3381
3706
-1597
-2375
2425
-600
-2173
2252
-503
-2198
1389
-90
-1802
674
292
-1370
996
522
-1304
1746
259
-1254
2947
221
-1175
7214
-315
-3207
8962
-3230
-3360
5803
-2961
-1682
3676
-1801
-1242
3166
-1512
-809
2054
-1186
-355
1551
-1150
-510
2183
-1707
-587
1833
-1614
-458
2335
-2176
-836
2142
-2679
-847
3102
-3312
-1421
6371
-4500
-3526
5846
-4511
-3633
3388
-2822
-3085
2707
-1224
-2752
2742
-612
-2450
2204
-20
-1792
1590
549
-1271
1315
720
-1186
1365
518
-1298
1977
-169
-1532
3910
-163
-2268
9119
-1549
-4517
8395
-3908
-2771
4665
-2021
-2025
3396
-1803
-1423
2417
-1425
-909
1978
-1236
-913
1434
-1321
-401
829
-1234
-28
1244
-1487
-159
2124
-2280
-871
3384
-3129
-1726
6169
-3535
-3812
6770
-3775
-4364
4868
-2490
-3616
3499
-963
-2773
2982
-198
-2275
2003
-9
-1641
1159
194
-1278
771
662
-1117
1458
1745
-641
2731
2152
-1009
6169
2105
-2369
8912
-2930
-1743
8019
-3518
-2653
6537
-2526
-2571
4584
-2082
-1427
3089
-1521
-1029
1917
-1188
-280
1158
-1038
148
819
-874
170
1017
-1017
-162
2237
-1900
-1000
3890
-2012
-2100
5558
-2090
-3748
7730
-3230
-5294
5077
-2363
-3935
2872
-1032
-2819
2383
-379
-2182
1713
109
-1544
1254
525
-1149
1614
779
-1076
1652
1129
-851
2423
1346
-1202
3826
1073
-1582
7378
761
-2775
10062
-1844
-3535
8108
-2178
-2233
5440
-1748
-1347
3473
-1599
-395
2205
-1235
76
1573
-1147
380
825
-996
846
726
-1238
882
1474
-2005
-32
3069
-2872
-1850
6848
-3160
-3875
9611
-3519
-5481
6071
-1355
-4313
3237
-138
-2585
1969
381
-1342
1444
731
-1158
940
1137
-361
728
1278
-158
1898
859
-777
3526
333
-1516
4965
28
-2600
6862
-177
-3281
6122
-672
-2370
7167
-535
-2855
6601
-1114
-2205
3974
-1352
-1293
2524
-1264
-685
1961
-1166
171
1701
-1052
388
1768
-1163
147
1416
-1827
-203
2766
-2088
-1054
6164
-2409
-1560
8027
-3609
-3349
5480
-2648
-3171
2776
-698
-2361
2479
266
-1962
2075
372
-1738
1565
464
-1337
1176
713
-1118
1747
586
-1191
2604
293
-1287
4220
231
-1714
8438
-222
-3035
7753
-2447
-2225
5675
-1892
-1805
4598
-1792
-1140
2893
-1685
-557
2148
-1433
-515
2081
-1273
-417
1964
-1001
-451
2089
-963
-762
2038
-1192
-899
2282
-2024
-1165
4429
-2602
-2092
6606
-4162
-3552
5764
-4368
-3150
3441
-2375
-2278
2863
-814
-2024
2499
149
-1647
2099
705
-1421
1808
562
-1327
1427
304
-995
1814
-7
-1385
2859
-594
-1604
4875
-104
-2277
8537
-1931
-3206
7437
-3235
-1820
4545
-1870
-1090
3634
-1758
-870
2324
-1495
-177
1931
-1011
-255
1845
-978
-117
1482
-981
189
2536
-2187
-532
2750
-2761
-562
3879
-2918
-1203
6797
-4187
-2586
6575
-4414
-3371
3543
-2531
-2889
2235
-824
-1690
2201
-73
-1427
1759
333
-1018
1184
740
-575
1372
887
-756
2076
426
-876
3400
349
-1588
6793
-596
-2864
8630
-4302
-2639
6362
-2765
-2182
4836
-1940
-1564
3584
-2052
-703
2777
-1787
-552
1671
-1582
-44
961
-1292
293
1209
-1214
6
1648
-1561
-534
2714
-2702
-1629
4434
-3028
-2358
6831
-3321
-3813
6430
-3018
-3499
3426
-1070
-2522
3140
-529
-2114
2560
-137
-1586
1885
269
-1401
1490
440
-1060
1366
679
-949
2271
328
-1097
3571
-81
-1391
5659
-1066
-2364
6852
-1981
-2647
5970
-2320
-2120
4798
-1812
-1811
4285
-1726
-1641
3329
-1651
-1110
2363
-1505
-560
1873
-1538
-119
1649
-1387
-42
1761
-1430
-263
2283
-1737
-732
3761
-2505
-1659
4096
-2536
-2073
5610
-3387
-3223
6007
-3936
-3070
3705
-2287
-2136
3148
-1248
-2045
2438
-653
-1468
1920
-161
-1140
2114
53
-1153
2165
114
-1182
2549
-66
-1359
3127
-149
-1595
3776
-484
-1770
5494
-773
-2216
7302
-2375
-2627
6307
-3199
-1668
4935
-2326
-1521
4184
-1991
-1361
2825
-1497
-731
1720
-1213
-213
1467
-1167
101
1098
-908
436
1506
-1264
259
2267
-2327
-34
4075
-3237
-2036
6357
-4102
-4266
6352
-4407
-4661
4978
-2441
-4191
4191
-882
-2229
2497
-1
-1086
1510
66
-916
715
689
-482
734
1069
-415
1751
703
-546
2946
452
-602
5782
437
-1566
8773
-1185
-2684
7703
-2956
-2389
5894
-2380
-2022
4345
-1801
-1272
3236
-1899
-799
2192
-1726
-292
1766
-1593
-196
1223
-1375
-4
1254
-1897
-136
1754
-2238
-928
3973
-2760
-1636
6524
-3577
-3037
7382
-3184
-4386
4156
-1203
-3086
2379
-59
-2010
2212
100
-1894
1575
695
-1259
1199
915
-846
1426
783
-631
2738
210
-1136
4335
536
-2031
8925
-1715
-3901
7378
-2823
-2722
4806
-1559
-2076
3745
-1440
-1370
2489
-1436
-816
2275
-1585
-695
1637
-1484
-186
1379
-1257
-42
1719
-1113
6
1401
-1446
70
3666
-2513
-1880
5827
-3456
-3911
7049
-4477
-4820
4484
-2373
-3972
3128
-1400
-2949
2940
-845
-2310
2482
-204
-1717
1622
342
-961
1094
791
-652
1280
922
-803
2059
493
-989
4760
694
-2454
9004
-1656
-3964
7421
-3300
-2669
4714
-1694
-2260
3310
-1064
-1514
2587
-1107
-946
1993
-1236
-558
1300
-1262
-31
1033
-1237
635
1298
-1580
952
2705
-2204
-48
6106
-2715
-496
7705
-3724
-4897
5739
-2453
-4729
4041
-1417
-2838
3374
-840
-1956
2430
128
-1352
1497
566
-856
975
704
-445
1231
617
-608
2301
81
-1110
3998
-133
-1572
7732
-525
-3169
8138
-2402
-2626
5439
-2274
-2095
4098
-2018
-1512
3162
-2166
-1247
2278
-1978
-874
1635
-1687
-174
1758
-1452
173
2062
-1331
220
2555
-1974
-379
3102
-2464
-1449
4514
-2675
-2941
6374
-3207
-4314
5616
-2623
-4146
3493
-1187
-3154
2563
-209
-1982
1972
420
-1229
1427
842
-856
1214
1277
-302
1988
974
-299
3274
188
-713
5651
-151
-1505
8585
-2124
-2534
7654
-3307
-2251
5860
-2411
-1750
4562
-1948
-1171
3397
-1662
-733
2362
-1421
-282
1407
-1142
122
682
-1086
449
820
-1514
47
1062
-2495
-248
3716
-2672
-1730
7344
-3768
-4001
7374
-4136
-4092
4300
-2224
-3060
2657
-777
-1932
2414
-324
-1583
2389
192
-1371
1930
694
-1061
1899
831
-931
2503
479
-777
3309
-11
-1116
5326
816
-1689
8429
-1192
-2379
8089
-2844
-2080
5362
-1870
-1738
4133
-1834
-1221
2779
-1390
-515
2031
-1224
-131
1644
-1461
156
1233
-1587
277
1495
-1875
128
2320
-2351
-753
3874
-2578
-2026
7363
-3641
-3960
5466
-2225
-3704
3925
-1755
-3856
3419
-954
-2288
2180
-187
-1928
2264
210
-1790
1471
819
-3064
1212
1146
-917
1880
788
-1005
2685
340
-1364
5569
115
-2771
8081
-1870
-3335
7539
-2894
-2958
5630
-2512
-2198
3545
-1939
-1136
2232
-1809
-436
1395
-1629
141
989
-1454
446
972
-1504
401
1303
-1896
-181
2961
-2734
-1971
5128
-3761
-3397
7274
-4554
-4627
5251
-3182
-3823
2720
-1177
-2251
2265
-259
-1768
2111
148
-1699
1561
661
-1403
1708
643
-1425
2118
27
-1624
3112
-678
-1900
5371
-758
-2480
6653
-2149
-2602
6507
-2508
-2699
5281
-2388
-2322
3828
-1876
-1836
2543
-1579
-1115
1740
-1478
-375
1278
-1240
-155
806
-1116
-18
1102
-1474
-400
1490
-2141
-954
4093
-3174
-2730
5896
-4090
-3726
6088
-3704
-3863
4664
-2278
-3292
2958
-748
-2226
2309
41
-1822
1979
438
-1648
1595
538
-1277
1660
473
-698
2491
-339
-1764
3687
-54
-1601
5673
-486
-2078
6565
-2305
-2068
6156
-2007
-1960
5686
-2410
-1684
4327
-2011
-1290
2567
-1529
-792
1740
-1243
-382
1188
-994
-108
921
-756
-146
1863
-1320
-535
3305
-2489
-1205
4622
-2808
-2405
6497
-2841
-3992
5290
-2814
-3053
3514
-1426
-2571
3438
-804
-2378
2517
-87
-1670
1870
364
-1467
2012
519
-1353
2261
606
-1255
2459
682
-1267
3091
294
-1437
4251
649
-1899
6734
-3016
-2646
7076
-2287
-2114
5445
-1507
-1925
4214
-1320
-1701
3000
-1347
-1020
2163
-1220
-477
1733
-1234
107
1275
-1170
396
1949
-1577
-118
2600
-2221
-946
5194
-2850
-2851
7878
-3466
-4803
5515
-2692
-4103
3046
-1492
-2896
2398
-479
-2076
1807
23
-1353
1198
327
-977
1167
402
-847
1537
623
-805
2567
455
-998
3489
63
-2068
7197
344
-3030
7898
-1825
-2653
6040
-1833
-2081
5488
-1843
-1805
4804
-2333
-1168
3156
-2087
-477
1882
-1833
149
1144
-1678
434
909
-1707
312
1134
-2086
-2208
2165
-2569
-1367
5156
-3421
-3091
7611
-4141
-4707
5784
-3279
-4400
2486
-1434
-2887
1425
-55
-1888
1753
452
-1584
1907
666
-1488
2017
527
-1191
2128
463
-1122
2662
203
-1324
4392
-135
-2211
7092
-655
-3386
6300
-1612
-3130
6392
-1719
-3093
4652
-1947
-1895
2961
-1759
-1053
2245
-1471
-574
1304
-1277
22
1358
-1179
174
1544
-830
20
2723
-1266
-882
4457
-2510
-2350
5946
-3708
-3990
6499
-4225
-4424
3798
-2341
-3683
2718
-1188
-2802
1788
-335
-1780
1330
226
-1433
1627
307
-1398
1505
641
-1181
2288
704
-1528
2896
851
-1616
5969
1228
-2752
8014
-1335
-2887
6798
-2352
-2017
5638
-1396
-1793
4193
-1263
-1254
2571
-1223
-622
1382
-1164
-34
662
-1331
495
438
-1272
573
887
-1553
296
2783
-2365
-990
6572
-2481
-2879
9121
-3767
-4054
6239
-2807
-3477
3697
-1193
-2274
2906
-482
-1454
2275
103
-1273
1517
770
-991
1223
853
-548
1627
524
-434
3150
-97
-911
4448
-731
-1336
6688
-825
-2615
6866
-2189
-2452
5833
-2208
-2262
4821
-1849
-1995
3415
-1961
-1428
2380
-1887
-879
1797
-1589
-459
1395
-1340
-74
1306
-1225
146
1673
-1639
-511
2014
-2827
-1584
4430
-3162
-2367
6967
-3924
-3752
6257
-3893
-3475
3884
-2454
-2145
2468
-700
-1305
2152
94
-963
1789
484
-691
1766
646
-745
1899
624
-934
2323
174
-1060
3197
-338
-1735
5835
-694
-2467
7940
-2669
-2382
7253
-2853
-1803
6261
-2324
-1521
4057
-2147
-720
2324
-1608
-90
2101
-1492
-5
1442
-1341
225
1135
-1572
73
1424
-1855
-457
2464
-2595
-1174
3795
-2673
-2152
6347
-2803
-3607
6568
-3277
-3863
4155
-2096
-3030
3126
-1195
-2318
2217
-485
-1601
1655
52
-1138
1597
376
-901
1756
417
-708
2507
319
-950
3477
-214
-1141
4723
-304
-1585
7485
-1369
-2731
6832
-2934
-1886
5903
-2254
-1832
5239
-2259
-1641
2752
-1674
-659
1737
-1179
-402
1972
-1188
-262
1287
-1152
49
1571
-1333
-232
2984
-2112
-1150
3464
-2385
-1263
4923
-2324
-2227
7404
-4297
-3417
4620
-3004
-2159
2994
-1257
-1907
2996
-704
-1853
1783
-8
-1298
1382
410
-1074
2208
230
-1299
2346
218
-1278
2821
-136
-1393
4166
-423
-2013
6707
-1060
-2943
7773
-3352
-2278
5060
-2707
-1398
3926
-1854
-1060
3177
-1762
-501
2158
-1581
-27
1969
-1665
-36
1992
-1549
-69
1656
-1525
66
2205
-2520
-555
3053
-3337
-1070
5037
-4280
-2528
7095
-5295
-3447
4337
-3351
-2767
2338
-1620
-1874
1828
-445
-1306
1411
405
-960
1470
503
-854
1917
468
-1049
2691
137
-1566
3159
-53
-1787
6658
-277
-3334
8884
-3666
-2799
6058
-3470
-1832
4384
-2322
-1227
2326
-1578
-384
1592
-1696
-140
1348
-1756
99
1186
-1976
320
1455
-1983
178
2504
-2715
-636
4478
-3165
-1755
5645
-3401
-2890
6452
-3738
-3581
4734
-2693
-3185
3086
-1160
-2399
2086
-76
-1641
1387
422
-1205
1074
497
-951
1337
540
-1032
2409
328
-1476
3487
-155
-1717
6508
-531
-2952
7557
-2826
-1925
6504
-2999
-1886
5297
-2502
-1737
3256
-1947
-912
2264
-1714
-706
1532
-1432
-244
801
-1153
265
638
-1054
434
1373
-1618
-189
2854
-2337
-1040
6037
-2880
-3097
8211
-4206
-4419
5286
-2780
-3474
3130
-1052
-2627
2307
-339
-1658
1810
11
-1315
1487
621
-1198
1315
824
-966
1913
754
-1014
3141
366
-1357
3518
270
-1376
6889
285
-2565
8996
-2834
-2881
6295
-2466
-2073
5175
-1823
-1733
3812
-1650
-1022
2027
-1405
-266
1570
-1233
61
1599
-1189
347
1878
-1376
14
2759
-1827
-663
2651
-2051
-1247
3108
-2839
-2224
4680
-2201
-2902
7689
-3533
-4016
5380
-2577
-2681
3113
-972
-1845
2710
-260
-1330
2176
792
-1080
2006
1353
-1128
2087
826
-974
2389
244
-1094
3150
-148
-1458
3420
-521
-1457
5482
-770
-2790
7963
-2537
-3435
6085
-2560
-2443
4840
-1842
-1881
4474
-1823
-1251
3142
-1756
-514
1851
-1248
292
1004
-1083
717
1779
-1594
-420
3006
-2879
-1611
2310
-3063
-1887
2423
-2441
-2432
4650
-2526
-3611
6406
-4165
-3808
4237
-2803
-2800
2361
-898
-1944
2074
-65
-1534
1897
537
-1276
1919
603
-1041
2282
404
-964
2634
-74
-1076
3473
-436
-1387
5201
-632
-2220
7644
-2104
-3419
7053
-3237
-2656
5181
-3045
-1687
4028
-2248
-1249
2534
-1819
-540
1367
-1630
206
1183
-1572
664
1066
-1102
851
1468
-1270
177
2794
-2707
-1075
5195
-3938
-2431
6780
-4114
-4069
6313
-4368
-3955
2964
-2313
-2503
1973
-1035
-1777
2198
-257
-1583
1766
278
-1341
1395
479
-1221
1553
583
-1188
2079
492
-1013
3567
446
-1568
7749
-47
-3367
8499
-3717
-2713
6108
-3212
-2343
4010
-2419
-1583
2319
-1802
-713
1493
-1865
-300
1468
-2260
-177
1468
-2561
-118
1669
-2371
-624
2363
-2624
-1378
3781
-3111
-2483
4694
-3691
-3445
5192
-3079
-3674
3815
-1573
-3058
3044
-703
-2406
2676
77
-1961
2240
546
-1570
1777
641
-1216
1724
561
-1172
1889
549
-1048
2592
295
-1157
5394
25
-2498
8658
-2950
-3428
6359
-4605
-2360
5229
-3448
-1984
3322
-2780
-1109
2159
-2031
-698
1540
-1590
-349
1509
-1553
29
1847
-1476
-36
2187
-1917
-454
2450
-2765
-861
2995
-2894
-1848
5642
-3850
-3721
6650
-4556
-4174
3955
-2744
-2869
2522
-3280
-1968
2071
-129
-1380
1900
561
-1189
1817
590
-993
1917
512
-1147
2319
546
-1372
2928
415
-1994
5109
-280
-3397
6653
-2133
-3351
5725
-3640
-2092
4794
-1895
-1500
4453
-1920
-1120
3363
-1869
-584
2493
-1702
-390
2357
-1805
-140
1742
-1563
28
1379
-1878
-223
1230
-2447
-672
1663
-2795
-1198
4274
-3194
-2757
7268
-4517
-4877
6005
-3824
-3726
3746
-1600
-2354
2816
-172
-1739
2147
361
-1162
1691
894
-758
1942
750
-1147
2132
464
-1051
3007
175
-1246
4952
-79
-1581
7929
-1509
-2418
8336
-3952
-2278
5846
-2741
-1588
4501
-2476
-1167
2805
-2097
-430
1975
-1746
-189
1504
-1481
214
854
-1252
558
1158
-1526
-13
2530
-2580
-1058
5311
-3656
-2175
6755
-2585
-3649
6241
-2336
-3814
3748
-1287
-2859
2880
61
-2363
2142
566
-1706
1020
915
-1253
476
1300
-869
1262
1345
-953
3472
637
-1612
5670
-654
-2008
6039
-1004
-2000
8205
-1825
-3290
6762
-3225
-1846
4950
-2651
-844
3707
-2137
-206
2731
-1674
160
2098
-1487
558
1446
-1183
560
1300
-1264
376
2511
-1533
-200
3507
-1880
-1095
4164
-2185
-1958
6032
-3289
-3283
6209
-4892
-3621
3703
-3177
-2618
2120
-1594
-1844
1539
-645
-1309
1816
70
-886
1640
544
-649
2413
870
-980
3275
1170
-1259
4389
995
-1567
7034
-220
-2670
8208
-2791
-2712
6360
-3437
-1545
4146
-2517
-878
2820
-2027
-28
1693
-1665
346
1057
-1593
345
484
-1630
568
1019
-2373
-23
2606
-3331
-830
5295
-3973
-1696
8110
-4415
-4150
6531
-3078
-3748
3794
-1055
-2499
2404
-214
-1618
1991
219
-1289
1441
675
-1052
1415
840
-894
2157
449
-1005
3265
-538
-1909
5500
106
-2063
8812
-3993
-2510
6787
-4520
-1788
3943
-2307
-1086
2946
-1985
-925
1911
-1857
-346
766
-1572
301
689
-1598
210
627
-1782
154
1332
-2592
-602
3443
-3692
-466
6496
-5160
-2447
8559
-5674
-4133
5091
-2602
-2859
2422
-652
-1908
2305
131
-1611
1910
767
-1315
1215
863
-815
1455
751
-647
2916
156
-1090
4317
-599
-985
7085
-1262
-2017
8836
-4610
-2379
5488
-3640
-1258
4022
-2834
-1310
3087
-2127
-863
1878
-1678
-119
1396
-1545
172
924
-1440
457
840
-1212
106
1129
-1388
-263
2418
-2390
-1419
5361
-4248
-3105
7089
-4330
-3882
6451
-3784
-3875
3470
-1969
-2557
2341
-573
-1795
2298
-48
-1366
1844
539
-1021
1857
733
-905
2161
587
-820
2743
413
-706
4448
-532
-1178
6373
-1089
-1991
8297
-3625
-2685
6852
-3844
-2006
4512
-2766
-1283
2470
-1935
-601
1509
-1687
23
1243
-1708
380
587
-1695
831
673
-1613
386
1717
-2395
-835
2774
-3501
-1608
6414
-3899
-3301
7656
-4060
-4178
4563
-2269
-3091
2357
-720
-2199
2087
95
-1592
1856
462
-1291
1842
323
-1387
2436
-447
-1319
2985
-1747
-1219
3668
-1983
-916
6365
-2849
-1443
5830
-4266
-1495
3812
-2263
-1262
3863
-2059
-1526
3975
-2217
-1323
3821
-1876
-1695
3758
-1867
-1641
3154
-1632
-1450
3053
-1349
-1321
3122
-1172
-1016
3122
-998
-901
3424
-2984
-844
3857
-1096
-691
4043
-1019
-1007
4004
-866
-1223
3945
-800
-1205
4064
-1018
-1468
3859
-1085
-1638
3576
-890
-1678
3461
-1055
-2126
3560
-1569
-2639
3293
-1589
-2846
2717
-1707
-3764
2290
-1250
-4445
1757
-1352
-5056
1411
-1826
-5073
