-100
-4177
867
-63
-4080
851
-80
-3999
865
-205
-4004
926
-364
-4021
1003
-444
-3995
1031
-479
-3991
1048
-492
-4028
1035
-443
-4036
983
-376
-3979
944
-293
-4021
931
-265
-4059
932
-272
-4051
942
-318
-4041
937
-364
-4017
914
-398
-4012
860
-433
-4025
864
-472
-4014
907
-485
-4013
914
-469
-4016
930
-403
-4026
907
-323
-4025
873
-258
-4022
863
-276
-4042
893
-300
-4047
932
-324
-4014
973
-316
-4003
950
-290
-3987
925
-275
-4029
886
-301
-4079
897
-331
-4083
887
-322
-4038
889
-295
-4020
869
-301
-4036
913
-304
-4053
938
-293
-4026
921
-268
-4027
908
-260
-4045
907
-269
-4060
926
-288
-4063
951
-297
-4036
927
-309
-4035
897
-319
-4051
877
-320
-4030
889
-308
-4017
916
-313
-4031
912
-318
-4026
882
-332
-4027
871
-339
-4060
857
-354
-4058
864
-341
-4057
858
-313
-4063
854
-299
-4063
866
-308
-4026
884
-297
-4015
911
-294
-4027
887
-309
-4046
847
-324
-4091
825
-327
-4074
807
-341
-4041
812
-337
-4033
833
-332
-4010
871
-309
-4043
891
-273
-4039
857
-249
-4024
866
-263
-4041
846
-319
-4043
850
-360
-4041
854
-347
-4041
838
-336
-4060
841
-324
-4066
829
-329
-4065
826
-338
-4071
842
-334
-4067
825
-339
-4056
842
-342
-4055
852
-363
-4050
852
-363
-4047
836
-355
-4038
826
-359
-4077
839
-356
-4064
815
-355
-4047
845
-350
-4074
826
-362
-4067
842
-334
-4062
840
-304
-4050
816
-314
-4037
828
-342
-4059
836
-344
-4058
839
-320
-4039
834
-304
-4044
814
-305
-4067
807
-321
-4074
811
-320
-4067
797
-330
-4051
811
-338
-4057
831
-334
-4054
805
-323
-4040
804
-331
-4056
797
-343
-4074
796
-346
-4058
817
-321
-4059
794
-315
-4060
807
-323
-4062
810
-330
-4058
817
-310
-4022
826
-310
-4039
826
-318
-4073
825
-302
-4069
817
-293
-4063
811
-287
-4052
820
-291
-4069
839
-293
-4054
810
-302
-4048
818
-318
-4092
781
-347
-4092
788
-336
-4076
762
-335
-4060
758
-348
-4050
791
-353
-4037
792
-343
-4032
790
-341
-4048
792
-366
-3997
778
-382
-4055
748
-366
-4281
732
-428
-4135
707
-419
-3810
596
-503
-4071
702
-587
-4256
768
-394
-4090
766
-171
-4277
582
-497
-4582
730
-738
-4299
850
-745
-3847
482
-749
-4106
309
-419
-4787
259
-880
-4670
261
-885
-4223
42
-1049
-3621
-9
-1491
-3011
-156
-1881
-2612
-237
-2266
-2390
-549
-2694
-2802
-896
-3043
-3002
-913
-3324
-3238
-996
-3584
-4254
-869
-3722
-5118
-541
-3230
-5331
-60
-2866
-5558
234
-2194
-5196
561
-1839
-4245
808
-1729
-3760
367
-1396
-2901
448
-928
-1713
831
-413
-792
1034
-393
-767
537
-1211
-2639
-186
-3862
-6024
481
-6155
-7968
608
-5730
-6233
-185
-3988
-3098
-419
-3218
-1569
-563
-2668
-726
-761
-1852
-20
-1020
-1966
261
-1112
-3018
-378
-901
-5627
-2148
-701
-7155
-5777
-987
-6092
-7052
-1380
-4637
-5733
-416
-1673
-3676
432
1097
-2235
438
1824
-1273
889
1291
-688
1088
928
-1519
754
-2201
-4266
193
-7334
-9210
-190
-8666
-9103
-795
-4586
-3928
-1266
-2609
-896
-1412
-2714
204
-1157
-2033
596
-1222
-1030
1132
-1091
-2253
675
-1002
-5118
-1321
-1453
-8427
-4925
-1730
-7147
-7565
-1020
-5279
-5950
520
-1537
-3572
563
373
-2327
548
833
-1408
1117
1184
-594
1575
1061
-1244
829
-610
-2762
246
-6622
-8025
7
-9250
-9474
-1106
-5811
-4476
-1432
-3402
-1369
-1497
-3194
-764
-1303
-2176
-149
-1389
-1323
213
-1260
-1837
376
-858
-4024
-781
-833
-7537
-4764
-1317
-6628
-8048
-989
-4869
-6069
74
-1797
-3556
310
222
-2038
136
645
-1071
767
1015
-851
1277
537
-1509
1177
-1397
-4833
697
-5773
-8822
1670
-8319
-9280
17
-6501
-5098
-914
-4017
-919
-1170
-3362
104
-1334
-2197
692
-1389
-1514
1120
-1458
-2061
251
-1682
-3924
-719
-1641
-8068
-3808
-1927
-7830
-8601
-1872
-4416
-6853
-767
-2276
-4567
234
-281
-3082
416
639
-1782
583
584
-1164
858
415
-1297
1325
180
-1862
1029
-2804
-5292
1115
-7506
-9606
437
-9054
-8045
-823
-5842
-2668
-1389
-3784
-285
-1518
-3151
-69
-1586
-1928
177
-1525
-1346
483
-1213
-2257
96
-1107
-4642
-1011
-1515
-7042
-4666
-1830
-6978
-7571
-1659
-4496
-6415
-1001
-2184
-4278
171
-292
-2840
270
602
-1891
371
636
-1209
887
582
-1401
1173
100
-2732
1054
-3801
-6255
1189
-8126
-9181
491
-8347
-6539
-414
-5542
-2284
-1038
-4590
-164
-1095
-3578
27
-1439
-1851
-32
-1569
-1367
593
-960
-2293
89
-944
-5118
-1511
-1569
-8107
-4920
-2514
-7040
-5727
-1539
-5346
-5417
-140
-2013
-3266
578
-359
-2372
287
336
-1998
176
925
-1537
590
1025
-1515
856
762
-2065
757
-3166
-4505
1045
-9863
-9799
1050
-10030
-8347
-80
-4768
-2399
-536
-2899
-371
-777
-2652
202
-849
-1695
840
-900
-1516
923
-661
-2371
323
-437
-2642
281
-675
-5655
-1609
-967
-9938
-7750
-39
-7888
-9362
-65
-3059
-4549
382
-725
-2633
317
264
-2034
160
602
-1372
647
503
-1054
858
578
-1104
560
8
-2523
248
-5409
-8310
1098
-9507
-11097
-383
-6229
-5108
-1176
-3006
-1056
-1484
-2411
-135
-1207
-2049
397
-1253
-1760
543
-1121
-1996
284
-959
-2951
-473
-925
-5715
-1729
-1071
-8131
-5626
-1837
-7187
-7639
-1469
-4540
-4974
202
-1676
-3436
-68
-49
-2343
15
770
-1238
888
1038
-882
1088
652
-1683
697
-177
-3063
1028
-5710
-8483
985
-10239
-11036
-279
-6058
-4789
-1192
-3015
-419
-906
-2558
474
-761
-1529
299
-1175
-1299
699
-1060
-1564
322
-1118
-3511
-390
-1283
-7670
-4228
-1503
-8928
-9221
-967
-7744
-6795
-340
-2404
-4009
318
120
-2562
316
1215
-1567
967
1327
-1093
1581
1156
-1356
1708
526
-1922
1193
-4624
-6009
450
-10374
-10900
12
-8934
-6546
-494
-3893
-1264
-879
-3135
342
-850
-2627
390
-862
-2087
403
-858
-2310
12
-731
-2532
-443
-948
-4999
-2326
-1485
-7806
-7360
-1122
-5858
-7420
-576
-3703
-4389
228
-1299
-2654
-181
44
-1756
-224
1082
-877
356
263
-1202
1040
-510
-1970
1332
-2367
-4925
961
-8144
-9100
341
-9394
-7684
341
-4684
-3284
-703
-2218
-190
-736
-1969
974
-628
-1641
849
-981
-1569
443
-1142
-2413
85
-1061
-5219
-1370
-1232
-7573
-5799
-1387
-6454
-7077
-1052
-4953
-5191
-289
-2452
-3316
195
-793
-2244
-57
-160
-1488
577
353
-1025
1180
791
-1140
1141
-375
-2909
484
-5631
-7514
966
-9190
-9659
114
-6918
-7304
-915
-3910
-754
-1015
-3045
564
-946
-1987
1052
-1020
-1636
1121
-1008
-2201
680
-880
-3523
123
-791
-8161
-3303
-973
-8511
-8291
-1266
-5740
-6462
-294
-2167
-3570
595
451
-2153
196
629
-1685
390
1024
-1094
1278
1062
-1338
1428
-407
-3260
742
-5885
-8086
778
-8094
-9325
-421
-6762
-4936
-767
-4491
-1361
-1351
-3874
295
-1345
-3059
986
-1429
-2563
1351
-1178
-2272
1379
-895
-3829
-34
-1021
-7979
-3325
-965
-9241
-8216
-849
-5785
-7703
-461
-1899
-4234
716
578
-2398
753
872
-2059
671
1357
-1319
1428
1141
-877
1556
-602
-2757
438
-5456
-7204
382
-9093
-9510
-953
-8031
-5449
-1546
-4238
-817
-1316
-3210
1194
-1411
-2822
1004
-2032
-1471
702
-1605
-1263
424
-960
-3125
-170
-1034
-7681
-3047
-1809
-8014
-8089
-1671
-6359
-7834
-639
-2226
-4612
99
323
-2515
158
495
-1591
20
582
-1117
446
248
-1374
960
-289
-2561
848
-2940
-5296
548
-7881
-9106
-289
-9080
-7591
-1113
-5356
-2598
-969
-3341
212
-932
-3034
820
-1039
-1954
872
-1115
-1763
938
-635
-2086
427
-498
-3897
77
-839
-8603
-4081
-1900
-8524
-8797
-2004
-5242
-6683
-692
-1898
-4224
-279
-2416
-2985
-75
86
-2201
-24
770
-1073
472
415
-901
1307
122
-1309
1367
-813
-2997
564
-4918
-7486
555
-9967
-10583
1391
-7690
-6259
45
-3808
-2218
-822
-3125
-645
-579
-2601
333
-765
-2058
775
-841
-2294
1193
-685
-3741
1646
-746
-7624
-2112
-1187
-7599
-7389
-1452
-5778
-7682
-645
-3413
-5820
417
-896
-3616
394
346
-2370
-162
530
-1702
-88
553
-1311
1026
762
-1394
1457
710
-2217
1492
-2717
-6132
1506
-10379
-11506
2485
-10265
-6875
1401
-5201
-2075
-362
-3610
26
-396
-2671
968
-426
-2461
844
-791
-2361
430
-635
-2831
191
-500
-5924
-1995
-988
-7248
-6393
-996
-5693
-6921
-289
-3846
-4723
-72
-1664
-2941
-82
-385
-1782
25
472
-1013
695
506
-1080
948
336
-1501
1153
-1055
-3271
818
-6564
-8052
933
-9598
-9215
-356
-7072
-4762
-1038
-3293
-645
-1200
-2466
429
-1205
-2203
1278
-837
-1918
1282
-1087
-1889
383
-999
-3434
-314
-629
-7609
-2699
-1062
-8679
-7580
-1316
-6394
-6562
-424
-3551
-4284
239
-1020
-2915
-318
-24
-1818
165
578
-1092
806
855
-1217
1340
654
-1218
1390
-447
-2499
334
-4768
-5913
540
-10443
-9960
-210
-8193
-6058
-1327
-4095
-1458
-1214
-3446
-374
-629
-2555
68
-779
-1958
570
-751
-1762
653
-591
-2512
118
-828
-5604
-1886
-976
-8804
-6957
-1007
-6941
-7056
-551
-3155
-3982
-92
-1325
-2798
-182
-116
-1865
291
934
-1442
812
1003
-919
989
633
-938
771
-1483
-2949
54
-7437
-8418
343
-9660
-9683
-1173
-7984
-4759
-1285
-3150
-1762
-1100
-2800
-1315
-927
-1583
-275
-762
-1439
169
-613
-1768
190
-623
-2146
-333
-818
-3245
-425
-1231
-6323
-2808
-1783
-8086
-6558
-1536
-6387
-5757
-937
-3260
-4100
-1002
-1947
-2793
-706
-795
-2049
-168
179
-1532
107
422
-1610
341
857
-1757
949
-1344
-3716
1244
-6849
-9113
806
-10367
-9474
-94
-5483
-2684
-537
-3012
310
-546
-2382
910
-602
-1882
1151
-756
-1611
1012
-551
-2162
476
-601
-4975
-689
-1100
-8683
-6508
-1378
-6579
-7200
-1001
-5049
-6025
-352
-2282
-3725
-461
-1084
-2297
-486
-377
-1588
209
436
-1120
669
542
-773
1156
222
-1208
907
-3227
-3982
676
-8488
-9405
265
-9442
-8234
-677
-4693
-2351
-996
-3093
-375
-873
-2597
84
-689
-2050
579
-590
-2275
337
-668
-2404
-135
-806
-3358
-494
-806
-6120
-2633
-1269
-7859
-6792
-1460
-6641
-6402
-2576
-4010
-4071
-234
-1966
-2787
-681
-953
-1858
-295
393
-925
612
648
-883
1037
472
-1268
1066
-530
-2483
555
-6633
-7435
696
-10161
-10546
-444
-6440
-4900
-1250
-2801
-243
-1086
-2779
785
-1076
-2390
860
-1279
-1578
1144
-975
-1596
735
-1074
-2882
235
-896
-6975
-1550
-898
-9616
-7381
-1310
-7381
-6900
-646
-4410
-4416
197
-1193
-2708
-115
87
-1843
104
741
-1037
914
1223
-421
1330
793
-1041
892
-2612
-4024
405
-7870
-9906
131
-8945
-7948
-892
-4857
-3091
-1387
-3223
-871
-1035
-2909
-10
-848
-2027
530
-896
-1358
749
-607
-995
734
-488
-2761
199
-653
-8084
-3394
-1326
-10031
-8886
-824
-6711
-6459
22
-2792
-3703
-184
-1063
-2387
-317
-146
-1433
119
545
-640
698
602
-496
745
422
-913
678
-765
-2502
588
-5880
-8307
1042
-10114
-10790
-295
-6539
-5388
-1092
-3035
-1998
-947
-3586
-1565
-772
-2741
-922
-830
-3720
129
-569
-997
669
-307
-1088
821
-380
-1542
506
-489
-3897
-281
-1442
-9698
-5599
-2286
-8837
-8131
-1237
-5196
-5025
-774
-1916
-3312
-1093
-1210
-2100
-742
-60
-1182
-295
259
-562
523
-127
-1031
752
-1081
-1970
612
-3155
-6416
570
-6447
-7432
505
-8710
-7504
-616
-5613
-4025
-988
-3548
-1455
-973
-3214
-676
-844
-2105
201
-871
-1629
545
-793
-1874
122
-709
-2011
64
-592
-3757
-238
-807
-7502
-3640
-1250
-8257
-7139
-1261
-5860
-5561
-507
-2780
-3696
-289
-1606
-2636
-480
-980
-1860
-171
-174
-1141
387
-420
-1146
553
-625
-1373
429
-1241
-2107
586
-4546
-4792
619
-8104
-8398
-228
-7096
-6096
-388
-3999
-2776
-956
-3676
-1700
-901
-2962
-801
-733
-1888
239
-763
-2176
335
-848
-2235
-10
-814
-3086
-187
-750
-6110
-1774
-1184
-7928
-5428
-1275
-6368
-5658
-855
-4668
-4297
-263
-2504
-3320
-243
-1105
-2321
-312
-325
-1412
163
291
-939
701
-55
-1114
855
-555
-1815
640
-2144
-3939
517
-6700
-8267
607
-9527
-8214
335
-5443
-3627
-524
-3205
-1134
-798
-2944
-407
-642
-2260
374
-741
-2139
571
-738
-2412
281
-704
-3293
-111
-655
-5725
-1485
-871
-7585
-4927
-864
-6564
-6060
-264
-4686
-4752
200
-2694
-3722
-96
-1539
-2693
-308
-426
-1561
62
206
-1019
605
189
-1303
599
-407
-2067
542
-2893
-4634
427
-7283
-8321
512
-8734
-7519
-92
-4524
-3287
-691
-2807
-1137
-781
-2727
-223
-674
-2065
712
-794
-1973
975
-740
-2243
490
-736
-2998
-3
-596
-6185
-1262
-860
-8690
-5891
-1103
-7423
-6874
-470
-4565
-4711
-11
-2156
-3405
-210
-1010
-2328
-255
-23
-1408
177
619
-736
740
251
-1092
785
-313
-1554
510
-2252
-3347
528
-6745
-8001
351
-9981
-9102
-164
-5585
-3776
-819
-3262
-1214
-1075
-3081
-556
-630
-2124
290
-614
-1611
677
-519
-1975
236
-352
-2426
-256
-540
-4651
-1264
-913
-7602
-5034
-1111
-7426
-7917
-538
-4935
-5178
-107
-2625
-3299
-162
-1662
-2340
-398
-747
-1494
-129
80
-781
502
39
-800
542
-45
-3472
523
-1324
-3101
591
-5936
-7493
817
-9682
-9425
-28
-6155
-4855
-741
-2801
-1491
-983
-2883
-639
-592
-2119
24
-679
-1568
666
-745
-2317
86
-642
-2816
-146
-554
-5288
-1207
-743
-7453
-4814
-1163
-7025
-7009
-1123
-4635
-5751
-273
-1976
-3108
-302
-1347
-2157
-550
-742
-1542
-365
113
-1082
57
380
-1567
1190
74
-2014
1694
-2536
-4249
1612
-7522
-8678
1410
-8501
-7839
222
-5334
-3069
-341
-3747
-537
-344
-3330
108
-667
-2731
599
-880
-2568
855
-758
-2442
299
-873
-2741
91
-921
-7017
-1521
-828
-8242
-6118
-1512
-6735
-7086
-1327
-3892
-4957
-85
-1261
-3101
161
-49
-2215
-27
-71
-1713
-10
-335
-1363
436
-768
-1358
948
-1802
-2279
553
-3529
-4577
-4
-7078
-7636
-433
-8311
-6973
-759
-5552
-2893
-835
-3645
-939
-945
-2706
135
-493
-2060
1657
-262
-1531
2326
-847
-2422
803
-1363
-3633
-66
-917
-8029
-2867
-996
-8796
-7154
-1328
-6792
-6772
-726
-3695
-4079
7
-1535
-2623
-50
-532
-3376
289
200
-606
706
865
-539
1173
585
-1239
1414
-828
-3065
930
-5201
-7355
551
-8988
-9793
-335
-7183
-6167
-1338
-4002
-1686
-1429
-3570
-652
-1090
-2845
-91
-931
-1921
624
-777
-1679
620
-551
-1932
428
-382
-2813
-220
-458
-7001
-2432
-886
-9675
-7111
-1295
-7447
-6459
-825
-3807
-4345
-375
-2203
-2866
-348
-1445
-2128
-149
-161
-1208
307
406
-758
909
256
-1005
975
300
-1628
648
-1098
-3422
660
-6547
-8773
750
-10472
-10499
-504
-5632
-4135
-1104
-3021
-704
-934
-2625
-119
-602
-1852
296
-625
-1457
723
-539
-1724
445
-548
-2243
250
-667
-4749
-160
-309
-9156
-5362
-383
-10066
-8767
-644
-7648
-5858
-60
-1714
-3147
338
-201
-3976
272
381
-1079
811
573
-543
1065
73
-1164
797
-644
-2294
529
-3492
-5050
383
-5886
-7539
501
-7582
-6727
150
-5783
-3860
-462
-4225
-2274
-611
-3557
-1079
-514
-2676
-134
-900
-1983
755
-1035
-1817
826
-908
-2227
553
-775
-5435
-366
-1140
-9023
-4053
-1209
-8159
-7158
-1383
-5041
-5180
-978
-2669
-4023
-168
-924
-2936
-311
-187
-2440
-75
229
-1359
476
217
-1325
798
60
-1917
824
-1465
-3376
904
-5495
-7158
897
-8589
-9666
19
-7120
-5042
-206
-4562
-990
-997
-3649
-59
-994
-3011
636
-895
-2407
1054
-1000
-1778
783
-922
-2250
186
-997
-4834
-343
-1326
-8526
-4257
-1928
-8580
-7699
-2157
-5748
-6563
-1259
-1979
-4310
8
-458
-2850
-313
-255
-2035
-320
294
-910
559
297
-714
1070
-660
-1915
743
-1859
-3354
688
-5729
-7121
152
-9040
-8535
-850
-7296
-5010
-1067
-4465
-1652
-1123
-3709
-181
-915
-2919
628
-1006
-2455
692
-958
-1953
762
-588
-2544
271
-780
-4627
-342
-1072
-8050
-3263
-1630
-8675
-6821
-1873
-6285
-6185
-1059
-2973
-4150
18
-861
-2914
167
-23
-2376
-35
562
-1411
473
449
-807
987
-413
-1521
669
-1080
-2841
107
-4278
-6124
63
-7477
-8057
-765
-8501
-6725
-1431
-5168
-3113
-1641
-3537
-986
-1145
-3126
216
-706
-2499
749
-776
-1596
1126
-786
-1990
1042
-442
-3769
99
-741
-7885
-2535
-1267
-9520
-6985
-1259
-7008
-6931
-1160
-3414
-4881
-50
-1462
-3233
22
-608
-2439
-468
-169
-1610
-10
480
-1050
759
210
-1086
998
-350
-1731
498
-1017
-2987
185
-4455
-5983
472
-9421
-9886
-1103
-9169
-7170
-1333
-4305
-1934
-1434
-2987
-238
-867
-2383
604
-641
-1480
1192
-704
-1566
1014
-633
-2004
457
-504
-4504
-249
-697
-8929
-3646
-1266
-9090
-7660
-1212
-6080
-6167
-822
-3230
-4663
-244
-1349
-3360
-230
-289
-2109
-213
495
-926
216
733
-725
880
482
-1580
841
56
-2942
567
-3596
-6531
603
-9018
-10880
-746
-8021
-6926
-1190
-3930
-1497
-1177
-3180
-45
-922
-2766
357
-785
-2233
696
-877
-2184
570
-715
-2385
464
-427
-3702
141
-637
-7438
-3266
-1731
-8987
-8199
-1201
-6729
-8184
-1085
-2704
-5182
-149
-290
-2686
-134
218
-1968
-351
407
-1020
150
352
-805
622
342
-1162
896
-556
-2635
937
-4501
-6658
1324
-8330
-10112
176
-7470
-6489
-577
-4469
-1995
-706
-3819
-468
-694
-3348
531
-748
-2769
826
-822
-2534
516
-685
-2398
256
-745
-3770
3
-1091
-7838
-3494
-1818
-9224
-8793
-1714
-5778
-7429
-862
-1489
-3949
-40
103
-2484
-119
613
-1795
-153
773
-778
293
73
-876
704
-620
-1962
710
-2020
-3936
742
-5031
-7400
55
-7556
-8156
-409
-7535
-5874
-883
-4621
-2469
-1201
-3558
-508
-940
-3078
681
-924
-2209
1028
-1069
-1916
651
-798
-2603
95
-738
-5281
-947
-1213
-8465
-4516
-1874
-7318
-7527
-2387
-4669
-5975
-1232
-2180
-3788
29
-824
-2760
-444
-310
-1842
-256
438
-686
496
500
-684
861
-203
-1791
757
-3304
-3311
602
-7228
-8936
-159
-10836
-10748
-1360
-6368
-3735
-1291
-3533
118
-1364
-2642
1034
-612
-1645
1361
-610
-1380
818
-563
-1593
291
-431
-2274
-73
-662
-5299
-836
-1309
-8852
-4053
-1899
-9732
-6792
-1590
-6036
-5218
-1247
-2924
-3609
-434
-1208
-2670
-197
27
-1794
-32
696
-1135
688
791
-1127
1052
385
-1756
932
-888
-3495
146
-6005
-7494
64
-9617
-9658
-1330
-7277
-5166
-1645
-3960
-1234
-1460
-3365
-277
-1223
-2828
288
-1064
-1569
1197
-675
-1594
1179
-852
-2409
410
-1138
-4478
143
-860
-8446
-3342
-1626
-9013
-7854
-1491
-5436
-5732
-646
-2700
-3706
-405
-1532
-2678
-492
-446
-1781
-110
429
-991
706
323
-1038
1059
194
-1606
662
-744
-3427
-30
-4982
-7797
-115
-9438
-9942
-657
-6216
-5444
-1936
-3920
-1413
-1216
-3180
-86
-254
-2011
288
-510
-1614
603
-851
-1711
759
-624
-1950
480
-534
-4020
-604
-1111
-7806
-4358
-1750
-7971
-8136
-1424
-5686
-6398
-835
-2340
-4030
-665
-1502
-2720
-683
-1045
-1993
-534
-327
-1330
-51
-211
-1130
551
-461
-1512
833
-536
-2666
536
-2926
-5262
829
-7835
-8496
-1
-8494
-6867
-541
-4587
-2495
-969
-3933
-1007
-705
-3333
-184
-423
-2382
1020
-680
-2090
1557
-792
-2583
537
-896
-3328
66
-860
-6563
-1573
-1329
-8388
-6154
-1721
-7016
-7746
-1456
-3486
-5405
-552
-1278
-3267
-414
-287
-2361
-386
379
-1420
-30
532
-772
570
239
-1190
997
-719
-2641
744
-4820
-6906
458
-9257
-9249
-387
-7938
-5429
-795
-4521
-2071
-1145
-3409
-406
-804
-2372
562
-936
-1327
1116
-1225
-975
772
-1129
-2085
770
-624
-5032
-165
-992
-9422
-4707
-1809
-9159
-7827
-1547
-5297
-5831
-1181
-2212
-3497
-196
-725
-2254
-173
-12
-1592
-73
441
-1110
529
123
-1106
947
-484
-1826
705
-1165
-3011
704
-4944
-6930
540
-10612
-10144
-417
-8443
-5733
-1154
-4248
-1528
-1179
-3330
-169
-717
-2407
859
-722
-1458
1115
-943
-1441
843
-719
-1922
515
-467
-3437
-19
-791
-7395
-1754
-1415
-9894
-6134
-1950
-8572
-6431
-1570
-4305
-4550
-669
-1565
-3008
-204
-460
-2162
-233
440
-1468
122
805
-1000
808
190
-1213
891
-417
-1684
396
-1035
-2653
104
-5907
-7178
43
-11702
-11000
-819
-8047
-5429
-1394
-3746
-1668
-1418
-3038
-449
-811
-2028
903
-687
-1444
1369
-742
-1360
999
-490
-1518
901
-351
-2250
309
-633
-4447
-42
-2944
-9683
-3808
-1788
-10331
-8691
-1766
-6161
-5241
-869
-2625
-3349
-769
-1500
-2551
-556
-414
-1716
-289
322
-871
475
436
-888
701
351
-1372
481
42
-2231
335
-3061
-5261
136
-9717
-10875
-191
-10134
-8651
-1362
-4004
-2257
-1719
-2217
-96
-738
-1607
524
-170
-1601
395
-838
-1741
155
-982
-1816
181
-476
-2501
-197
-703
-5462
-1967
-1759
-8366
-5640
-2121
-7706
-6074
-1324
-5308
-4528
-603
-2721
-3059
-678
-1308
-1860
-145
-295
-1315
476
544
-1190
759
366
-1637
1006
-1047
-2662
399
-2241
-3737
-90
-6890
-6592
-362
-9689
-7518
-1577
-5629
-3716
-1680
-3725
-1178
-1116
-3120
-530
-627
-1736
588
-779
-1273
612
-1073
-2095
-303
-896
-2626
-434
-665
-5159
-2517
-1549
-6660
-5680
-1783
-6836
-6258
-1025
-4913
-3435
-1309
-3231
-2487
-1212
-2286
-1771
-344
-577
-1053
30
111
-969
280
436
-1522
573
329
-2361
502
-3029
-6059
284
-7895
-9701
-394
-7685
-6625
-1108
-5057
-2035
-1240
-4321
-841
-872
-2841
-91
-924
-1652
973
-749
-1428
1292
-598
-1762
1072
-553
-4321
136
-720
-8354
-4052
-1259
-8776
-9225
-1780
-6085
-7348
-1103
-2197
-4187
-418
-602
-2059
-467
-324
-1351
-410
321
-1067
110
223
-1120
746
201
-1222
880
355
-2202
950
-2667
-6012
925
-10476
-12174
871
-9446
-8057
-289
-4202
-1987
-811
-3066
-518
-921
-1862
325
-659
-1698
777
-500
-2262
466
-651
-2268
466
-582
-3444
356
-662
-6256
-1155
-1373
-8777
-4461
-2083
-8143
-5954
-2075
-4952
-5078
-892
-1970
-3359
-522
-465
-2412
-408
429
-1620
-88
992
-1108
852
739
-1309
940
546
-2282
819
-2165
-4999
794
-8656
-10439
546
-9879
-8278
-582
-5370
-2632
-1124
-4074
-122
-937
-3963
411
-1114
-2855
444
-1299
-1727
726
-924
-1207
645
-727
-2183
333
-692
-6142
-1229
-1296
-9216
-5696
-1682
-9244
-7381
-1111
-4947
-5271
-344
-1339
-3199
5
-161
-2149
94
215
-1705
289
776
-899
746
618
-892
980
74
-2025
396
-2112
-4364
404
-6970
-9128
-66
-10301
-9478
-1135
-6109
-4327
-1017
-3537
-1093
-828
-3313
271
-813
-2607
875
-910
-1836
1197
-906
-1754
742
-655
-2200
244
-601
-3857
-163
-646
-8383
-3653
-1605
-9475
-8753
-2010
-5918
-6895
-534
-2173
-3646
-245
-791
-2441
-559
40
-1747
-155
923
-1258
989
959
-1809
1224
-183
-2098
574
-2138
-4065
279
-6773
-6330
917
-9930
-6632
760
-6170
-3220
-771
-4043
-1242
-1196
-3902
-1154
-691
-2909
-198
-841
-2216
706
-1060
-1866
585
-1293
-2118
130
-1190
-3237
169
-947
-7698
-2096
-2359
-9961
-5956
-2807
-7265
-5358
-1987
-3136
-3379
-1361
-1322
-2178
-350
-576
-2110
-638
415
-2096
-239
285
-1535
640
-252
-2142
670
-1696
-2666
-231
-6144
-5731
-1140
-9623
-7974
-1750
-7269
-4672
-1526
-3503
-846
-1300
-2715
128
-886
-2156
760
-929
-1733
833
-867
-1892
434
-751
-2861
22
-910
-5110
-848
-1496
-7307
-4166
-2512
-7770
-6237
-2514
-5231
-5183
-1729
-2155
-3047
-1235
-1524
-2009
-1282
-920
-1213
-822
-72
-801
97
-46
-799
548
-415
-1663
392
-1477
-3055
161
-5101
-5414
-707
-9709
-8859
-1713
-8196
-6167
-1543
-3542
-2085
-1631
-2984
-615
-1102
-2216
146
-933
-1244
603
-812
-1116
776
-468
-1241
791
-337
-2636
1257
-485
-8031
-1323
-1870
-10939
-6163
-2067
-8622
-6567
-1993
-4055
-4302
-1391
-1689
-2631
-877
-878
-1982
-1023
323
-1488
-784
637
-618
478
418
-639
839
-243
-1738
654
-2307
-4246
-68
-8032
-9345
-414
-10036
-8299
-1616
-4947
-2846
-1576
-3312
-352
-926
-3232
464
-645
-2384
992
-714
-1769
1108
-594
-2122
982
-346
-2931
365
-511
-5702
-747
-1022
-9093
-4253
-1674
-8827
-7045
-1996
-5484
-5501
-999
-1747
-3208
-588
-820
-2314
-777
-417
-1630
-471
595
-1171
95
659
-1456
476
187
-2125
468
-1114
-3441
392
-5828
-6957
-347
-10321
-8812
-1258
-7185
-4360
-1184
-4150
-969
-1222
-3435
-135
-930
-2203
501
-835
-1679
715
-659
-1756
433
-550
-1994
227
-414
-4355
-2376
-446
-8325
-3908
-1350
-9276
-8407
-1254
-5446
-6165
-525
-1660
-2951
-297
-814
-1779
-621
-546
-1509
-611
190
-1114
164
-121
-1507
574
-600
-1951
662
-873
-2756
654
-4441
-5569
50
-8700
-8731
-1138
-8057
-6715
-1147
-4087
-2697
-1288
-2994
-1082
-993
-2158
-264
-888
-1130
547
-717
-717
949
-392
-1693
325
-301
-3710
-567
-523
-8364
-3101
-1419
-9260
-7242
-1755
-6227
-6518
-1376
-3101
-4477
-690
-1289
-2847
-852
-820
-2069
-831
-205
-1347
-379
318
-1018
386
164
-1340
492
-221
-2317
527
-1369
-3935
736
-6032
-8634
695
-10571
-9805
33
-5936
-4043
-581
-3018
-878
-688
-3059
-236
-285
-2672
340
-422
-1748
878
-453
-1459
708
-445
-2138
336
-429
-5458
-484
-871
-9557
-5722
-1969
-8307
-7976
-1953
-4526
-5995
-1419
-1936
-3908
-672
-952
-2644
-741
-753
-1830
-584
-365
-1516
-68
-295
-1312
673
-211
-1217
869
-226
-2376
829
-4311
-5162
199
-9516
-9031
-896
-9017
-6021
-728
-4100
-1305
-940
-3638
-177
-600
-2993
358
-841
-2112
862
-847
-1785
896
-568
-2179
520
-727
-3983
163
-1057
-8245
-3204
-1615
-9463
-7782
-1274
-6083
-6091
-1053
-2670
-3854
-424
-1093
-2398
-574
-652
-1906
-361
137
-1068
550
257
-883
893
406
-1332
590
-1215
-2633
198
-6723
-7818
-352
-10755
-9746
-1740
-6615
-4513
-1816
-2742
-577
-1179
-2696
523
-906
-2354
539
-1085
-1532
603
-741
-1256
623
-344
-1418
477
-551
-2963
232
-859
-8471
-2997
-1805
-9806
-8415
-1902
-6541
-5813
-586
-2289
-3177
-590
-1339
-2289
-932
-511
-1638
-494
350
-1111
409
260
-1115
687
-50
-1583
467
-1220
-3447
-97
-7900
-9405
-530
-9854
-9773
-1728
-4094
-3609
-1833
-2323
-856
-1238
-2089
-573
-950
-1159
107
-932
-687
754
-764
-1149
462
-693
-1615
-219
-792
-4323
-1544
-1333
-8272
-5694
-1916
-9250
-7271
-1833
-6312
-5324
-1459
-2753
-3047
-894
-1369
-2030
-601
-67
-1422
-233
889
-1445
356
1211
-1474
864
460
-1634
987
-916
-2964
434
-6476
-7473
-213
-11705
-10227
-1131
-5455
-3928
-1738
-2456
-925
-1390
-2995
-1092
-603
-1806
-402
-598
-1807
28
-718
-2169
361
-696
-2375
421
-644
-2973
107
-844
-6254
-1062
-1680
-9287
-5229
-2445
-7348
-8112
-2245
-4324
-4219
-1465
-2726
-3278
-1227
-1603
-2438
-1052
-499
-1556
-496
58
-1119
78
82
-1240
327
-250
-1685
375
-815
-2759
-36
-2948
-6034
176
-9680
-10106
371
-10142
-6177
-772
-4574
-1007
-1145
-3231
-33
-529
-2420
159
-329
-1839
693
-525
-1529
766
-539
-1749
466
-441
-2784
-181
-753
-6481
-1883
-1648
-8923
-6256
-1876
-6716
-6252
-1497
-3766
-4274
-1175
-2052
-2735
-1262
-1396
-2056
-1095
-905
-1477
-729
-852
-1296
-214
-1084
-1326
-35
-1117
-1786
263
-2036
-3174
506
-4258
-5777
-314
-7792
-7336
-108
-7286
-4641
-321
-4813
-1595
-645
-3855
-924
-585
-2790
-157
-549
-2064
664
-674
-1876
672
-1031
-2001
809
-845
-4605
180
-651
-8319
-3302
-1464
-8193
-5944
-1691
-6375
-5500
-1155
-3159
-4047
-744
-1611
-2505
-624
-775
-1882
-431
110
-1330
-175
312
-727
313
103
-822
71
-778
-2216
98
-4226
-5257
412
-9780
-9693
-636
-8862
-7002
-1139
-3971
-2063
-1107
-2650
-620
-769
-2029
181
-602
-1061
889
-725
-1125
957
-703
-1901
671
-547
-3124
472
-657
-7161
-1112
-1036
-9480
-5484
-1365
-8698
-6827
-1083
-4493
-4814
-609
-1822
-2942
-511
-882
-2352
-825
232
-1806
-772
698
-1118
-80
469
-1090
397
-102
-1552
579
-1917
-3262
561
-7414
-7908
311
-10365
-9474
-1129
-5438
-3250
-1400
-3929
-855
-1090
-3540
-713
-742
-2327
70
-519
-1762
578
-544
-1787
523
-546
-1923
341
-428
-2365
-30
-675
-5228
-876
-1133
-9025
-5372
-1240
-8413
-7194
-1282
-5057
-4975
-860
-2467
-3145
-1150
-2096
-2499
-1114
-1232
-1649
-766
-570
-1133
-344
-362
-811
-68
-541
-1243
-78
-426
-1607
371
-1189
-2974
572
-5458
-6568
716
-10205
-9478
-826
-6425
-5373
-1500
-3346
-2010
-1183
-3668
-1428
-740
-3240
-974
-775
-2241
66
-731
-1404
702
-689
-1062
624
-680
-1597
411
-511
-3711
-367
-968
-7526
-3409
-1758
-8018
-5808
-1899
-6909
-5099
-1671
-4267
-4035
-1300
-2781
-2871
-1158
-1668
-2261
-861
-604
-1586
-330
47
-1303
-149
338
-1233
25
-116
-1973
415
-2706
-3895
283
-7461
-8134
-506
-8363
-7323
-1024
-4548
-2923
-1260
-3997
-1826
-1039
-3529
-799
-777
-2305
464
-808
-2247
693
-693
-2097
345
-716
-2005
139
-726
-3286
-522
-887
-6878
-2526
-1573
-8086
-7019
-2293
-6240
-5824
-1892
-3804
-6168
-956
-2114
-2917
-1049
-1438
-2212
-863
-506
-1407
-152
-156
-1220
286
-184
-1294
221
-566
-1760
261
-2498
-3154
10
-5766
-7211
-519
-8244
-7717
-1039
-5959
-4347
-1263
-4402
-2403
-1334
-4007
-1487
-962
-2354
-69
-889
-1469
749
-850
-1320
834
-821
-1873
289
-831
-3549
-271
-988
-7690
-2387
-1727
-8761
-6274
-2054
-6868
-5054
-1655
-4537
-4523
-1005
-2400
-3211
-581
-1128
-2110
-256
-178
-1458
44
326
-1009
630
464
-905
784
86
-1442
407
-2687
-3638
-431
-6917
-8296
-789
-8817
-8228
-1471
-5915
-4421
-1677
-3412
-1905
-1359
-3080
-822
-841
-2386
563
-664
-2049
1540
-740
-1911
1049
-984
-1876
573
-765
-3427
-197
-1019
-7615
-3463
-1935
-8863
-6821
-1569
-6820
-5548
-1444
-4156
-4311
-885
-2624
-3190
-488
-935
-2085
153
204
-1297
821
605
-1327
1160
976
-1478
1162
342
-2289
391
-3459
-5330
200
-8212
-8413
-1457
-9131
-6620
-1882
-6166
-2803
-1593
-4326
-1178
-1228
-2762
-589
-957
-1526
418
-905
-784
1103
-788
-1189
674
-779
-3376
-433
-977
-7429
-3199
-1577
-8298
-6509
-1715
-6932
-6021
-1268
-3481
-4790
-763
-1719
-3249
-494
-733
-2296
-133
164
-1506
-16
355
-946
393
224
-1157
662
-959
-2606
311
-4131
-5477
466
-6810
-6788
-308
-7573
-5417
-932
-6070
-3331
-1159
-4831
-2002
-815
-3903
-842
-694
-2797
8
-796
-2044
46
-924
-1830
-324
-1315
-2364
-498
-1177
-3445
-649
-858
-7154
-2971
-1570
-8221
-6095
-1392
-5705
-4682
-1388
-2416
-3647
-937
-1179
-2380
-730
-698
-2012
-804
-230
-1610
-210
-255
-1693
349
-598
-1996
569
-1144
-2573
504
-4152
-4910
555
-7788
-8678
12
-7516
-6819
-854
-4338
-2875
-1053
-2928
-1171
-1045
-2231
-695
-1050
-1799
-2384
-1135
-1801
-46
-826
-1706
202
-525
-1479
-569
-709
-3786
-1808
-836
-8294
-6992
-1175
-8471
-8938
-1288
-5097
-5576
-719
-2164
-2946
-552
-1453
-1893
-467
-504
-1234
-303
311
-888
-95
-127
-746
213
-428
-951
208
-1206
-2775
-200
-5171
-6855
-448
-7511
-9608
-1178
-5819
-5960
-801
-3045
-2043
-939
-2756
-818
-881
-2447
-404
-816
-1939
426
-659
-2350
678
-805
-3004
315
-976
-4016
38
-1009
-6593
-1677
-1712
-8238
-5329
-2049
-7441
-6226
-1684
-4533
-5086
-851
-2215
-3698
-664
-1304
-2563
-732
-547
-1604
-418
351
-1014
111
268
-756
439
-409
-1412
94
-1991
-3162
-196
-6082
-7176
-440
-9667
-8388
-977
-6406
-4027
-1302
-3571
-1373
-1351
-2869
-523
-957
-2171
126
-899
-1548
458
-890
-1516
606
-632
-1855
515
-510
-3176
369
-649
-8117
-1653
-1480
-10169
-7037
-1899
-7396
-6005
-1105
-3444
-3711
-637
-1666
-2676
-399
-816
-1972
-272
12
-1432
-54
432
-1061
539
52
-1266
732
-767
-2340
-16
-2666
-3933
-224
-6874
-7141
-682
-9359
-7783
-1526
-5876
-3702
-1533
-3716
-1547
-1328
-3050
-859
-914
-2132
-50
-890
-1508
711
-795
-1685
721
-619
-2560
242
-539
-4578
-584
-937
-7966
-2970
-1552
-8447
-6451
-1750
-6294
-5514
-1393
-3446
-3795
-776
-1748
-2608
-646
-864
-1804
-549
-93
-1218
-278
303
-1001
497
379
-1413
558
-336
-2417
478
-3271
-4655
241
-8030
-8085
-775
-9489
-6899
-1176
-5274
-2840
-1423
-3734
-1520
-883
-2648
-733
-548
-1585
356
-536
-905
1042
-452
-1220
716
-583
-2761
-148
-583
-7431
-2654
-1336
-9165
-7590
-1920
-6798
-6369
-1216
-2671
-4303
-893
-1078
-2510
-673
-858
-1874
-239
-69
-861
-306
-182
-555
-254
-597
-1182
-28
-838
-2695
63
-1453
-4692
626
-5030
-8396
1541
-8580
-9431
38
-5797
-4457
-730
-4540
-1548
-42
-3735
-470
107
-2827
473
-472
-2043
1053
-641
-1783
425
-570
-1928
-97
-639
-3919
-739
-967
-8082
-3924
-1851
-8818
-7737
-2308
-7952
-7229
-1686
-2487
-4199
-628
-824
-2682
-788
-465
-1805
-389
213
-1250
34
547
-1162
642
247
-1377
798
-354
-2649
173
-4307
-6140
333
-10583
-10221
-655
-8465
-5626
-1039
-4355
-641
-549
-4019
231
-702
-2694
877
-698
-1518
1092
-630
-1444
805
-633
-3544
460
-646
-3023
97
-938
-6809
-2073
-1937
-9304
-5977
-2129
-7944
-6402
-1853
-4485
-4244
-1304
-2592
-2587
-632
-1179
-1716
-369
-83
-985
71
589
-805
764
566
-1099
907
483
-1911
594
-3840
-4271
20
-8057
-9660
-428
-10541
-9364
-1310
-5306
-3425
-2044
-3724
-962
-1180
-2856
-131
-561
-1902
777
-1063
-1450
945
-964
-1433
924
-465
-2863
205
-534
-4339
-235
-1204
-8765
-3764
-1944
-9203
-7369
-1910
-5991
-4990
-733
-2562
-2864
-94
-1064
-2357
-305
-2200
-1579
209
744
-837
822
820
-1015
902
728
-1635
527
-1384
-3508
24
-7853
-9152
51
-10722
-9386
-1349
-5656
-3235
-1809
-3126
-903
-1361
-2595
-376
-894
-1771
394
-776
-1800
354
-604
-1899
32
-509
-2100
-71
-628
-4934
-2928
-1043
-8737
-4416
-2035
-8958
-7235
-1895
-4916
-5999
-788
-2084
-3005
-548
-923
-2148
-209
-45
-1700
381
485
-1271
1083
729
-1483
1069
199
-1818
418
-1895
-3388
-242
-7317
-7534
-23
-10310
-7633
-801
-5391
-3264
-1270
-3079
-1380
-966
-3000
-1056
-578
-2016
-74
-504
-1395
881
-620
-1849
412
-671
-3080
-199
-648
-4900
-834
-853
-8014
-4120
-1880
-7602
-7021
-2135
-5172
-5801
-1275
-2890
-3303
-942
-1888
-2081
-910
-1134
-1125
-390
-194
-725
315
-45
-788
439
-51
-1119
631
-1176
-2751
410
-6069
-7144
129
-10207
-8866
-948
-6728
-4415
-1194
-3625
-1115
-1197
-3453
-692
-896
-2477
-120
-754
-1740
410
-470
-1650
244
-425
-1846
47
-537
-2811
-351
-698
-5797
-1912
-1314
-8483
-5740
-1681
-7090
-5704
-1493
-4147
-4135
-1039
-2363
-2840
-924
-1717
-2207
-975
-763
-1509
-647
-409
-985
23
-895
-1288
94
-1340
-1930
145
-1789
-2370
278
-4661
-5032
-140
-7938
-7536
-779
-6609
-5292
-1056
-3495
-2387
-1227
-3348
-1302
-1015
-3033
-742
-898
-2286
125
-851
-2307
156
-773
-2536
-412
-668
-2852
-325
-698
-5035
-1063
-1101
-7332
-3366
-1544
-7312
-4769
-1757
-5949
-4315
-1451
-4315
-3895
-1007
-2613
-3011
-691
-1444
-2015
-384
-582
-1452
-242
-105
-1007
52
46
-907
-116
-254
-1223
-14
-1832
-2760
152
-5522
-6597
-142
-9441
-8991
-473
-7261
-5360
-783
-3990
-2172
-1209
-3425
-1442
-1016
-2685
-645
-833
-2112
213
-906
-2048
448
-973
-1826
561
-823
-1877
577
-655
-2427
128
-829
-5641
-543
-1393
-9039
-4090
-2122
-8863
-6178
-2076
-5910
-4804
-1284
-3391
-3484
-1011
-2241
-2511
-946
-1224
-1704
-647
-114
-1058
-24
209
-841
171
-96
-954
152
-465
-1507
228
-1329
-3040
230
-5412
-6754
-133
-9978
-9055
-1135
-7642
-5718
-1307
-3946
-2416
-1530
-3179
-1231
-901
-2185
67
-668
-1536
896
-703
-1619
967
-721
-1903
634
-625
-3106
226
-820
-6332
-1255
-1623
-8752
-4926
-2167
-7952
-5987
-1711
-4970
-4746
-840
-2268
-3250
-701
-980
-2195
-593
29
-1376
-86
668
-903
349
469
-1127
385
-152
-1769
586
-2985
-3988
-231
-7949
-8127
-897
-9923
-7588
-1303
-5064
-3132
-1735
-3396
-1352
-1343
-2988
-803
-909
-1821
309
-734
-1216
874
-608
-1549
483
-571
-1785
262
-482
-3288
-319
-794
-7568
-3216
-1925
-9298
-7759
-2513
-6633
-6134
-1188
-3118
-3426
-1048
-2301
-2292
-1071
-1292
-1558
-649
257
-733
34
-156
-1110
262
-787
-1880
315
-792
-1917
586
-2732
-3362
-28
-6295
-6371
-873
-8980
-7226
-1220
-6474
-4192
-1733
-4544
-1915
-1131
-3733
-936
-599
-2421
118
-691
-1195
685
-677
-513
858
-627
-983
745
-458
-3188
114
-754
-7649
-3239
-1961
-9545
-7705
-2038
-7393
-6794
-1109
-3322
-4123
-1000
-1923
-2586
-1149
-3352
-1981
-838
-492
-1320
-316
-363
-709
-397
-499
-251
-765
-724
12
-643
-1179
116
-527
-4627
-1141
-1700
-9898
-6523
-2833
-10835
-8970
-1653
-4891
-4706
-892
-2026
-3041
-722
-1326
-2676
-801
-3432
-2026
-1080
-1880
-1671
-726
-2849
-1729
-844
-3376
-1913
-1278
-3228
-1567
-1279
-3282
-1389
-1210
-3786
-1532
-1450
-4717
-2012
-1552
-5006
-2222
-1563
-4648
-2060
-1470
-3816
-1976
-1369
-2929
-1711
-1196
-2633
-1465
-1082
-2818
-1400
-1041
-3652
-1702
-1145
-4188
-1776
-1156
-4366
-1485
-1086
-4447
-1373
-1154
-4332
-1277
-1249
-4031
-1141
-1348
-3798
-1036
-1488
-3728
-1033
-1627
-3780
-1149
-1610
-4107
-1335
-1506
-4325
-1570
-1487
-3946
-1593
-1427
-3339
-1502
-1440
-3011
-1569
-1621
-3087
-1666
-1785
-3465
-1589
-1755
-3627
-1445
-1636
-3573
-1331
-1599
-3575
-1436
-1649
-3528
-1673
-1838
-3492
-1758
-1914
-3467
-1721
-1874
-3502
-1708
-1858
-3489
-1666
-1853
-3459
-1645
-1814
-3484
-1668
-1796
-3468
-1671
-1811
-3503
-1710
-1810
-3464
-1736
-1835
-3424
-1751
-1844
-3481
-1775
-1835
-3488
-1767
-1887
