2085
-1709
-3139
2038
-1702
-3066
2087
-1769
-3028
2059
-1822
-2879
1953
-1858
-2757
2309
-2089
-2911
2415
-2126
-2890
2428
-2134
-2959
2407
-2109
-2947
2304
-2034
-2873
2240
-2018
-2809
2261
-2074
-2795
2234
-2121
-2758
2178
-2139
-2709
2151
-2139
-2689
2179
-2133
-2702
2233
-2146
-2751
2256
-2136
-2788
2230
-2151
-2787
2175
-2135
-2769
2182
-2154
-2742
2218
-2181
-2711
2229
-2168
-2701
2207
-2142
-2679
2178
-2158
-2690
2202
-2170
-2720
2234
-2156
-2744
2233
-2160
-2766
2233
-2162
-2748
2222
-2150
-2735
2199
-2143
-2711
2204
-2156
-2700
2213
-2164
-2688
2204
-2174
-2687
2202
-2207
-2722
2165
-2179
-2700
2160
-2134
-2715
2211
-2162
-2734
2233
-2167
-2720
2202
-2152
-2706
2200
-2162
-2700
2198
-2183
-2710
2179
-2169
-2723
2199
-2142
-2712
2181
-2098
-2681
2205
-2054
-2720
2185
-1956
-2701
2257
-1825
-2658
2466
-1737
-2735
2532
-1775
-2785
2395
-1886
-2724
2258
-1940
-2664
2188
-1978
-2621
2166
-2162
-2651
1997
-2475
-2624
1673
-2527
-2522
1309
-2578
-2413
1545
-3127
-2700
2270
-3944
-3259
2467
-3680
-3242
2543
-3368
-3475
2804
-3149
-3335
2571
-1678
-2973
2716
-270
-3088
2953
490
-2982
2697
1384
-1990
2752
1787
-1546
3903
117
-2470
6460
-4197
-4537
6898
-6941
-4854
5039
-5963
-4065
3030
-4218
-2799
1396
-2726
-1583
445
-2111
-587
-269
-1874
211
-162
-1830
6
265
-2554
-632
2085
-3016
-2422
4698
-3235
-4142
7085
-2792
-5980
5361
-1361
-4378
2640
1309
-2267
1316
2675
-1340
1200
2472
-1275
1336
1824
-994
2171
718
-1370
5235
-934
-4004
8380
-4036
-5919
7208
-4381
-5179
3747
-2889
-3223
1537
-2028
-3824
146
-1840
-399
-504
-2031
278
-146
-2166
118
843
-2888
-1021
3466
-3371
-3411
5999
-3477
-5302
7421
-3092
-6491
4142
-982
-3753
2013
1156
-2175
1364
1819
-1009
967
1952
-328
925
1701
-570
1256
1036
-1239
3269
-130
-3002
6672
-1831
-6246
8185
-3514
-6798
5733
-3073
-4963
2907
-1959
-3422
1479
-1594
-1924
599
-1964
-591
-195
-1972
44
154
-2136
143
1168
-2707
-688
4212
-2804
-3113
6633
-2558
-5027
7584
-2196
-6253
4200
-877
-3663
1504
947
-1577
871
1604
-919
980
1737
-631
1165
1822
-308
1618
1119
-1182
4704
-102
-3517
8231
-3012
-6220
7235
-3808
-5526
4268
-2605
-3928
2432
-2022
-2545
1772
-1666
-1709
1690
-1532
-1353
913
-1253
-571
419
-1404
-91
709
-2258
-396
2065
-3417
-2076
5566
-4718
-4137
7616
-3818
-5920
5703
-1830
-4455
3176
337
-2576
2177
1488
-1592
1216
1795
-802
731
1964
-451
841
1778
-406
1385
1193
-1146
5058
64
-3613
9287
-3382
-6258
8271
-4136
-5661
4826
-3505
-3851
2495
-2691
-2322
1561
-2072
-1409
1001
-1785
-633
687
-1469
-351
761
-1411
-222
1032
-1743
-677
2556
-2053
-2091
5862
-3034
-4037
7885
-2786
-5216
5907
-3640
-4435
3074
91
-2952
1950
1227
-2156
892
1708
-1384
625
1854
-1031
840
1593
-718
1506
1548
-1034
5718
781
-3932
9474
-2475
-5764
7863
-3073
-4983
4731
-2498
-3251
2359
-1962
-1712
1227
-1583
-1009
614
-1587
-451
408
-1702
-367
380
-1802
-616
656
-1977
-1414
3224
-2279
-3287
7092
-2628
-5370
8571
-1770
-6047
4701
-272
-3709
2413
982
-2318
1673
1405
-1733
548
1541
-986
114
1313
-644
399
1081
-540
2968
1460
-2008
8448
-500
-5606
9446
-2313
-5664
6557
-2029
-4562
3298
-2024
-2681
1469
-1873
-1353
515
-1824
-521
32
-1797
-224
32
-1765
-431
243
-1749
-702
1818
-1758
-2058
5478
-2699
-4038
8797
-2533
-6108
6995
-1131
-5433
3455
288
-3559
1897
1087
-2223
925
1323
-1100
10
1551
-235
78
1563
-242
755
1069
-913
3154
324
-2215
8033
-1348
-5630
9119
-2792
-6378
6640
-2599
-5058
3705
-2234
-3439
1836
-1967
-2257
916
-1729
-1261
314
-1387
-517
149
-1183
-302
490
-1414
-307
1708
-3896
-1343
4933
-2647
-3266
7666
-2668
-4853
7705
-2092
-5362
4315
-507
-3713
2260
801
-3077
1402
1131
-2043
449
1414
-402
544
1533
33
647
1270
-464
2062
796
-1537
7082
-631
-5130
8658
-3157
-6438
7155
-2971
-5291
4064
-2302
-3486
2441
-1818
-2022
1423
-1503
-1307
614
-1297
-754
261
-1431
-558
467
-1708
-569
859
-1851
-952
3027
-2332
-2369
7012
-3100
-4577
8793
-2491
-6175
5163
-729
-3948
2748
649
-2467
1999
1144
-1651
719
1370
-443
-10
1647
-24
300
1422
-499
1671
724
-1598
4662
271
-3704
7972
-2027
-6625
8271
-3020
-6268
5688
-2711
-5041
2988
-2428
-3194
1431
-1817
-1988
698
-1449
-1019
196
-1372
-193
-65
-1183
325
209
-1477
14
1768
-1826
-1348
5954
-2706
-4170
8626
-2681
-6260
6432
-1390
-5496
3188
138
-3913
2358
857
-2724
1422
1046
-1434
412
1219
-457
112
1232
138
487
1065
-243
3046
1222
-1786
8329
-191
-5174
9469
-2094
-5887
7223
-2312
-4987
3825
-2056
-3023
1862
-1710
-1842
1059
-1688
-1104
355
-1630
-398
-55
-1544
-50
-34
-1672
-130
844
-1814
-1161
4793
-2572
-3433
8982
-2988
-5793
7674
-1524
-5037
3818
348
-3065
2393
1376
-2123
1551
1714
-1389
371
2060
-679
364
1824
-707
1175
1131
-863
3454
761
-1899
8744
-503
-4939
10450
-3083
-5503
7239
-2741
-4178
3405
-1867
-2506
1819
-1576
-1838
717
-1467
-905
-25
-1382
-349
-152
-1595
-305
361
-1878
-378
1938
-2090
-1642
4895
-1957
-3427
7247
-1455
-4458
8267
-889
-6239
4338
56
-4132
2071
1103
-2246
1314
1428
-1022
356
1550
-71
772
1413
-471
949
1419
-561
2236
1450
-1043
6935
1282
-4120
10542
-2038
-7094
8498
-2779
-5635
4318
-2016
-3850
2202
-1657
-2486
1510
-1378
-1761
652
-1295
-892
219
-1366
-284
345
-1562
-113
952
-1820
-261
1783
-2114
-1135
5169
-2671
-2423
8568
-2428
-4221
8985
-1630
-5154
5256
-392
-3532
2910
833
-2410
2058
1245
-1903
803
1400
-944
405
1438
-526
436
1248
-523
1422
1055
-819
5631
890
-3090
10198
-1889
-5599
8969
-3039
-5165
4823
-2460
-3341
2390
-1979
-2204
1348
-1696
-1614
583
-1447
-766
205
-1340
-215
558
-1633
-272
1125
-2104
-415
2539
-2360
-1550
5818
-3050
-3036
8549
-3071
-4514
7680
-2077
-4627
4172
-285
-3295
2452
875
-2498
1384
1363
-1457
738
1550
-757
542
1396
-689
914
1104
-666
2150
1367
-1017
6253
1387
-3081
10228
-1042
-5087
9204
-2142
-4709
5891
-1801
-3232
3320
-1512
-2050
1669
-1642
-1467
625
-1625
-861
-5
-1563
-418
5
-1736
-235
390
-1743
-526
1335
-1912
-1540
4530
-2470
-3023
8685
-2400
-4928
9398
-1108
-5395
5741
574
-3626
3290
1421
-2500
1871
1553
-1771
416
1523
-823
-494
1470
-52
-129
1324
-257
1459
1278
-958
6820
1549
-3258
11343
-1047
-5606
9791
-2576
-4813
5905
-1968
-3211
3095
-1906
-2011
1079
-2127
-1063
-275
-2149
-227
-843
-2160
4
-645
-2160
-228
72
-2185
-849
3004
-2768
-2180
7668
-3609
-4469
10046
-2907
-5619
6856
-921
-4000
3643
867
-2219
2486
1297
-1538
1424
1627
-858
709
1989
-496
730
1906
-714
1235
1376
-763
3590
1414
-1501
10538
-1433
-5173
11670
-4143
-5701
6864
-3294
-4267
3042
-2603
-2410
1682
-2269
-1757
869
-2033
-1114
56
-1798
-439
-152
-1680
-384
-18
-1839
-173
554
-1925
-176
2648
-2391
-3280
7495
-3615
-3121
10749
-3310
-5157
8164
-1669
-4400
4248
220
-2975
2804
1202
-2571
1416
1507
-1735
-42
1530
-527
-203
1347
-246
408
1013
-406
1965
1119
-929
7237
814
-4107
10678
-2382
-5753
8745
-2679
-4802
5242
-2471
-3788
3112
-3008
-1820
1710
-2934
-903
674
-2242
-1135
110
-1835
-778
82
-1531
162
798
-1420
38
2613
-1641
-1000
6087
-2080
-1947
9742
-3013
-4701
8182
-2336
-4073
4062
-9
-2613
2849
1178
-2118
1685
1527
-1292
338
1731
-420
35
1523
-384
139
916
-557
1365
1087
-956
6573
882
-3697
11212
-2020
-6511
9702
-3113
-5392
5544
-2389
-3473
3070
-2106
-2258
1597
-1732
-1465
536
-1475
-606
-174
-1373
-1
-341
-1544
235
207
-1924
76
2081
-2086
-1181
6396
-3071
-2931
9411
-3074
-4627
8474
-2324
-4729
5046
-651
-3197
3175
733
-2250
2192
1369
-1684
854
1586
-1070
276
1578
-604
450
1378
-469
1011
1291
-772
4486
1598
-2254
9919
-361
-4609
10437
-2223
-5455
7232
-2055
-3888
4053
-1797
-2140
2052
-1886
-1295
810
-1942
-667
-133
-1677
-131
-407
-1730
-110
106
-1992
-460
1075
-2222
-1319
3857
-2611
-2753
7851
-2667
-4403
9275
-1553
-5149
6351
-205
-3915
3615
881
-2757
2267
1118
-1844
1066
1295
-1194
482
1465
-921
816
1254
-887
1427
1058
-970
4029
1268
-1882
9590
-380
-4660
10614
-2966
-5073
7325
-2688
-3775
3642
-2512
-2090
1699
-2212
-1189
772
-1982
-714
-11
-1809
-192
-289
-1787
-6
-201
-1855
-97
369
-1989
-634
3173
-2202
-2508
7665
-3018
-4256
10041
-2448
-5525
7338
-1060
-4763
4097
230
-3146
2348
653
-1715
1066
963
-620
274
1329
-183
-17
1415
-268
387
900
-624
2399
687
-1390
7930
-113
-4843
11271
-2510
-6202
8521
-2536
-4730
4483
-1831
-3161
2342
-1871
-1819
1249
-1719
-1016
148
-1696
-161
-417
-1594
242
-354
-1418
110
590
-1701
-438
2957
-2030
-2042
6560
-2845
-3359
8927
-2525
-4755
7664
-1732
-4546
4327
-390
-2927
3170
609
-2313
2260
1023
-3848
1224
1237
-1232
684
1096
-842
483
981
-657
687
911
-525
3283
1352
-1664
9304
-1290
-5696
10402
-3660
-6049
5866
-2888
-4182
3228
-2356
-2966
2275
-1891
-2190
1163
-1394
-1117
237
-1246
-229
-192
-1542
36
-15
-1879
95
947
-2276
-584
4261
-2712
-2469
7426
-3326
-4026
8636
-2983
-5157
5899
-1880
-3943
3323
-241
-2509
2239
696
-1577
1578
1085
-1223
1478
1283
-1188
1329
1551
-924
1314
1588
-738
2561
1565
-1151
7036
425
-3357
9752
-2882
-4638
8649
-3567
-4571
5279
-3351
-2995
2715
-2436
-1781
1558
-1843
-1116
683
-1564
-326
225
-1645
-33
32
-1803
-214
377
-2302
-554
2234
-2875
-1715
5603
-3454
-2780
8932
-3281
-4188
7861
-2250
-3701
4633
-566
-2369
3141
597
-1581
2104
1185
-1090
901
1641
-793
236
1898
-727
248
1695
-609
1282
1765
-685
8078
818
-3486
13139
-3592
-5493
9923
-4712
-3911
4294
-2710
-1829
2237
-2195
-1201
1275
-1919
-733
2
-1532
-91
-483
-1431
154
-81
-1709
-179
584
-2159
-940
2281
-2561
-2455
5899
-3502
-3999
8867
-3285
-5327
7233
-1691
-4130
4461
-152
-2659
3265
668
-1857
2009
1088
-1253
903
1380
-929
617
1441
-854
968
1248
-1004
1481
1023
-3160
4664
1076
-2749
10477
-1789
-5646
10245
-4074
-5237
5632
-3006
-3541
2399
-2388
-1927
1038
-2043
-1181
87
-1627
-510
-387
-1225
-168
-228
-1289
-250
362
-2031
-467
1472
-2532
-1223
4720
-3673
-2460
8633
-4366
-4241
9147
-3482
-5006
5500
-1497
-3328
4035
-143
-2629
3270
546
-2009
1861
1031
-1421
519
1294
-838
-290
1381
-372
-158
1153
-422
1097
1075
-704
5823
1149
-2891
10939
-1741
-5710
10667
-3012
-5836
6605
-2579
-4374
2911
-2262
-2338
1149
-1905
-1295
306
-1611
-753
-190
-1388
-33
-214
-1525
285
538
-1912
-98
1416
-2223
-967
3891
-2840
-2156
8193
-3666
-4118
9719
-2796
-4976
6389
-706
-3506
4126
536
-2575
3107
1051
-1984
1467
1566
-1151
163
1823
-433
-174
1705
-266
474
1019
-614
2379
487
-1276
7608
-617
-4461
10214
-3549
-5370
7742
-3117
-4270
4965
-2129
-3027
3268
-1871
-2187
1695
-1596
-1265
521
-1340
-400
-74
-1366
-91
-223
-1500
31
237
-1939
-158
2156
-1985
-1448
5752
-2394
-3230
9993
-2893
-5496
8686
-2199
-6028
3924
-677
-3992
2078
152
-2206
1222
536
-1114
160
995
-280
-193
1230
40
468
1036
-469
2021
1138
-1225
5737
1184
-3476
9374
-1451
-6030
9047
-2599
-5350
5358
-1950
-3706
2873
-1804
-2637
1451
-1654
-1700
204
-1473
-725
-481
-1188
-74
-304
-1253
-326
466
-2093
-856
2966
-2655
-2172
6162
-3230
-3757
8259
-2752
-5033
6812
-1678
-4424
4334
-211
-3069
2929
737
-2478
1423
1138
-1484
490
1475
-659
501
1548
-468
960
1333
-670
1935
1177
-1054
5705
1475
-2514
10294
-431
-4988
10354
-2858
-5139
6706
-2463
-3316
3477
-2147
-2067
1631
-2104
-1116
487
-1819
-228
128
-1667
-27
9
-1813
-207
12
-1995
-253
724
-2053
-1069
2988
-2286
-2558
7226
-3209
-5115
9365
-2277
-5783
5933
-283
-3939
3870
550
-3026
2861
843
-2213
1408
1107
-1248
718
1144
-777
608
1012
-912
547
858
-787
1620
892
-1123
6789
26
-4767
8793
-2704
-6337
6749
-2215
-5620
4716
-1987
-4453
3065
-1527
-2973
1812
-1250
-1806
1061
-1092
-1064
549
-1113
-605
65
-1343
-151
-174
-1625
105
536
-2139
-670
3719
-2972
-2407
8226
-3751
-5021
9193
-2756
-5827
6117
-1056
-4251
3720
28
-2996
2769
652
-2204
1428
1017
-1265
344
1176
-471
84
1252
-235
522
1204
-364
1358
1074
-744
5885
597
-3541
10400
-2703
-6387
8803
-3144
-5552
4819
-2735
-3998
2874
-2321
-2562
1866
-1737
-1565
1139
-1353
-815
598
-1164
-238
182
-880
104
273
-922
-21
1022
-1540
-792
3951
-2569
-2560
8056
-4152
-4741
8534
-3843
-5625
4673
-1951
-3944
3074
-625
-2850
2700
38
-1751
1512
893
-928
472
1406
-600
91
1629
-252
854
1444
-397
2292
1462
-1190
7565
287
-4849
11272
-3767
-6357
7876
-3630
-5272
4015
-2980
-3636
2146
-2371
-2081
1292
-1604
-1338
806
-1290
-650
512
-1308
-220
1168
-1443
-347
1957
-1516
-691
1891
-1510
-1144
3515
-1881
-1987
6787
-2280
-3278
8287
-2168
-5015
5856
-1351
-3863
3501
173
-2608
2507
1004
-2252
1201
1237
-1610
433
1301
-748
625
1268
-494
876
1184
-672
2522
1742
-1254
8042
1314
-3667
11323
-1416
-4939
9229
-2209
-4461
5435
-2069
-2668
2610
-1885
-1515
1142
-1720
-944
326
-1545
-306
-186
-1327
87
107
-1376
-194
648
-1897
-737
1716
-2344
-1755
5190
-2912
-3174
9013
-2896
-5225
8295
-1687
-4721
5033
-77
-3227
3800
829
-2483
2506
1176
-1752
801
1512
-852
92
1567
-411
238
1118
-345
1229
619
-734
5351
571
-2183
10420
-1048
-4578
10326
-2754
-4275
6784
-2083
-3006
4685
-1850
-2121
2546
-1763
-1289
557
-1818
-343
-513
-1811
16
-977
-1638
103
-865
-1837
80
530
-2190
-692
3788
-2451
-2391
7587
-3077
-4135
9815
-2573
-5543
6937
-1158
-4298
4189
-23
-3125
2983
514
-2517
1634
821
-1779
600
990
-1052
405
929
-678
519
844
-547
787
667
-854
3121
387
-2173
9091
-1371
-5462
10544
-3762
-6193
6853
-2887
-4250
3581
-2125
-2785
2186
-1890
-1953
1003
-1601
-1085
52
-1344
-360
-316
-1254
-111
-232
-1393
186
503
-1981
-107
2501
-2511
-1592
6281
-3693
-3307
9192
-3980
-5297
7443
-3098
-4900
4114
-1117
-3271
3401
30
-2783
2486
622
-1998
1030
1199
-890
307
1526
-443
357
1490
-308
1002
1166
-614
3643
1266
-2104
9615
-1317
-5833
10329
-4053
-6396
6151
-3177
-4631
3202
-2494
-3047
2045
-1980
-1933
944
-1625
-1153
90
-1432
-357
-354
-1170
-5
11
-1228
-115
857
-1738
-501
2296
-1950
-1732
5787
-3333
-3856
8359
-3347
-5674
7288
-2301
-5425
4334
-900
-3700
3145
264
-2549
2376
896
-1818
987
1345
-936
-108
1509
-195
-22
1435
-176
823
1106
-837
3245
1434
-1968
9587
-38
-5628
11428
-2799
-6632
7741
-2636
-5119
3512
-2252
-3270
1544
-2129
-1917
775
-1893
-1170
-36
-1558
-374
-489
-1436
280
-304
-1576
529
792
-2154
-264
3209
-2781
-1986
6515
-3192
-3859
9054
-3096
-5834
7449
-1799
-4772
4886
-207
-3549
3909
681
-2799
2634
1218
-2165
821
1460
-1085
-255
1486
-259
-265
1449
-257
559
1371
-653
4372
1650
-2382
10013
-337
-4807
10874
-2341
-5460
8570
-4201
-4415
4433
-3121
-1930
1533
-2390
-1247
-103
-2117
-524
-766
-1697
-74
-774
-1566
67
-314
-1660
-301
382
-1851
-815
2920
-2506
-1954
7898
-4178
-4654
10217
-4069
-5477
6367
-1574
-3681
4632
-274
-2894
3758
309
-2271
1706
1000
-1145
322
1499
-558
-189
1602
-374
110
1381
-390
1626
1150
-845
5993
677
-3093
10526
-2357
-5118
9651
-3256
-4675
6238
-3099
-3359
3207
-2554
-1690
1829
-2128
-1013
1055
-1973
-509
424
-1778
-273
-111
-1631
-177
-466
-1602
-98
-367
-1607
-562
2369
-2367
-2307
8588
-4498
-5187
10467
-3947
-5764
5259
-1731
-3892
3583
-766
-3093
3156
-33
-2454
2000
676
-1365
915
1252
-601
32
1696
-9
-210
1709
199
911
1277
-744
4469
1081
-3182
10360
-557
-6374
10256
-2853
-6329
6453
-2556
-4735
3524
-2018
-2893
2361
-1717
-2000
1088
-1852
-1288
-15
-1723
-413
-505
-1209
46
-74
-1145
-470
1226
-1537
-1327
2930
-1791
-2544
5584
-2884
-3824
7885
-2844
-4342
6912
-1798
-4039
4639
-502
-2758
3314
603
-1750
2706
1129
-1347
2102
1381
-1192
1466
1936
-621
1123
2070
-435
1398
1511
-708
3910
1776
-1716
9706
-210
-4848
10779
-2773
-5623
7442
-3057
-4796
3117
-2864
-2756
1041
-2507
-1595
386
-2151
-983
41
-1727
-293
600
-1586
-334
973
-2012
-472
1516
-2554
-761
4076
-3310
-2130
7196
-3867
-3372
8881
-3483
-4362
6913
-2104
-3299
4261
28
-2310
2996
1177
-1911
1653
1550
-1143
815
1944
-586
1062
2124
-547
1244
1929
-628
2766
1541
-1335
7645
717
-3604
10769
-2536
-5397
9233
-4020
-4973
5666
-3579
-3352
2512
-3122
-2315
1234
-2653
-1860
321
-2223
-1061
-461
-1998
-375
-614
-1984
118
-455
-2032
282
1099
-2693
-950
5583
-3876
-2716
8972
-4185
-4465
8374
-2991
-4158
5241
-1044
-2724
4283
411
-2283
3376
1173
-1671
1734
1736
-1010
630
2184
-586
533
2051
-481
1389
1389
-701
4238
1157
-1433
10409
-983
-4608
11546
-4244
-4860
8222
-3986
-3735
3890
-3675
-2304
1271
-2827
-970
463
-2164
-385
-49
-1817
52
-266
-1876
135
-189
-2238
-190
360
-2458
-1019
2525
-3294
-1963
6881
-4622
-3775
10140
-4274
-5338
7302
-1929
-3601
4488
201
-2349
3597
916
-1818
2175
1454
-1042
913
1894
-296
650
1720
-78
1366
952
-621
3017
193
-1545
7567
-1575
-4131
10831
-3571
-5216
7500
-3906
-3611
4546
-3031
-2609
2957
-2539
-1483
1591
-1949
-756
527
-1707
-181
-84
-1566
-11
-403
-1468
90
-56
-1804
156
1439
-2587
-803
4337
-3417
-2009
8407
-4134
-3846
10054
-3449
-4759
6549
-1592
-3381
4179
-87
-2415
3001
673
-1829
1529
1134
-1100
527
1270
-541
50
1344
-313
302
1160
-454
2128
1106
-3200
8216
18
-4049
11044
-3067
-5263
8987
-3220
-4778
5397
-3130
-3231
2573
-2419
-1723
1482
-2049
-1294
535
-1798
-690
-53
-1783
-198
-61
-1605
-20
642
-1753
-376
1565
-2166
-926
4057
-2692
-2148
7295
-3072
-3503
8924
-2322
-4296
6695
-1051
-3414
4192
-76
-2518
2719
519
-1892
1398
839
-1254
429
1165
-819
300
1354
-585
676
1131
-668
2302
865
-1288
7817
-693
-4402
10601
-3585
-6102
7789
-3595
-5188
3698
-2988
-3385
2042
-2179
-2336
1356
-1576
-1669
531
-1328
-824
-48
-1262
-296
-230
-1441
-34
386
-1614
-408
2265
-2069
-1735
5670
-3480
-3432
7867
-3691
-5412
6519
-2258
-4972
4458
-819
-4215
3521
151
-2939
2366
927
-1770
1151
1507
-970
683
1681
-708
691
1470
-664
1316
1122
-1058
4411
1095
-2522
9205
-1273
-5465
9278
-3185
-5535
6270
-2690
-4184
3157
-2367
-2602
1905
-1990
-1585
1184
-1751
-1014
298
-1671
-307
-162
-1599
-15
-100
-1698
-173
504
-2160
-801
2644
-2729
-2010
6550
-3577
-3759
9533
-3213
-5269
6915
-1773
-4006
4114
-378
-2676
3087
395
-1940
1980
921
-1333
1044
1261
-868
710
1315
-836
648
1115
-839
1466
962
-1003
5798
372
-3126
10210
-2674
-5020
9317
-3405
-4836
5710
-3535
-3488
2949
-2728
-1909
1888
-1929
-1192
978
-1530
-449
285
-1324
-15
-50
-1174
22
67
-1528
-275
978
-2024
-1328
3435
-2376
-2890
6694
-2897
-4393
8996
-2856
-5594
5431
-1072
-3849
3346
131
-2746
2955
637
-2063
1863
1170
-1242
1067
1540
-642
1094
1454
-611
1496
1074
-753
2547
979
-1258
6307
777
-3356
9070
-976
-4721
7980
-1113
-4635
5269
-1034
-3399
2847
-1262
-2011
1227
-1033
-1173
677
-1039
-969
909
-1575
-914
1433
-1867
-868
950
-1461
-490
1068
-1707
-963
2857
-2090
-2083
5566
-2340
-3111
9671
-2490
-5513
7964
-1690
-4481
4128
-126
-2601
2807
610
-1858
1771
1027
-1151
713
1390
-531
339
1659
-300
568
1620
-421
2022
1429
-1283
7261
-231
-4537
9331
-2919
-5746
7483
-2857
-5253
4376
-2609
-3639
2392
-1778
-2115
1515
-1145
-1305
801
-1063
-656
498
-1526
-101
693
-2161
50
1178
-2746
-626
2539
-2898
-1422
5152
-2495
-2711
8056
-2675
-4835
7289
-2404
-4283
4558
-595
-2988
2828
429
-1958
1485
936
-1167
1096
1076
-738
1227
1251
-579
850
1541
-522
1328
1272
-856
4343
1084
-2502
9339
-1388
-5461
9879
-2977
-5326
7047
-2929
-4545
3270
-3088
-2451
1905
-2406
-1495
1421
-2015
-1048
538
-1678
-364
194
-1474
-180
510
-1623
-385
1071
-1899
-828
3561
-2589
-2506
5519
-3499
-3223
7502
-3229
-4210
6658
-2116
-3647
4588
-298
-2568
3470
816
-2044
2116
1151
-1412
694
1541
-755
391
1669
-782
999
1401
-895
2145
1282
-973
6085
694
-3144
9665
-2124
-4934
9585
-3290
-4761
5859
-2730
-3102
2978
-1850
-1859
1945
-1620
-1176
939
-1510
-495
33
-1446
-45
-451
-1434
80
-202
-1842
-250
1512
-2407
-1844
5134
-3515
-3646
9010
-3863
-5343
8126
-2373
-4740
4516
-678
-3006
3307
303
-2081
2320
950
-1418
986
1401
-787
358
1615
-380
760
1399
-402
1884
1059
-904
4846
1452
-1976
9403
84
-4547
10321
-1746
-5242
7356
-3050
-4087
3081
-2531
-2083
1248
-1999
-1246
247
-1685
-555
-240
-1555
-25
-199
-1715
38
494
-2193
-545
2099
-3042
-1620
4774
-3226
-2502
8062
-2905
-4241
9948
-2484
-4723
6601
-292
-3118
4047
977
-2252
2655
1180
-1571
967
1475
-777
-2160
1677
-199
-236
1721
-141
758
1360
-619
3848
1517
-1646
9852
118
-5073
11022
-2788
-5899
7718
-2879
-4619
4304
-2440
-3370
1925
-2290
-1844
985
-2072
-1078
617
-1862
-730
349
-1661
-268
434
-1619
-26
906
-2065
-136
2469
-2695
-1390
5541
-3035
-2607
7959
-1949
-3789
8111
-1390
-4337
6010
-494
-3377
3631
622
-2434
2463
1015
-1913
1277
1037
-1104
428
914
-775
349
596
-1039
737
178
-1012
3756
-1220
-2152
8086
-4258
-4297
7361
-3587
-4283
5610
-2390
-3624
5192
-1578
-3065
3893
-1052
-2251
2576
-1046
-1590
1406
-1027
-715
100
-1387
211
-133
-1892
284
200
-2676
-377
1508
-2628
-1812
3999
-3174
-3802
7751
-3414
-5560
6446
-2359
-5044
3566
-560
-3543
2673
591
-2554
1731
1276
-1592
1144
1458
-1243
1406
1574
-3200
1248
1581
-768
1959
1581
-1389
6198
1280
-3896
9760
-1112
-5569
9053
-2838
-5970
5667
-3675
-4402
1748
-2981
-1968
821
-2173
-1342
529
-1768
-827
51
-1692
-191
167
-1879
-133
779
-2293
-554
1826
-2936
-1704
4229
-3384
-3067
7222
-3258
-4789
8605
-2237
-5214
5790
-461
-3729
3750
930
-2628
2621
1488
-1911
1220
1808
-1069
391
2028
-608
437
1772
-653
1014
1350
-695
4444
1467
-2313
10600
-711
-5386
10583
-3069
-5519
7420
-3325
-4467
3612
-2944
-2394
1586
-2315
-1276
838
-1896
-822
125
-1660
-219
-190
-1745
16
-200
-1930
-49
494
-2154
-859
2846
-2834
-2801
6002
-3492
-3929
9342
-2790
-5675
7496
-1166
-4363
4634
294
-2870
3481
917
-2199
1940
1204
-1197
719
1499
-506
370
1564
-487
896
1273
-797
2012
885
-1342
5260
1064
-3128
9887
-1249
-5330
9479
-2353
-4923
6148
-2244
-3742
3688
-1901
-2444
2124
-1895
-1577
931
-1740
-903
240
-1566
-539
-256
-1711
-126
-286
-1949
31
815
-2307
-836
3606
-2957
-2293
7039
-2932
-3408
9710
-2264
-5229
7069
-1081
-3798
4522
179
-2794
3601
784
-2231
2087
1162
-1258
866
1416
-695
450
1562
-638
668
1423
-760
1530
1320
-1065
5231
1274
-3321
10258
-1139
-5735
9647
-2690
-5798
6559
-2733
-4592
3424
-2193
-2894
1449
-2112
-1750
444
-1965
-887
65
-1773
-192
-68
-1799
-93
-299
-1689
153
682
-2166
-359
3947
-3194
-1982
8639
-3713
-4507
10305
-2698
-5420
7207
-1186
-3897
4050
132
-2560
2647
715
-1653
995
1040
-521
-36
1385
268
-131
1493
171
620
1170
-463
2011
1043
-1135
5256
1287
-3569
10830
-1476
-6977
10096
-3236
-5805
5416
-2364
-4036
2955
-2475
-2728
1726
-2129
-1687
801
-1756
-967
83
-1501
-174
-150
-1711
304
362
-2060
9
1921
-2395
-1003
3373
-2836
-1789
4848
-2737
-2418
8279
-2949
-4568
8100
-2317
-4331
5465
-401
-3249
3757
809
-2456
2154
1369
-1758
601
1622
-972
38
1585
-538
457
1335
-811
1625
1142
-1273
7149
519
-3606
11412
-2876
-5394
8959
-4244
-4456
5293
-3312
-2518
3557
-2427
-1544
2320
-1896
-855
879
-1529
-142
-219
-1257
183
-708
-1217
83
-388
-1824
-711
1097
-2913
-1801
4078
-3910
-2845
8745
-4590
-5090
9172
-4179
-4642
4906
-1735
-2832
3315
40
-2204
2797
1097
-1870
1294
1574
-1279
38
1650
-422
-163
1404
-146
-33
1247
-197
1691
1431
-638
9262
-230
-4174
13292
-4688
-5976
9017
-4430
-4383
3798
-2803
-2476
2208
-2280
-1593
1138
-1803
-668
-201
-1510
258
-760
-1579
514
-741
-1994
231
-280
-2880
-369
3127
-3638
-1894
8342
-4680
-4876
10130
-4222
-5874
5894
-1848
-3761
3189
-58
-2355
2806
621
-1769
1719
1165
-1133
434
1483
-595
136
1516
-449
658
1203
-818
2053
549
-1543
5306
65
-3439
9532
-2742
-6561
8537
-3479
-5797
5310
-2663
-4358
3278
-2035
-2958
1843
-1869
-1794
860
-1922
-849
343
-1951
-537
138
-1971
-170
210
-2008
142
714
-2223
-41
3003
-2613
-1128
8297
-4006
-3411
10361
-3945
-4817
6368
-1573
-3288
4624
118
-2569
3942
785
-2027
2125
1385
-1023
821
1738
-526
542
1792
-551
1040
1489
-908
1498
1116
-992
4583
1265
-2372
10514
-1375
-5155
11224
-3707
-5607
7182
-3260
-4061
3216
-2501
-1983
1354
-2012
-1050
544
-1899
-670
-310
-1652
-107
-556
-1628
-108
-94
-2022
-481
1029
-2552
-1021
3628
-2982
-2130
7637
-3663
-4048
9687
-3283
-5112
6752
-1935
-3696
4003
-471
-2308
3260
402
-1837
1857
913
-1088
332
1320
-301
-38
1525
-178
241
1440
-355
1359
1310
-743
6220
1152
-3428
11377
-1924
-6087
10189
-3161
-5513
6374
-3179
-4108
3351
-2676
-2411
1732
-2310
-1428
320
-2009
-354
-296
-1764
298
-629
-1801
334
-337
-2465
-21
1350
-2990
-1198
4955
-3485
-2398
9067
-3451
-4308
9613
-2663
-4526
5748
-1092
-2917
3548
249
-2071
2560
888
-1634
1312
1331
-1066
545
1528
-775
654
1331
-780
1102
1097
-873
2516
1220
-1345
7118
692
-3789
10673
-2768
-5152
8444
-3034
-4265
5677
-2338
-3055
3759
-2033
-1810
2354
-1598
-1129
821
-1319
-364
-142
-1157
182
-545
-1327
379
-439
-1854
104
1108
-2341
-1403
4714
-3227
-3247
8765
-3518
-5423
8776
-2812
-5417
4653
-1206
-3247
3373
-120
-2374
2612
459
-1606
936
1089
-633
158
1566
-409
468
1644
-643
1350
1298
-978
3440
1297
-1463
8499
469
-4006
11272
-2523
-5178
9135
-3345
-4487
5018
-3101
-2741
2159
-2483
-1371
1046
-2113
-837
-53
-1692
-116
-520
-1437
159
-486
-1473
109
14
-1931
-446
2406
-2892
-2314
5972
-3793
-3157
9859
-3091
-4960
8571
-1829
-4178
4417
-142
-2209
3648
557
-1870
2483
935
-1192
1119
1240
-457
460
1434
-236
675
1347
-607
1218
1073
-1018
4763
913
-2844
11066
-1351
-5486
10754
-3489
-5330
7001
-3112
-3947
3363
-2276
-2031
1354
-1897
-1118
480
-1842
-688
-409
-1558
-152
-681
-1581
-48
-85
-1840
-224
888
-2218
-706
3350
-3071
-1722
7331
-3711
-3162
10275
-3249
-4750
7435
-1982
-3483
4436
-557
-2389
3498
367
-1975
2356
1012
-1539
1033
1314
-1073
136
1327
-725
182
1086
-735
800
963
-798
4555
1207
-2363
10849
-1979
-5747
10215
-3949
-5648
5783
-2853
-3907
3134
-2189
-2579
1887
-1667
-1644
874
-1355
-1047
-93
-1275
-313
-411
-1570
126
-215
-1944
162
870
-2665
-524
3805
-3475
-1808
7337
-3918
-3789
9377
-3392
-5114
6591
-1915
-3749
4372
-831
-2865
3328
-136
-2183
1776
623
-1347
690
1024
-761
104
1148
-364
199
1167
-339
1081
1033
-664
4672
1277
-2369
10422
-1825
-5524
9763
-3403
-5418
5824
-2929
-4000
2596
-2283
-2394
1702
-1716
-1617
986
-1449
-978
332
-1307
-365
159
-1334
-139
262
-1677
-118
1333
-2618
-1103
3806
-3509
-2735
6122
-3904
-4134
7653
-2894
-4995
6125
-1407
-4114
4271
-282
-2927
3195
413
-2282
1788
959
-1582
616
1530
-1008
312
1755
-788
722
1471
-687
2475
1479
-1202
8775
328
-4317
11567
-2854
-5490
9223
-4309
-4955
4691
-3184
-2612
2132
-2337
-1209
954
-2191
-587
-73
-1555
-119
-470
-1215
89
-310
-1321
-57
486
-1818
-798
2123
-2505
-1987
4557
-3378
-3109
8300
-3320
-5271
8655
-2101
-5070
5450
-392
-3548
4002
571
-2755
2939
982
-2242
1370
1471
-1462
352
1772
-826
449
1634
-558
1151
1269
-789
3581
1305
-1591
9223
312
-4619
11300
-2715
-5366
7756
-3712
-3886
3969
-2545
-2174
1941
-2119
-1218
576
-2024
-421
-180
-1725
88
-373
-1959
169
-237
-2308
-42
1017
-2660
-1181
3323
-2697
-2755
7105
-2978
-5323
9070
-2772
-5676
6698
-1404
-4485
4325
-205
-3155
2794
338
-2282
1313
768
-1502
125
1137
-611
-96
1378
-364
300
1321
-807
1925
1479
-1464
7651
701
-5181
10537
-3055
-6884
7779
-3959
-5520
4050
-3373
-3730
1957
-2674
-2212
1213
-2355
-1430
304
-1975
-627
-234
-1627
-164
-426
-1455
182
122
-1987
37
1698
-2878
-886
5785
-4146
-2996
9593
-4222
-5094
8156
-3005
-4548
5134
-1269
-3240
3568
105
-2308
2224
979
-1580
976
1556
-839
195
1841
-118
405
1621
-317
1065
1259
-857
4759
1180
-2788
11037
-1844
-6207
10866
-4076
-5937
6907
-3448
-4123
3221
-3025
-2245
1444
-2542
-1022
343
-2210
-342
-621
-1732
109
-1052
-1469
44
-662
-1896
-259
832
-2535
-774
4375
-3594
-2217
8605
-4585
-4514
9265
-3417
-5043
6129
-1439
-3486
4635
-223
-2645
3492
769
-1956
1760
1298
-1183
376
1593
-511
-215
1701
-219
52
1523
-404
1508
1282
-1071
5652
1113
-3600
10942
-2156
-6859
9689
-4065
-6354
5587
-3256
-4265
2739
-2582
-2395
1433
-1975
-1307
485
-1661
-490
-171
-1384
79
-390
-1500
314
18
-2122
166
1701
-2841
-1224
4712
-3773
-2532
8293
-3662
-4511
8658
-2886
-4953
5645
-1023
-3540
3763
494
-2738
2862
1110
-2208
1178
1539
-1324
99
1684
-583
124
1532
-504
1121
1358
-697
5164
1614
-2376
11114
-1273
-5435
10477
-4166
-4667
6293
-3185
-2837
3358
-2431
-1732
1719
-2161
-1019
363
-1740
-392
-385
-1439
-6
-521
-1623
-291
90
-2403
-973
2270
-3304
-2095
4835
-3917
-2970
7809
-3041
-4833
7572
-1587
-4771
5094
105
-3520
3337
1042
-2761
1748
1281
-1831
385
1596
-674
291
1833
-354
988
1627
-467
2087
1223
-890
5713
1203
-2885
10915
-1267
-5289
10461
-3187
-5405
6214
-3248
-3987
2421
-2388
-1960
1453
-2007
-1336
406
-1983
-401
-602
-1938
428
-710
-2053
358
-59
-2418
-420
1878
-3237
-1722
4950
-3627
-2970
8159
-3265
-4884
9017
-2257
-4878
5728
-799
-3325
3816
158
-2434
2910
738
-1963
1423
1217
-1416
196
1437
-2800
-158
1549
-320
532
1285
-642
3338
1417
-1882
9498
-11
-5242
11034
-2761
-6093
7491
-3555
-4700
3222
-2597
-2605
1762
-2083
-1720
1001
-1777
-935
16
-1645
-133
-251
-1732
139
16
-1938
148
1227
-2640
-544
3590
-3317
-2055
6365
-3616
-3190
9716
-3126
-5012
7519
-1763
-3908
4489
-240
-2648
3355
517
-2099
1866
928
-1322
451
1287
-514
-179
1442
-214
12
1302
-347
1366
1111
-860
6007
688
-3888
10925
-2622
-6380
9369
-4026
-5702
4611
-2774
-3604
3169
-1879
-2517
2483
-1642
-1842
913
-1271
-829
-118
-1160
-40
-299
-1311
134
-428
-1611
189
263
-2450
-223
3016
-3329
-1860
6851
-3993
-4093
9648
-3890
-5734
7517
-2218
-4725
4580
-528
-3280
3830
185
-2458
2358
796
-1528
729
1404
-517
147
1755
-180
178
1726
-159
1014
1386
-455
3613
1404
-1858
9347
-110
-4816
10919
-3522
-5933
8112
-3762
-5075
3788
-3110
-3078
1610
-2410
-1661
966
-1790
-914
39
-1369
-85
-518
-1230
414
-616
-1624
555
502
-2509
-556
3587
-3550
-2510
7224
-3824
-4012
9881
-2895
-5257
6746
-1291
-3672
3775
206
-2418
2866
904
-1885
1420
1361
-1127
29
1666
-375
-384
1587
-144
808
1175
-832
4693
1036
-2152
9888
-107
-4558
10268
-3167
-5018
7232
-3074
-3509
4712
-2225
-2315
2851
-2270
-1465
905
-1755
-552
-415
-1438
136
-991
-1764
679
-810
-2568
805
279
-3601
-132
3359
-4007
-1840
9796
-4563
-5791
10639
-3320
-6188
5678
-446
-3780
3867
443
-2677
2401
773
-1509
659
1268
-492
-129
1478
51
-116
1391
51
1015
847
-775
3147
441
-1862
8377
-459
-4881
12262
-3788
-5944
8602
-4151
-4657
3343
-2886
-2455
2154
-2400
-1753
1186
-2133
-1019
-107
-1743
-134
-460
-1587
179
-447
-1577
251
115
-2001
121
1987
-2742
-3200
6172
-3952
-3081
10022
-3977
-5008
8266
-2574
-4728
4634
-778
-3313
3661
175
-2846
2443
726
-1981
871
1166
-910
142
1433
-546
59
1420
-436
869
1089
-788
2873
942
-1689
8094
-276
-5046
10742
-4359
-6924
7691
-4334
-5387
4522
-3004
-3740
1893
-2194
-1908
766
-1599
-1130
146
-1253
-621
-239
-1144
-324
-242
-1100
-227
566
-1074
-421
