-1321
-3930
-789
-1360
-3938
-795
-1382
-3935
-796
-1351
-3931
-775
-1294
-3931
-761
-1302
-3954
-734
-1303
-3959
-770
-1337
-3936
-776
-1342
-3920
-764
-1373
-3928
-764
-1374
-3970
-763
-1333
-3960
-786
-1297
-3935
-782
-1308
-3941
-748
-1325
-3951
-744
-1344
-3934
-764
-1356
-3936
-780
-1337
-3935
-793
-1343
-3931
-779
-1340
-3939
-778
-1338
-3954
-780
-1327
-3951
-785
-1318
-3939
-776
-1306
-3939
-778
-1313
-3950
-780
-1343
-3947
-793
-1329
-3927
-792
-1323
-3912
-782
-1330
-3937
-766
-1334
-3947
-774
-1324
-3935
-774
-1302
-3940
-770
-1326
-3980
-765
-1360
-3999
-816
-1343
-3950
-857
-1311
-3923
-783
-1263
-3918
-724
-1269
-3912
-626
-1223
-3895
-700
-1236
-3901
-792
-1327
-3954
-880
-1378
-3970
-892
-1420
-3942
-835
-1368
-3913
-805
-1358
-3927
-761
-1314
-3972
-760
-1274
-3965
-769
-1240
-3948
-783
-1277
-3955
-770
-1331
-3957
-748
-1352
-3942
-760
-1340
-3943
-778
-1304
-3951
-775
-1293
-3952
-768
-1307
-3949
-745
-1319
-3947
-753
-1322
-3938
-762
-1324
-3943
-765
-1325
-3947
-774
-1321
-3964
-771
-1297
-3951
-760
-1280
-3930
-752
-1319
-3943
-769
-1336
-3954
-771
-1325
-3931
-792
-1325
-3917
-778
-1363
-3942
-792
-1339
-3934
-784
-1319
-3951
-780
-1301
-3942
-835
-1328
-3925
-795
-1288
-3924
-743
-1297
-3922
-695
-1298
-3942
-749
-1340
-3973
-824
-1385
-3970
-897
-1388
-3884
-824
-1322
-3924
-688
-1271
-3935
-623
-1279
-3948
-683
-1227
-3928
-799
-1316
-3987
-809
-1334
-3994
-752
-1338
-3954
-692
-1317
-3945
-678
-1275
-3949
-684
-1268
-3994
-711
-1274
-3982
-707
-1290
-3948
-702
-1312
-3948
-695
-1289
-3952
-732
-1242
-3918
-780
-1327
-3859
-754
-1617
-4075
-794
-1778
-3932
-936
-1668
-3848
-1080
-2084
-4125
-1193
-2390
-4258
-1198
-3024
-4398
-1073
-3481
-4595
-984
-3208
-3888
-895
-2750
-3301
-794
-2400
-2305
-830
-2265
-2448
-823
-2982
-3313
-1367
-3417
-2997
-1577
-3871
-2162
-1837
-3584
-151
-2061
-2899
1409
-2516
-2986
2025
-2342
-3291
2240
-2142
-3913
1894
-1666
-4172
740
-1344
-6126
465
-1390
-9039
-1120
-1446
-7720
-3489
-606
-4794
-3367
-56
-2588
-2962
348
-1683
-2604
710
-882
-2307
815
-2188
-2830
84
-5564
-3352
-2068
-7223
-304
-2673
-7214
2265
-3189
-5234
1794
-2086
-3513
1536
-1352
-1235
1086
-1406
-707
714
-1008
-1505
735
-745
-3642
1190
-1349
-9671
1463
-1810
-10637
-2220
-1635
-6965
-2736
-406
-2722
-1915
-145
-1107
-2242
293
-540
-2281
805
-989
-2584
756
-2418
-2962
18
-7339
-2200
-1527
-10219
-1625
-3246
-7797
-625
-3113
-2696
1774
-1707
-1715
2329
-1191
-1766
1694
-1603
-1714
1040
-966
-2382
702
-1278
-5180
1615
-1971
-10229
535
-3138
-9725
-3404
-2657
-5206
-3054
-1033
-2279
-2642
-637
-1310
-2344
475
-793
-1966
830
-472
-1574
341
-2272
-2713
-241
-8250
-1818
-1555
-11220
-678
-2551
-8202
239
-1963
-3151
2483
-1570
-1636
2212
-2225
-1699
1205
-1394
-1517
756
-447
-397
797
-1171
-3426
1824
-1058
-11574
1176
-1901
-11404
-2283
-1991
-5898
-2509
-1542
-1873
-1974
-1134
-579
-1480
-558
-1101
-2022
457
-300
-2150
656
-1793
-2598
537
-8450
-2617
-691
-12277
-2058
-2010
-8132
-490
-3021
-3401
1248
-1081
-1925
2753
-364
-844
1709
-918
-321
1757
-666
-840
1806
-505
-4139
3413
-1369
-13753
377
-2188
-10659
-3911
-2944
-4458
-2399
-1215
-1240
-1570
-674
-439
-1711
-100
-928
-2049
1170
-740
-2632
1429
-2345
-3044
495
-9705
-3778
-544
-11949
-2268
-1527
-7868
1067
-2417
-3928
2928
-1032
-2251
2806
-1238
-757
1767
-1181
-747
1666
-614
-2118
1287
-860
-5735
2997
-1215
-12502
1150
-2262
-9687
-3098
-2467
-5435
-1959
-497
-1568
-1927
330
-592
-2136
326
-1167
-1918
1029
52
-1730
733
-2006
-2479
-207
-8681
-3294
-1442
-12144
-1720
-2210
-7922
280
-2392
-2566
2276
-1838
-1925
2591
-1215
-1271
2091
-1193
-826
1433
-547
-581
1480
-441
-2675
3082
-863
-14165
2375
-1176
-14096
-3350
-1524
-6087
-3560
-1325
-1025
-2047
32
554
-1800
526
-369
-2157
948
307
-1960
1072
-1032
-2355
399
-6566
-3108
-891
-13254
-2675
-1994
-9779
-1506
-2579
-3538
946
-2119
-2554
2487
-1049
-2377
2489
-1190
-1817
1783
-451
-907
1627
-258
-2761
2263
-720
-10672
2306
-1077
-14425
-3104
-1309
-7219
-3877
-1238
-3025
-2883
-331
576
-2007
299
186
-2025
906
-604
-1880
1413
-830
-2075
986
-3401
-2373
-10
-11006
-3870
-1298
-12343
-2433
-2229
-6378
329
-2197
-2702
2999
-1624
-2498
2930
-1286
-1266
2170
-1181
-1257
1800
-641
-1090
1708
-781
-5985
3191
-1223
-15557
-98
-1609
-10379
-4471
-2239
-4034
-2868
-1240
99
-1745
-386
-69
-1588
93
-903
-1735
909
-400
-2094
1238
-2384
-2611
315
-9838
-4023
-743
-13329
-4005
-2120
-7493
-311
-2696
-3079
2036
-1041
-2667
3151
-214
-1106
2454
-665
-413
1523
-1069
-1292
1295
-690
-3380
2050
-842
-12366
1371
-1454
-13797
-2967
-1241
-6537
-3915
-1478
-1914
-2299
-678
197
-1381
-316
-708
-1631
615
-334
-1803
1141
-318
-1872
1228
-1617
-2392
395
-9820
-4238
57
-14843
-4589
-1010
-8081
-1295
-1878
-3019
1294
-179
-1684
3076
-72
-1185
2150
-265
-589
1504
-373
-1417
925
-785
-2712
1560
-885
-11758
1881
-2339
-15821
-3453
-1850
-7064
-4550
-1286
-789
-2676
-399
1179
-1223
-322
-1086
-1737
510
-748
-1606
1178
-471
-1766
1414
-2409
-2670
768
-10927
-4882
-387
-14134
-4414
-1300
-7196
-2648
-1735
-3019
2280
-1221
-2545
3080
-863
-1175
2862
-683
-678
2080
-319
-1305
1677
-372
-3383
2172
-435
-13717
1157
-728
-14493
-3578
-1096
-6657
-4181
-1163
-1792
-2318
-24
348
-1632
25
-432
-1607
745
-440
-1919
1049
-437
-2157
924
-3604
-3081
421
-12171
-5479
-521
-12659
-3221
-2391
-5106
654
-1950
-3029
2920
-256
-1589
3581
-668
-1098
2192
-342
-1763
1431
131
-1821
1636
-79
-7330
2526
-28
-15783
-895
79
-10868
-4812
-1049
-4042
-3606
-684
-36
-2382
252
140
-1990
379
-435
-2166
829
-235
-2397
776
-1236
-2821
207
-6678
-3670
-70
-13977
-4333
-1474
-9265
-1222
-2448
-3268
2484
-1741
-3032
3736
-754
-1952
2903
-768
-2036
1697
-349
-2349
1568
-339
-4415
2144
-443
-13757
8
-159
-12305
-3739
-636
-5559
-4090
-753
-1125
-2834
314
581
-2108
37
-119
-1719
743
-48
-2045
893
-1214
-2873
514
-4978
-3611
524
-13978
-5318
-465
-11508
-3706
-1662
-4245
251
-1152
-2499
2640
-122
-1712
3223
-200
-1040
2593
-161
-1569
1782
-232
-2196
1167
-419
-6372
1862
-688
-15020
-1151
-825
-11452
-5160
-1263
-4896
-3910
-1064
-1422
-2766
-422
466
-1773
-375
-49
-1618
332
-322
-2148
876
-1358
-2410
949
-4730
-3260
1086
-11420
-4465
64
-13191
-3762
-1317
-7424
-252
-1098
-3529
3355
-1143
-1782
3996
-995
-579
2996
-621
-272
1903
-336
-1256
1273
-333
-5261
1709
-707
-14922
358
-1400
-12051
-4387
-2205
-5526
-3378
-1553
-959
-2504
-661
207
-1790
200
-267
-1624
908
-588
-2218
812
-858
-2234
739
-3072
-3174
281
-12563
-4977
-515
-13610
-3345
-1786
-5892
508
-1867
-2902
3010
-486
-1394
3826
-449
-782
2978
-195
-828
1945
-93
-1969
1030
-178
-7556
1600
-698
-14917
-997
-1503
-11472
-4587
-2047
-3981
-3629
-1798
31
-2248
-882
629
-1246
-317
-734
-1699
426
-1369
-2236
673
-1125
-2073
830
-4729
-3154
474
-12458
-4573
-224
-11194
-2772
-1603
-5510
658
-1056
-2584
3048
-474
-1531
3430
-602
-1330
2152
-412
-1227
1384
-378
-2681
1593
-558
-9406
1884
-1137
-13733
-1198
-1296
-9202
-3410
-1669
-3311
-2791
-1121
-964
-1802
-252
-381
-1318
432
-724
-1880
935
-264
-1775
893
-1065
-2311
228
-7092
-4312
-143
-12308
-4440
-1290
-9324
-1170
-1922
-4508
1777
-913
-3131
2975
-681
-2247
2853
-797
-660
1957
-992
-1803
1253
-773
-3532
1837
-465
-11528
1696
-858
-14289
-2228
-508
-7801
-4058
-344
-1659
-2878
55
911
-2103
734
413
-2002
1245
283
-2208
1103
27
-2389
906
-4916
-3141
-87
-13305
-4727
-2140
-11636
-3042
-2926
-4720
207
-2718
-2726
1798
-546
-1795
4306
-606
-2725
3331
-509
-2906
2206
30
-2906
1067
-445
-6725
1891
-397
-14560
-1860
-283
-9883
-5671
-1276
-3585
-3279
-491
241
-2230
312
772
-1931
138
-436
-1560
580
-69
-1946
705
-1435
-2981
0
-7416
-4572
174
-14401
-4440
-514
-8742
-1406
-2686
-4228
2300
-1789
-3947
2552
-875
-1388
2425
-1159
-554
1918
-916
-1706
1479
-733
-2614
1649
-1089
-12907
1669
-1328
-13478
-3934
-1400
-5590
-3883
-1155
-1392
-2130
-491
294
-1814
-143
-378
-1826
516
-492
-2406
813
-737
-2581
826
-3055
-3054
-56
-10430
-3149
-937
-13702
-2741
-2097
-7040
-838
-2714
-2362
1547
-1819
-2433
2501
-512
-1370
2683
-654
-475
2157
-527
-1253
2001
-434
-6101
2765
-1086
-15170
-1197
-1810
-10308
-3458
-2333
-3950
-2931
-1102
-360
-2547
-700
-370
-1359
77
-906
-1603
628
-1401
-1963
428
-1686
-2518
302
-3467
-3414
466
-11190
-5503
412
-12163
-2694
-1287
-6388
863
-1311
-3308
3272
-583
-2935
3057
-384
-813
2014
-1111
-770
910
-1249
-3571
900
-659
-5402
1192
-1432
-11415
-946
-2054
-9446
-2388
-1899
-5380
-2042
-1448
-2150
-1989
-1018
-806
-1740
-137
-664
-1592
345
-1616
-2017
801
-2531
-2825
468
-6712
-3187
-456
-8818
-2926
-954
-9181
-2247
-2017
-6188
-131
-1415
-3823
2129
-587
-2883
1963
-780
-2222
952
-1295
-1950
689
-1124
-2416
1248
-1169
-5989
2027
-1303
-10513
-337
-2104
-8869
-2902
-2066
-4385
-1993
-1228
-1841
-1818
-779
-888
-1227
-215
-1150
-1478
487
-1721
-2117
655
-2477
-2674
45
-5331
-3401
-676
-7507
-2846
-1640
-8689
-2148
-2206
-5487
-274
-1370
-3435
2187
-704
-3391
2303
-983
-1884
1744
-1904
-2600
1781
-1545
-3377
2492
-1391
-8353
1130
-1687
-10800
-2095
-1836
-7147
-3131
-1806
-3262
-2348
-647
-861
-1675
-186
-1499
-1290
312
-1327
-1461
499
-2036
-2171
271
-3414
-2880
-1188
-5906
-3674
-2118
-8562
-3495
-3302
-5492
-1453
-3476
-3463
1099
-1508
-4241
2519
-868
-2572
1804
-1245
-2458
1068
-1135
-2244
1426
-1489
-5468
1750
-1163
-11037
249
-1097
-10792
-2854
-1290
-4758
-2991
-982
-1707
-2191
31
-500
-1962
244
-579
-1856
721
-1153
-1970
874
-1824
-2327
132
-4867
-2907
-575
-9246
-3431
-2347
-10085
-2881
-3196
-5179
-482
-2682
-3141
1441
-1447
-3168
1901
-863
-1617
2080
-1053
-989
1778
-711
-2262
1231
-554
-4848
1929
-830
-11426
625
-1384
-10943
-2830
-1703
-5721
-3329
-1600
-1750
-2371
-722
-4
-1772
-172
-531
-1968
431
-368
-2010
476
-1250
-2739
324
-4516
-3314
-315
-10575
-4214
-1838
-9828
-2671
-2674
-5501
-218
-2108
-3537
1629
-1302
-3571
2545
-924
-2337
2220
-1088
-1291
1461
-854
-2298
897
-944
-4312
1362
-1425
-11244
-247
-2149
-10142
-2721
-2369
-5575
-2226
-1895
-4016
-1824
-1236
-708
-1570
-670
-638
-1266
7
-754
-1726
737
-1391
-2393
669
-3524
-3426
200
-9116
-4023
-962
-10556
-3564
-2159
-7369
-1622
-2229
-4044
344
-1632
-3392
1857
-607
-2481
2487
-494
-877
2081
-686
-1240
1551
-1196
-2895
1362
-1340
-8909
1699
-1878
-12290
-2106
-2265
-6692
-3546
-1505
-2505
-2508
-1500
-485
-1499
-1048
-531
-1219
-303
-1308
-1947
359
-1146
-2138
311
-1915
-3254
358
-8249
-4416
-368
-12247
-4089
-2393
-8159
-970
-2756
-3915
1225
-2099
-3257
2074
-990
-1566
2149
-330
-466
1217
-805
-1824
402
-1295
-2772
570
-1620
-7007
1164
-2288
-10091
-446
-2363
-8688
-2371
-2002
-4107
-2042
-1645
-1233
-1390
-984
-712
-1176
-174
-558
-1493
253
-1181
-2201
474
-3193
-2956
109
-8986
-4096
-804
-10236
-2803
-1573
-6499
-283
-1790
-3318
1681
-1200
-2735
2516
-707
-1452
2045
-755
-784
1289
-592
-1909
983
-794
-4509
1875
-1328
-11177
1176
-1558
-10754
-1642
-1420
-5619
-2669
-1169
-1899
-1858
-619
-717
-1348
-175
-503
-1204
371
-825
-1690
391
-2135
-2565
-2
-5951
-3510
-862
-9056
-2814
-2016
-9305
-1592
-2520
-4248
318
-2150
-2423
1989
-1074
-2181
2464
-219
-1052
1949
-350
-1800
1267
-626
-2437
1191
-963
-7850
2476
-1953
-13449
-76
-2244
-9347
-3079
-2257
-2631
-2687
-1226
-220
-1793
-345
-488
-1607
151
-798
-1761
728
-1093
-2186
423
-2616
-2557
-432
-6998
-2202
-1655
-12178
-2223
-2825
-7729
-920
-2605
-2155
1508
-1750
-1812
2063
-890
-1646
2192
-709
-1786
1381
-694
-2565
989
-834
-5194
1555
-1531
-10693
454
-2059
-10178
-2794
-1990
-4871
-2641
-1556
-1987
-1941
-788
-1157
-1388
-406
-258
-989
264
-606
-1695
507
-1829
-2975
228
-5081
-3303
-600
-11225
-4138
-2258
-9542
-2847
-2825
-4097
273
-2206
-2831
2014
-777
-1848
2482
-310
-895
2121
-473
-1349
1136
-798
-2696
798
-1099
-6573
1702
-2257
-11832
-200
-2467
-9453
-2666
-2098
-4259
-2050
-1716
-1094
-1637
-967
-795
-938
-419
-420
-1183
270
-946
-1899
722
-2231
-2512
387
-6423
-3028
-668
-10652
-3331
-2245
-8586
-1594
-2502
-4576
676
-1849
-3166
1687
-709
-2030
2191
-448
-1358
1621
-804
-1463
999
-943
-2486
1168
-1168
-8282
1392
-2148
-12426
-1673
-2374
-7442
-2601
-2103
-3494
-1838
-1376
-1787
-1851
-614
-913
-1211
200
-208
-1115
759
-823
-1355
1002
-1529
-1962
515
-5485
-3184
-165
-11090
-3666
-1577
-9805
-3128
-2472
-5423
-694
-1573
-3310
1151
-217
-2446
2418
203
-1257
2304
-279
-1020
1483
-583
-1977
613
-1131
-4407
1322
-1731
-11809
416
-1881
-10771
-2434
-1791
-5858
-2299
-1413
-1334
-1799
-1064
-438
-1086
-612
-408
-868
-58
-266
-1417
497
-1338
-1875
485
-5313
-3093
-458
-11485
-4267
-1496
-9821
-2879
-2355
-4497
-445
-1738
-2124
1251
-1307
-1566
2287
-911
-1735
1781
-960
-2001
1144
-695
-2640
999
-810
-7037
1563
-1561
-11427
-334
-1875
-9808
-3121
-1618
-4188
-2408
-1251
-1869
-1682
-422
-1242
-1260
99
-310
-1274
536
-15
-1575
711
-885
-2209
-18
-6398
-4190
-169
-12676
-5006
-1348
-8643
-2213
-2142
-3254
465
-1410
-1971
1661
-721
-1588
2385
-381
-1403
2225
-519
-1672
1487
-414
-3251
1489
-412
-9202
2042
-888
-13102
-916
-1075
-9220
-3982
-1078
-2175
-2898
-696
157
-1909
-329
-449
-1402
464
-66
-1795
580
-697
-2317
331
-2644
-3026
-237
-9125
-4458
-3568
-11765
-3006
-2845
-5820
-58
-2113
-3229
1912
-1260
-2510
2004
-932
-1249
1877
-848
-1180
1270
-917
-2533
738
-729
-7039
1367
-1409
-12491
-1253
-2011
-9775
-3789
-1605
-3028
-2694
-1112
-681
-1962
-356
-556
-1493
359
16
-1517
908
-676
-1974
862
-2182
-2788
597
-7331
-3341
-668
-11586
-3687
-2455
-8153
-2159
-2701
-3114
269
-2065
-2316
1380
-986
-2303
1957
-131
-1658
1375
-489
-2044
998
-540
-2204
888
-973
-6739
1757
-1607
-14387
-2509
-1103
-8914
-4102
-1618
-3519
-2269
-1327
-1172
-1716
-1027
-884
-963
-559
-547
-1277
198
-757
-1553
681
-1484
-1817
706
-2257
-2325
267
-8986
-3622
-676
-12215
-3890
-1873
-6719
-1662
-2009
-2686
1237
-1058
-2535
2445
-554
-2798
2180
-621
-2443
1275
-601
-1805
1086
-876
-3845
1485
-1063
-11425
-35
-1450
-11261
-3244
-1541
-5112
-2871
-1377
-1447
-2070
-817
-477
-1235
-298
-582
-1095
381
-531
-1432
484
-1458
-2076
-54
-4110
-3728
-29
-9151
-4573
-1139
-9804
-3921
-1807
-6171
-1868
-1433
-3060
498
-662
-2546
1518
-216
-1651
1545
-914
-1281
891
-1070
-2148
911
-438
-3307
1372
-605
-8879
1759
-1258
-12874
-2739
-1674
-7618
-4155
-1828
-2275
-2122
-1250
-255
-1303
-798
-617
-992
-32
-455
-1364
592
-824
-2168
880
-2814
-3081
412
-7990
-3703
-501
-11044
-3936
-1777
-7706
-2050
-1907
-3116
687
-1267
-2363
1999
-666
-2148
2273
-666
-1979
1653
-792
-2282
791
-1016
-3994
1134
-1058
-9958
-450
-1580
-10473
-2837
-1973
-5614
-2440
-1351
-1684
-1338
-729
-1669
-1150
-326
-703
-881
190
-399
-1352
477
-1879
-2099
702
-4807
-2483
-55
-9852
-3114
-2311
-10230
-4057
-2531
-4122
-1642
-2534
-1721
291
-1569
-2125
1299
-250
-799
2292
-352
-991
1688
-543
-2551
876
-175
-4790
1396
-584
-11667
-409
-1938
-10015
-3464
-2825
-5902
-2908
-1945
-1393
-2266
-1288
-701
-1221
-572
-923
-806
161
-833
-1751
176
-1472
-2880
604
-4173
-3126
119
-10496
-4446
-1492
-9043
-2095
-2664
-4348
447
-2059
-3546
1648
-720
-2397
2541
-456
-1696
1910
-601
-2233
1172
-337
-3014
1039
-623
-8474
1587
-1144
-12544
-2300
-1385
-7543
-3700
-1523
-2837
-2386
-907
-946
-1762
-288
-283
-1076
100
-21
-1384
715
-58
-1621
697
-2280
-2795
426
-9227
-4766
-796
-12448
-5197
-2606
-6137
-2000
-3115
-2496
294
-1287
-2336
1970
-131
-2080
2431
-278
-2672
1705
-228
-1928
1561
-567
-4160
1295
-1000
-11577
-1528
-1544
-10456
-4091
-1977
-5541
-3156
-1594
-1638
-1869
-853
-1169
-1154
-548
-532
-1077
103
-262
-1306
564
-921
-1750
657
-2328
-2495
726
-7063
-4127
36
-11399
-4752
-1741
-7981
-3343
-2397
-4442
-769
-1806
-4108
660
-917
-3300
1643
-552
-2608
1771
-668
-1400
1354
-775
-1185
1146
-1069
-5351
2101
-566
-12272
-1015
-1128
-10053
-3923
-1649
-4502
-2763
-1001
-1100
-2097
-442
587
-1092
-513
-686
-1460
96
-1343
-1716
412
-1317
-2066
798
-3298
-2727
979
-9816
-3793
898
-11485
-4132
-1860
-5759
-1637
-2337
-2727
922
-884
-3280
2273
-390
-1858
2239
-697
-1611
1567
-398
-2260
1135
-623
-4686
1280
-958
-12464
-1330
-1559
-10082
-3654
-2097
-5460
-2781
-1338
-1660
-2172
-865
-620
-1452
-559
-452
-1240
235
-166
-1337
527
-901
-1897
736
-2912
-3153
533
-10847
-5554
-538
-12200
-4891
-1676
-5340
-1092
-1794
-2200
1616
-624
-2527
2445
-89
-1486
2129
-460
-1395
1355
-548
-2504
934
-905
-4970
1315
-1342
-11018
-239
-1991
-12324
-3533
-1908
-5952
-4019
-1501
-827
-2100
-507
454
-907
-218
-797
-1370
523
-456
-1520
587
-1523
-2503
476
-5622
-4473
165
-10447
-5324
-340
-9074
-2621
-1220
-4506
288
-1037
-2655
1882
-1051
-1753
2060
-989
-975
1844
-729
-1383
1545
-479
-2899
1217
-562
-8095
1067
-681
-12372
-1132
-1548
-10458
-3612
-1385
-4736
-2567
-1007
-1573
-1740
-668
-777
-919
168
-536
-1054
768
-147
-1337
844
-563
-1693
931
-2853
-3285
24
-11284
-6049
-656
-12282
-4593
-2150
-5528
-1036
-1479
-2737
1893
-236
-2106
2906
-326
-2306
2002
-344
-2206
1172
-205
-1450
1329
-445
-3359
1698
-420
-12549
515
-219
-13384
-3277
-464
-6428
-3836
-681
-994
-2761
-118
175
-1564
182
-613
-1489
940
-181
-1529
864
-1055
-2058
581
-2776
-3057
-11
-9965
-4883
-854
-11838
-4103
-1639
-5997
-1288
-1685
-2615
848
-947
-2286
1593
-359
-1933
1699
-433
-2432
907
-633
-2509
830
-834
-3516
1363
-809
-10364
251
-683
-11514
-3238
-863
-6129
-3465
-1031
-2226
-2576
-660
-700
-1514
-550
-654
-1081
184
-496
-1182
521
-1063
-1706
702
-2130
-2851
715
-8217
-4750
-146
-12288
-4919
-1341
-7119
-1839
-1965
-3428
425
-690
-2383
1768
87
-1402
1924
-157
-1666
1214
-403
-2303
777
-954
-2563
896
-1501
-7734
1236
-1948
-12750
-1057
-1927
-9112
-2940
-1509
-3016
-2451
-1206
-867
-1640
-643
-635
-921
-81
-154
-1170
384
-279
-1373
574
-1202
-2470
300
-6449
-4439
-254
-12899
-5445
-1248
-9421
-2690
-2076
-4399
-125
-1799
-2378
1129
-880
-1739
2287
-455
-1018
2035
-435
-764
1584
-291
-2406
1045
-483
-7608
1042
-1208
-11814
-779
-2086
-9515
-3705
-2039
-3787
-2932
-1666
-1132
-2356
-1248
-627
-1279
-400
-52
-1590
366
243
-2394
657
-777
-2916
345
-8847
-5379
-348
-10919
-3589
-1632
-8437
-1733
-2008
-4796
192
-1692
-1943
1497
-1177
-1891
2108
-755
-1345
1695
-724
-1716
901
-800
-4373
203
-1068
-7262
538
-2123
-10133
-1601
-2978
-8435
-3205
-2316
-4020
-2378
-1546
-1799
-1603
-800
-1168
-967
-182
-608
-1008
331
-886
-1489
608
-1639
-2478
338
-5211
-3868
-432
-10552
-4808
-1855
-8729
-2429
-2335
-4878
41
-1393
-3174
1757
-363
-2450
2391
-116
-1432
1818
-367
-942
1117
-751
-2906
261
-958
-7287
484
-1591
-10781
-1252
-2695
-9712
-2863
-1974
-4656
-2518
-1456
-1695
-2041
-793
-1263
-1418
-39
-337
-1116
418
-398
-1350
746
-934
-2165
498
-4784
-4594
-532
-9967
-5421
-1798
-8779
-2771
-2181
-6548
-555
-1460
-2752
1616
-1267
-2701
1927
-777
-1460
1729
-613
-1304
1054
-748
-2553
616
-652
-3902
761
-1018
-9091
702
-1711
-11078
-1416
-1996
-8310
-3206
-1585
-3331
-2693
-1052
-870
-1613
-323
-459
-1138
103
-210
-1355
532
-805
-2248
277
-2939
-3471
-11
-7554
-4180
-1352
-9723
-3428
-2560
-6732
-1064
-2384
-3660
970
-1726
-2980
2090
-1159
-2777
2589
-1211
-2171
1635
-904
-1516
898
-927
-2337
1659
-1043
-10706
1755
-1554
-13029
-1871
-1981
-6837
-2852
-1696
-1623
-2394
-736
-486
-1667
-565
-547
-1631
-64
-152
-2117
161
-575
-2338
11
-4342
-3414
-363
-8636
-2881
-1494
-10445
-2424
-2786
-6400
-541
-2721
-3205
764
-1703
-2568
1159
-617
-1487
1668
-525
-1064
1676
-479
-1727
1231
-674
-5763
1540
-1419
-12320
475
-2152
-10262
-3323
-2237
-4057
-3218
-1612
-1619
-2696
-793
-804
-1448
-179
-308
-1347
359
-353
-1563
521
-1380
-2289
436
-3414
-3415
-9
-9360
-4004
-900
-10836
-3844
-2328
-6531
-919
-2333
-3762
1153
-1566
-3297
2020
-907
-2676
1896
-943
-2316
1021
-963
-2475
658
-1235
-3408
654
-1799
-8671
783
-1947
-10164
-867
-1826
-7292
-2660
-1406
-2724
-2191
-1169
-1380
-1698
-740
-443
-1098
-285
-364
-1605
161
-1201
-1782
292
-2456
-2600
290
-5734
-3508
182
-11130
-4403
-996
-9060
-2353
-2128
-5530
-149
-1762
-4081
1514
-660
-2905
2232
-756
-1961
1522
-1085
-1399
1077
-888
-1790
778
-688
-5762
1330
-1059
-11859
-526
-1524
-9810
-2675
-1578
-4547
-2602
-1473
-1221
-2145
-936
-724
-1536
-522
-272
-1381
-104
-126
-1515
382
-1200
-2501
593
-4837
-3849
416
-11100
-4687
-1033
-9772
-3530
-2582
-6049
-1250
-1497
-3444
287
-282
-1797
1833
151
-1830
2045
160
-609
1953
-242
-710
1016
-1051
-4456
652
-1179
-10380
816
-1888
-11690
-2148
-2212
-7818
-3261
-1851
-2325
-2437
-1706
-1053
-1704
-845
-919
-1169
-63
-797
-1475
557
-924
-1584
590
-1842
-2266
263
-6316
-3940
80
-12543
-4446
-1146
-9321
-2484
-1629
-3831
330
-1468
-1857
1196
-948
-1980
1955
-170
-899
2064
-447
-757
1408
-617
-2249
1284
-635
-7823
1728
-767
-12768
-684
-1054
-9343
-3208
-1194
-4025
-2731
-1142
-1190
-1975
-432
-804
-1503
33
-574
-1744
573
-415
-1908
662
-1360
-2564
749
-7634
-4124
436
-10917
-4555
-1945
-8216
-2444
-1736
-4023
165
-1568
-2768
1786
-988
-2293
2136
-738
-1488
1722
-850
-1666
1277
-641
-1882
1297
-665
-7171
1806
-448
-13869
-1307
-161
-9741
-3669
-498
-3957
-2857
-802
-1256
-2066
-285
-686
-1467
209
-260
-1563
731
112
-1455
541
-901
-2652
252
-5898
-4452
-488
-12062
-5104
-2018
-9057
-2541
-2573
-3730
-83
-1969
-2545
1304
-721
-2030
2451
-383
-2136
1690
-467
-2556
1340
-225
-2752
1637
-349
-7631
1528
-671
-13390
-1861
-894
-9091
-4635
-1407
-3208
-3376
-1062
-925
-2458
-391
-534
-1368
-94
-556
-1269
341
-575
-1614
544
-1393
-2251
156
-3399
-3415
-88
-9584
-4516
-278
-11426
-4161
-1344
-6063
-1314
-1624
-3167
608
-1204
-2760
1365
-673
-1944
1878
-650
-1205
1676
-655
-1375
1149
-786
-2447
825
-746
-8196
1700
-1255
-13777
-1367
-911
-9485
-3511
-1220
-3360
-3088
-1337
-813
-2546
-623
-530
-1958
-445
-391
-2035
85
-706
-2031
460
-2484
-2823
387
-6256
-3649
-241
-10360
-3677
-680
-8596
-1891
-1299
-4757
505
-941
-2784
1694
-554
-2547
2284
-403
-2240
1746
-666
-2298
1165
-752
-2240
675
-1012
-4255
1198
-1431
-11313
258
-1622
-11324
-2360
-1661
-5678
-2537
-1701
-1368
-1719
-1420
-1183
-1314
-761
-237
-1106
-194
-692
-1610
330
-1362
-2064
415
-2158
-2807
195
-7691
-3829
-220
-11482
-3580
-1432
-7801
-1409
-1686
-4426
357
-1159
-3069
1307
-649
-2326
2074
-595
-2175
1734
-898
-2260
1020
-1178
-2268
916
-1158
-5830
1243
-1389
-11441
-279
-1665
-10110
-2591
-1433
-4403
-2590
-1470
-2052
-1906
-1001
-1611
-1335
-616
-690
-881
-183
-768
-1072
214
-788
-1412
387
-1322
-2466
563
-6577
-4105
677
-13193
-5324
-1163
-8065
-3266
-2836
-4580
-928
-718
-2831
1183
-288
-2464
1484
26
-2236
1725
-186
-1881
1181
-742
-1641
711
-1338
-4794
1127
-1615
-11602
-689
-1438
-11047
-3020
-1359
-5211
-3076
-1233
-1496
-2112
-784
-1540
-1472
-282
-490
-1032
92
-911
-1581
425
-1507
-2109
443
-2932
-3241
-24
-7958
-4593
-494
-10097
-4786
-1662
-6507
-2598
-1883
-3776
-367
-1044
-2396
1319
-487
-2075
1971
-1141
-1809
1610
-1152
-2404
1153
-866
-3373
994
-793
-7343
1134
-1091
-11621
-3208
-919
-9143
-3434
-981
-3489
-2331
-1061
-1796
-1679
-306
-667
-1394
49
-428
-1242
370
-1384
-2302
359
-2174
-3278
-102
-5333
-3955
-1307
-9089
-4086
-2246
-8604
-2488
-2362
-5607
-350
-1496
-3434
1013
-348
-2597
2018
-155
-1474
2219
-776
-1020
1719
-1304
-2781
1327
-1289
-4300
1921
-1264
-11385
939
-1670
-11467
-2243
-1871
-6399
-2791
-1255
-1822
-2314
-728
-1121
-1888
-147
-595
-1290
572
-558
-1768
516
-1627
-2814
-572
-3763
-3650
-681
-7879
-3795
-1453
-9930
-3090
-1644
-7027
-1447
-1522
-2916
938
-1047
-2353
1927
-636
-2586
2093
-812
-2466
1312
-1220
-1644
893
-1407
-2755
1410
-1118
-9232
686
-1318
-11832
-1795
-1505
-7416
-2486
-1761
-3039
-2207
-1404
-1776
-1594
-755
-896
-998
-196
-247
-1063
52
-1061
-1505
518
-2010
-2823
236
-6433
-4461
-542
-10768
-5463
-1713
-7962
-2714
-2259
-4287
213
-2061
-3995
1415
-630
-3120
2682
-28
-2104
2341
-367
-1492
1658
-698
-1778
788
-1323
-6344
1252
-1785
-10579
864
-2010
-11114
-2247
-2271
-6511
-2420
-2056
-3212
-2217
-1235
-1555
-1518
-838
-1359
-1542
-462
-667
-1696
52
-762
-1909
134
-1757
-2623
81
-6024
-3858
-989
-10408
-4256
-1789
-8296
-2265
-2264
-4438
2
-1456
-3469
1295
-399
-2861
2525
-385
-1775
2270
-524
-1204
1643
-724
-3130
838
-1254
-7401
443
-2098
-10485
-1199
-2518
-8275
-2448
-1956
-3791
-2052
-1391
-1924
-1602
-952
-1454
-1439
-423
-482
-1426
204
-724
-1784
332
-2160
-2784
424
-5522
-3843
-241
-9177
-4233
-1417
-8496
-2941
-2152
-5672
-694
-2334
-3674
1147
-1449
-2563
2218
-1010
-1142
1803
-902
-406
1660
-680
-1234
1241
-622
-5592
1378
-1247
-11417
-347
-2245
-10200
-2516
-2534
-5569
-2409
-1859
-1788
-1482
-1298
-1553
-1188
-788
-483
-979
-289
-701
-1443
289
-1542
-2270
413
-3442
-3419
-15
-8346
-4302
-1031
-10057
-3851
-1928
-6420
-1262
-1881
-3881
722
-1308
-3420
1688
-890
-2316
2050
-746
-1578
1507
-887
-1765
997
-1292
-2966
915
-1445
-8874
1071
-1866
-11394
-1292
-1919
-7638
-2995
-1602
-3298
-2522
-1220
-2121
-1925
-545
-1400
-1388
200
-612
-1250
630
-1133
-1673
690
-2271
-2690
346
-5276
-3282
-506
-9123
-3564
-1604
-8868
-2606
-2118
-4601
-571
-1978
-2534
787
-1422
-2409
1633
-871
-1946
1813
-697
-2363
1192
-732
-2357
1095
-896
-5221
1308
-1211
-10655
-742
-1346
-9366
-2476
-1484
-5572
-2479
-1192
-2962
-1920
-740
-2251
-1420
-275
-923
-1119
166
-725
-1605
382
-1070
-2146
421
-1897
-2788
63
-7929
-4271
-725
-11363
-4261
-1956
-6802
-1539
-2138
-3232
575
-1521
-2316
1777
-739
-2096
2100
-499
-1741
1477
-614
-2149
972
-833
-3020
1082
-814
-8593
1075
-1050
-12063
-1579
-1390
-7945
-3134
-1255
-3052
-2458
-839
-1499
-1884
-203
-885
-1275
118
-416
-1324
413
-857
-1764
355
-2389
-3031
14
-6131
-4159
-332
-11084
-4234
-1680
-8199
-2032
-2268
-3994
302
-1542
-2293
1589
-843
-1755
2120
-784
-1051
1820
-849
-1988
1053
-953
-4357
675
-1050
-8896
335
-1970
-10063
-2526
-2451
-6693
-2900
-1972
-3799
-4088
-1479
-2547
-1652
-856
-1600
-1032
-2136
-637
-920
311
-857
-1142
633
-1401
-1957
500
-3975
-3241
-176
-9844
-4355
-819
-10003
-3399
-2297
-5289
-759
-2639
-3918
681
-882
-2844
1897
-276
-1863
1898
-357
-1691
1442
-477
-2005
1073
-543
-3565
1167
-1158
-9138
423
-2208
-10522
-2404
-2673
-6305
-2479
-2363
-3218
-2223
-1715
-1933
-1768
-1034
-1078
-1258
-496
-611
-1210
189
-1025
-1581
517
-2488
-2571
292
-5397
-3067
-443
-8645
-2827
-1161
-8792
-1698
-1505
-6649
-645
-1638
-3700
504
-1740
-2078
1638
-1796
-1707
1671
-1266
-1169
1344
-694
-1963
797
-688
-5710
1080
-763
-10725
-334
-1472
-8958
-2411
-1990
-5653
-2307
-1461
-2622
-2033
-1024
-1279
-1504
-405
-510
-879
328
-139
-953
570
-1401
-1777
642
-4402
-3726
-78
-9551
-4736
-834
-9665
-3461
-1850
-6114
-1272
-2485
-3547
605
-1777
-3103
1974
-690
-1526
2374
-705
-889
1519
-1065
-931
995
-987
-3067
1099
-923
-10511
412
-2024
-11617
-1717
-2610
-7073
-2575
-2107
-2473
-1867
-1569
-1081
-1421
-946
-675
-923
-293
-824
-1276
382
-1276
-1751
650
-3133
-3253
208
-8207
-3722
-387
-9474
-2800
-1666
-6634
-897
-2478
-4302
942
-1925
-3627
1776
-854
-2304
2337
-876
-1925
1227
-1217
-1650
794
-1051
-2195
924
-940
-7470
1396
-1489
-11315
-333
-1624
-8104
-1543
-1696
-4438
-1554
-1409
-1881
-1421
-896
-1205
-832
-193
-845
-968
433
-1099
-1568
573
-1616
-2097
199
-3621
-3108
-575
-9928
-4394
-1963
-10632
-2590
-2619
-5876
207
-2885
-3032
1501
-1891
-1994
2417
-611
-1317
2425
-561
-1361
1705
-644
-2407
890
-646
-4369
950
-994
-10693
1229
-1680
-11179
-1178
-2444
-6427
-1984
-1854
-2850
-2062
-1060
-3216
-2001
-338
-626
-1243
517
-301
-1420
661
-429
-1787
602
-2169
-2705
255
-7061
-3904
-839
-9682
-3091
-1584
-9089
-1630
-2135
-5412
36
-2297
-2909
1371
-2201
-3203
1662
-1229
-2179
2037
-668
-1336
1846
-664
-2706
1523
-679
-8967
1562
-983
-12043
-936
-1252
-8117
-2663
-1414
-3569
-2561
-989
-1507
-2347
-338
-448
-1734
32
-57
-1562
633
-357
-1905
627
-1919
-3158
548
-9152
-4525
-856
-12028
-2722
-2964
-7246
-753
-3666
-3849
-72
-1833
-2403
583
-17
-3408
1506
321
-496
2181
-279
-208
1453
-2026
-3742
809
-374
-7211
2155
-1034
-12199
-284
-2300
-10928
-3077
-1836
-4293
-2555
-1909
-1141
-2130
-1100
-624
-1297
-653
-422
-1380
239
-185
-1806
628
-1364
-2678
1004
-5101
-3823
-529
-8566
-3758
-1197
-9852
-3328
-2343
-6537
-725
-2933
-4404
574
-1736
-3345
1694
-752
-1869
2028
-675
-1113
1866
-619
-1497
1421
-784
-6472
1302
-1233
-11641
-155
-1915
-8845
-2060
-2095
-3828
-2634
-1374
-1952
-1722
-1029
-1788
-1425
-248
-547
-1284
278
-1076
-1701
439
-1370
-2159
605
-3002
-3510
244
-9824
-4546
-2872
-11388
-4078
-2126
-6200
-1454
-2353
-3524
388
-1460
-2534
1379
-589
-1488
1964
-501
-885
1731
-486
-1472
1094
-661
-4056
890
-1210
-9484
798
-2132
-11039
-2005
-2626
-7278
-2965
-2231
-2982
-2121
-1752
-1627
-1598
-1113
-931
-1215
-421
-330
-1316
153
-539
-1546
522
-1556
-2250
412
-4242
-3551
-89
-10490
-4299
-1317
-10756
-2804
-2012
-6920
-36
-1656
-3096
1851
-1206
-2781
2167
-777
-1532
1850
-1005
-1478
912
-1092
-2457
738
-821
-5970
1124
-1569
-10795
-163
-2080
-9034
-1793
-2027
-5085
-1880
-1526
-2819
-1505
-894
-1645
-1301
-182
-298
-904
251
-524
-1368
592
-1054
-1942
810
-3344
-3132
50
-10675
-5376
-1549
-9901
-4413
-2639
-4659
-1145
-2296
-2672
538
-571
-1791
2133
85
-2326
2448
-287
-2734
1720
-391
-2106
1580
-615
-4626
1500
-1068
-11479
188
-1600
-11987
-2479
-1498
-6802
-3069
-1231
-2034
-2649
-674
-1177
-1788
-151
-436
-1262
262
-204
-1515
607
-597
-1621
472
-2212
-2693
19
-7802
-4615
-873
-10842
-4337
-2276
-7287
-1944
-1976
-3575
361
-1305
-2636
1551
-781
-2375
2028
-778
-2661
1491
-741
-2392
1211
-726
-2330
1284
-941
-7100
1422
-1105
-12784
-823
-955
-10322
-2538
-941
-4315
-3004
-750
-1150
-2266
-287
-1183
-1727
283
-16
-1457
613
-324
-1543
644
-1045
-2182
346
-4256
-3788
-516
-11780
-5915
-2041
-9934
-3693
-1961
-5448
-624
-1486
-2514
1760
-779
-2812
2828
-554
-2390
2559
-835
-3560
1900
-1076
-2698
1099
-951
-4737
1419
-796
-11908
17
-1278
-12005
-3350
-1893
-5538
-3467
-1667
-1267
-2140
-1079
-737
-1430
-413
-1018
-1464
475
-940
-1846
669
-914
-2541
526
-2981
-3441
93
-8005
-5052
-1463
-11352
-4077
-2006
-7498
-544
-1510
-4102
1778
-1162
-3174
2857
-674
-2200
2617
-1272
-632
1864
-1270
-1450
1276
-625
-3357
938
-702
-10310
2376
-1309
-13740
-1839
-1969
-8096
-3861
-1984
-1799
-2564
-959
700
-1198
-985
-565
-1343
-65
-361
-1551
600
-1191
-2426
594
-2194
-2974
40
-6568
-3764
-435
-10940
-3588
-1240
-9612
-1974
-2771
-5965
-281
-1759
-3331
1550
-659
-2308
1850
-511
-1479
1540
-228
-441
1294
-673
-949
851
-943
-4816
1561
-1012
-12449
789
-1665
-10957
-2382
-1940
-5331
-2438
-2038
-679
-1978
-1816
-858
-1316
-942
-1119
-1067
-265
-1195
-2270
389
-1672
-2634
487
-3202
-2985
12
-6362
-2907
-617
-10509
-2864
-1781
-8947
-1021
-1534
-5433
1158
-1380
-3304
2013
-1161
-2174
1957
-1368
-1144
1956
-1113
-902
1566
-853
-2580
846
-1015
-7164
2032
-1704
-11893
-514
-2547
-7902
-3544
-2306
-2812
-2155
-1821
-1785
-2000
-1033
-580
-1377
-542
-332
-1378
48
-928
-1666
293
-2811
-2968
115
-6075
-4040
-680
-9064
-3229
-1346
-9938
-1557
-1401
-6640
75
-1776
-2941
1462
-1955
-2585
1712
-1724
-1252
1498
-652
-550
1712
-233
-1404
1369
-645
-5045
1434
-969
-11402
1602
-1966
-11653
-1300
-2432
-6388
-2435
-1921
-1643
-2044
-1245
-381
-1785
-866
-308
-1760
-480
-663
-2218
137
-1223
-2451
237
-3383
-2948
-14
-7684
-2879
-919
-10455
-3011
-1686
-7728
-1165
-2152
-4592
801
-2116
-3204
1773
-1649
-1923
2277
-1632
-1642
1718
-1249
-1471
1084
-933
-3071
541
-941
-8615
1151
-1588
-10055
-354
-1758
-8248
-1620
-1326
-4128
-1600
-1243
-1754
-1792
-574
-1057
-1559
120
-156
-1640
459
-534
-2265
436
-2257
-3314
-345
-8533
-4043
-1509
-10169
-2798
-2453
-7189
-588
-2440
-3831
460
-2476
-2448
836
-1532
-1738
1452
-836
-1181
1713
-728
-1818
1415
-640
-3740
1339
-449
-9073
1153
-938
-10716
-938
-1565
-8557
-2708
-1258
-4149
-2481
-1108
-1755
-2170
-589
-649
-1344
-67
-407
-1356
373
-702
-1773
337
-1849
-2351
-5
-6164
-3635
-794
-10440
-3195
-2018
-9193
-1962
-2523
-4067
395
-2446
-2679
1187
-1765
-2479
1666
-493
-3200
1926
-442
-1510
1595
-442
-1966
1437
-379
-7023
1769
-948
-12209
-588
-1673
-9266
-2476
-1978
-4468
-2401
-1522
-1417
-2077
-834
-888
-1401
-264
-177
-1434
97
-165
-1648
528
-1718
-2856
333
-6572
-3993
-146
-11107
-4176
-2015
-8806
-2270
-2504
-4589
-254
-1979
-2828
1029
-698
-1875
2386
-79
-1626
2611
-96
-1272
1880
-402
-1498
1179
-618
-4945
1343
-1102
-12761
733
-1206
-12001
-3050
-1814
-5215
-2892
-2009
-1499
-2114
-1050
-849
-1568
-604
-600
-1428
-7
-365
-1817
399
-1092
-2474
644
-1994
-2942
267
-6644
-3710
-763
-12533
-3952
-1844
-9403
-1480
-1930
-5107
308
-1368
-2508
1546
-1055
-1490
2204
-1112
-1461
1784
-642
-1555
1125
-574
-3111
851
-624
-8783
1330
-1317
-11525
-1067
-2030
-7714
-2577
-2241
-3746
-2233
-1763
-1762
-2050
-1158
-793
-1266
-509
-547
-1350
268
-999
-1776
523
-1872
-2491
681
-3897
-3326
161
-9609
-4363
-853
-10272
-3132
-1714
-6665
-796
-1617
-3376
969
-1232
-2176
1992
-797
-1684
2158
-717
-1042
1557
-769
-1538
877
-782
-4673
921
-994
-11089
199
-1797
-10787
-2305
-2188
-6231
-2803
-2028
-2580
-2389
-1299
-1625
-1835
-675
-421
-1235
-232
-687
-1461
506
-1061
-1652
487
-2578
-2739
406
-6997
-3546
-378
-10822
-3935
-1657
-7780
-2405
-1857
-4156
-451
-1474
-2884
414
-978
-1989
1576
-757
-1327
1748
-679
-1447
1222
-671
-2309
900
-739
-5776
1074
-1294
-10666
361
-1821
-10836
-2338
-2061
-6307
-2678
-1514
-2677
-1864
-1130
-1482
-1416
-346
-406
-1150
445
-2216
-1369
855
-458
-1880
693
-2713
-3147
-51
-9315
-4583
-1075
-10978
-3922
-1951
-6568
-1227
-2329
-2950
979
-1620
-2812
1947
-516
-1532
2255
-569
-1397
1602
-611
-1820
1186
-550
-4365
1532
-617
-11443
742
-1014
-12149
-2597
-1260
-6685
-3349
-1079
-2300
-2435
-557
-1414
-1933
20
-453
-1388
386
-162
-1464
720
-439
-2183
680
-2926
-3717
-8
-9373
-4964
-1120
-11301
-3982
-2652
-6440
-1246
-2833
-3163
950
-1146
-1949
2260
-298
-1471
2252
-383
-1700
1421
-419
-2144
1176
-335
-5727
1778
-441
-11322
398
-1235
-10399
-3178
-1465
-4885
-2913
-1487
-1542
-2040
-770
-792
-1247
-442
-825
-1283
64
-576
-1431
235
-1337
-2484
336
-4717
-3371
-35
-10895
-4693
-1614
-9263
-3167
-2311
-4280
-598
-2107
-2909
447
-950
-2036
1669
-287
-978
2032
-498
-1259
1546
-632
-2390
984
-750
-6265
1444
-1249
-12242
-549
-1765
-10399
-3471
-1974
-4037
-2744
-1724
-1603
-2189
-882
-1367
-1636
-510
-503
-1197
62
-496
-1289
501
-1056
-1845
407
-3033
-3127
-8
-7988
-4151
-908
-9999
-3663
-1469
-7123
-1594
-1772
-4470
20
-1798
-3025
970
-1148
-1929
1924
-569
-1028
1910
-462
-1066
1376
-630
-3179
888
-780
-8453
1189
-1458
-11576
-771
-2237
-8228
-2214
-2119
-3714
-1826
-2023
-2103
-1978
-1285
-1379
-1503
-563
-607
-1326
130
-710
-1623
495
-1421
-2252
268
-4105
-3415
-50
-8920
-3901
-1062
-9877
-2911
-1858
-6842
-852
-1588
-4058
825
-1096
-2822
2164
-1079
-2252
1911
-1265
-1308
1405
-838
-899
970
-731
-3751
799
-817
-9446
1353
-1422
-10797
-1031
-1806
-7455
-2530
-1685
-3793
-2094
-1455
-1611
-1846
-904
-800
-1285
-448
-516
-1353
520
-564
-1666
656
-1973
-2817
-206
-4636
-3740
-1599
-10088
-4246
-3329
-8565
-2187
-3060
-4601
225
-2279
-3169
1430
-1531
-2568
2260
-1091
-1242
2135
-886
-1368
1354
-601
-2240
398
-932
-7625
1070
-1624
-12052
77
-2088
-10022
-3232
-1980
-3924
-2279
-1527
-1933
-1701
-725
-1128
-1508
-166
-349
-1350
273
-343
-1447
712
-927
-2130
655
-5175
-3667
57
-10945
-4715
-1300
-8968
-3084
-2339
-5512
-444
-2018
-3009
1292
-3408
-2689
2120
-505
-1298
2124
-436
-1107
1249
-582
-2389
878
-542
-6008
1050
-1141
-11602
196
-1582
-10687
-2337
-1533
-5722
-2688
-1290
-2500
-1965
-790
-1296
-1647
-80
-286
-985
249
-677
-1277
570
-908
-1359
599
-1804
-2051
26
-7284
-3922
-1038
-10774
-3989
-2372
-8388
-1272
-2449
-5312
131
-2006
-2750
855
-1233
-1379
1807
-736
-1303
1759
-713
-1890
1094
-733
-2279
1142
-686
-7137
1785
-1374
-12552
-728
-1850
-9079
-2919
-1746
-3808
-2389
-1200
-1130
-1886
-223
-434
-1348
269
-508
-1320
610
-749
-1550
714
-1571
-2467
296
-5256
-3807
-1021
-10639
-3477
-2513
-9642
-2013
-3846
-4836
-371
-2934
-1868
597
-672
-961
1102
74
-1003
1724
-2
-541
1518
-882
-2895
678
-983
-7094
2039
-1637
-11215
670
-2915
-10474
-2391
-2283
-5550
-2078
-1633
-2524
-1908
-731
-1048
-1517
-101
-448
-1105
610
-370
-1333
832
-824
-1660
748
-2122
-2778
45
-8056
-4100
-1055
-11439
-3675
-2105
-7833
-1247
-2534
-4501
234
-2202
-3312
1160
-933
-2305
2097
-261
-1239
2059
-392
-695
1381
-633
-1919
863
-720
-7821
956
-1347
-12775
-989
-1897
-8507
-2994
-1809
-3841
-2344
-1335
-1943
-2029
-882
-1102
-1179
-449
-324
-1046
67
-498
-1190
505
-1214
-1843
374
-4190
-3574
-63
-10538
-5077
-1215
-9413
-3734
-2392
-5338
-1294
-2327
-3446
-218
-1663
-2727
1292
-467
-1741
2323
-288
-1114
1903
-534
-1792
1237
-486
-4548
1004
-977
-11456
-12
-1887
-10490
-2067
-2016
-5881
-2647
-1687
-2697
-2028
-1071
-1660
-1546
-669
-835
-985
-160
-616
-1149
573
-792
-1585
670
-2038
-2832
344
-6968
-4199
-351
-11305
-4719
-1779
-6889
-1936
-2292
-4171
149
-1632
-3541
1145
-600
-2070
2027
-443
-1338
1763
-624
-918
1367
-738
-2759
934
-938
-9478
625
-1707
-10933
-1101
-2323
-7629
-2464
-2062
-3284
-2231
-1761
-2002
-1717
-1143
-1345
-1273
-483
-302
-1104
36
-245
-1550
659
-1545
-2798
510
-7017
-4926
431
-9788
-4137
-895
-8075
-2312
-2367
-5598
-292
-1461
-3463
1418
-375
-2254
2475
-220
-1407
2138
-565
-550
1317
-1002
-2806
697
-1028
-7191
1159
-1541
-11158
-259
-2540
-10123
-2347
-1948
-4687
-2308
-1536
-2069
-1778
-1216
-1460
-1310
44
-345
-933
488
-463
-1371
867
-1226
-2525
633
-5972
-4852
137
-10916
-5332
-327
-9340
-3090
-1000
-5086
140
-1063
-2187
2621
-712
-2339
2987
-395
-984
2542
-886
-742
1646
-1086
-2442
1547
-832
-6573
2231
-1096
-14094
-277
-1645
-11215
-3158
-2039
-5491
-2927
-1056
-1343
-2292
-186
-664
-1365
265
-524
-1350
745
-262
-1561
639
-1160
-2498
412
-4138
-3807
-970
-10075
-4485
-1957
-9799
-2328
-3167
-4323
-19
-2646
-4420
1288
-900
-2568
2224
-740
-1273
1700
-939
-2550
1244
-627
-1917
1325
-863
-5094
2068
-1038
-12631
-68
-1224
-10844
-2808
-1657
-5270
-2800
-936
-1891
-1940
81
-1247
-1606
248
-430
-1478
662
260
-1432
852
-384
-1976
147
-3905
-3477
-737
