-520
1162
-3812
-437
1660
-4043
-680
1547
-3689
-793
1087
-3489
-923
1384
-3655
-760
1682
-4126
-715
1246
-3786
-637
1100
-4086
-526
1274
-4152
-469
1256
-4163
-303
1075
-4303
-389
626
-4120
-526
483
-3930
-657
583
-3753
-862
1689
-4196
-614
2308
-4402
-884
1414
-3138
-772
1566
-3193
76
786
-4058
409
-350
-4733
569
1170
-5115
-373
1715
-3755
-621
1455
-3638
-172
913
-4081
-288
1063
-3958
-550
1575
-3756
-442
1374
-3937
-266
1188
-4074
-368
1346
-3994
-400
1214
-4057
-467
817
-3983
-461
880
-4207
-503
1034
-4098
-403
1657
-4335
79
1480
-4822
-417
1402
-3454
-901
2286
-2557
-1202
3376
-1492
-1923
4586
-1590
-1089
3347
-2437
-1069
2358
-2550
-1018
2473
-2501
-414
2167
-3428
-103
1236
-4428
-267
486
-5026
-229
863
-4759
-498
1359
-6168
-656
1488
-3761
-754
2341
-3207
-860
2104
-3062
-834
1612
-3347
-584
1205
-3855
-452
1603
-3952
-541
2772
-3889
-456
2329
-3869
-376
1365
-3834
-365
1287
-3885
-390
1228
-3990
-395
1290
-4024
-383
1477
-3950
-399
1599
-3880
-348
1545
-3967
-339
1368
-3980
-361
1228
-3957
-387
1273
-3923
-400
1369
-3935
-383
1428
-3926
-380
1406
-3937
-361
1359
-3964
-368
1355
-3955
-391
1349
-3928
-392
1398
-3927
-366
1364
-3964
-362
1315
-3943
-359
1402
-3958
-382
1353
-3933
-385
1372
-3913
-323
1425
-4000
-354
1329
-3922
-410
1343
-3876
-361
1356
-3984
-313
1389
-4007
-349
1439
-3929
-362
1391
-3933
-342
1319
-3977
-346
1354
-3937
-352
1391
-3925
-374
1372
-3924
-401
1341
-3811
-328
1409
-4069
-69
1455
-4432
-147
1936
-4125
-309
2688
-3696
-637
2125
-2934
-1086
2624
-2338
-1122
3218
-2547
-986
2531
-2797
-912
2884
-2777
-964
2954
-2601
-898
2777
-3087
-834
2850
-3045
-868
2773
-3005
-749
2518
-3356
-740
2620
-3380
-778
2481
-3431
-694
2717
-3490
-924
2895
-2589
-1206
3083
-2111
-1231
2918
-2309
-1248
3221
-2179
-1098
3261
-2471
-1012
3188
-2564
-973
3236
-2501
-1013
3161
-2560
-1036
3170
-2520
-1023
3128
-2511
-1029
3123
-2522
-1014
3191
-2516
-1000
3132
-2599
-987
3126
-2636
-1000
3160
-2533
-1020
3207
-2560
-1010
3267
-2495
-1038
2594
-2877
-1105
2671
-3050
-1052
2915
-2862
-1040
2710
-2962
-1075
2771
-2955
-1121
2777
-2833
-1119
2748
-2895
-1095
2842
-2898
-1036
2812
-2956
-1058
2752
-2970
-1053
2808
-2994
-1039
2852
-2947
-1088
2855
-2847
-1160
2778
-2881
-1184
2872
-2600
-1226
3002
-2668
-1196
3031
-2702
-1277
3246
-2195
-1232
3442
-2147
-1243
2570
-2304
-948
3435
-2743
-596
2173
-3050
-521
1819
-3654
-300
1726
-4847
-203
902
-4467
-729
1961
-3616
-727
2173
-3621
-593
1909
-3870
-583
2225
-3618
-674
2317
-3440
-1008
1971
-2991
-1140
1723
-3090
-930
1387
-3430
-845
2009
-3632
-532
2138
-4031
-331
2068
-4088
-487
2218
-3581
-464
1831
-3681
-401
1508
-3894
-390
1691
-3808
-349
1662
-3953
-382
1560
-3907
-372
1548
-3861
-305
1471
-4021
-341
1407
-3936
-376
1305
-3969
-345
1295
-3955
-342
1254
-3925
-358
1419
-3963
-350
1344
-3945
-356
1294
-3974
-359
1338
-3953
-351
1365
-3952
-355
1291
-3967
-345
1292
-3973
-353
1359
-3963
-352
1343
-3969
-344
1327
-3951
-366
1324
-3952
-350
1334
-3983
-347
1274
-4023
-368
1204
-3961
-370
1225
-3970
-375
1303
-3985
-365
1274
-3981
-355
1229
-3995
-364
1251
-3986
-378
1251
-3964
-356
1232
-4010
-351
1281
-4012
-376
1252
-3957
-383
1196
-4008
-370
1205
-4020
-351
1259
-3996
-417
1156
-3881
-345
1476
-4135
-329
1450
-4073
-361
1351
-4047
-323
2071
-4083
-285
1795
-3959
-744
1618
-3148
-1047
2425
-2821
-907
2531
-3114
-814
2583
-3228
-657
2552
-3346
-623
2501
-3507
-689
2528
-3390
-750
2541
-3239
-761
2598
-3276
-935
2713
-2878
-1054
2959
-2684
-994
3090
-2559
-1083
3266
-2319
-877
3155
-2811
-883
2477
-2886
-868
2868
-3000
-752
2221
-3151
-673
1965
-3642
-405
2419
-3810
-843
1658
-3918
-816
1848
-3580
-755
2127
-3525
-662
1993
-3798
-685
1794
-3974
-640
2170
-3614
-786
2594
-3277
-912
1748
-3395
-965
1682
-3485
-963
2311
-3515
-1008
2161
-3458
-1029
1535
-3657
-980
1856
-3946
-994
1985
-3729
-1084
1882
-3446
-1169
1958
-3444
-1101
1900
-3532
-1042
1834
-3590
-1029
1728
-3657
-1009
1944
-3700
-1067
1975
-3521
-1078
2011
-3529
-1029
1883
-3639
-1046
1822
-3809
-1054
1748
-3666
-1081
1751
-3640
-1068
1739
-3661
-1057
1799
-3659
-1064
1828
-3649
-1044
1789
-3669
-1057
1796
-3689
-1056
1756
-3664
-1058
1741
-3662
-1059
1780
-3667
-1059
1791
-3654
-1040
1800
-3683
-1053
1753
-3680
-1055
1756
-3655
-1048
1776
-3690
-1057
1742
-3678
-1060
1756
-3667
-1063
1727
-3679
-1050
1737
-3703
-1063
1759
-3676
-1044
1711
-3731
-1063
1751
-3720
-1072
1647
-3591
-1077
1667
-3707
-1080
2041
-3903
-1049
1605
-3753
-1171
2003
-3630
-1216
2075
-3350
-1297
2078
-3276
-1311
1716
-3423
-1309
1814
-3505
-1344
2143
-3360
-1275
1970
-3393
-1322
1901
-3481
-1221
2155
-3626
-1132
1976
-3588
-1186
1889
-3607
-1245
1852
-3505
-1243
1961
-3579
-1157
1873
-3689
-1183
1631
-3661
-1368
2247
-3283
-1275
2125
-3320
-1314
2055
-3406
-1299
2218
-3354
-1280
2009
-3423
-1344
2170
-3302
-1341
2340
-3220
-1318
2375
-3194
-1216
2170
-3345
-1248
1684
-3791
-1243
1733
-4253
-1227
2093
-3488
-1542
2699
-2063
-1800
2961
-2364
-1579
2517
-2558
-1883
3270
-1512
-1202
3533
-2264
-1040
2632
-2884
-1029
2438
-2965
-506
2640
-3472
-321
1807
-3946
-170
1764
-4515
-33
1648
-4307
-441
1836
-3698
-698
2382
-3591
-661
2490
-3568
-505
2485
-3611
-658
2404
-3269
-935
2677
-2789
-1332
2332
-2446
-1496
1865
-2762
-1142
1636
-3297
-761
1838
-3665
-511
2249
-3979
-638
2731
-3437
-638
3099
-3117
-448
2737
-3286
-372
2327
-3493
-370
2475
-3427
-284
2757
-3280
-326
2343
-3446
-431
2623
-3216
-529
2846
-2921
-453
2893
-2941
-361
2869
-3011
-357
2899
-2939
-434
3048
-2975
-458
3096
-2785
-494
2748
-2808
-488
2854
-2940
-503
2947
-2857
-462
2976
-2888
-355
2836
-3206
-334
2695
-3295
-416
2439
-3201
-467
2513
-3307
-477
2543
-3265
-431
2438
-3295
-432
2407
-3364
-431
2415
-3314
-481
2306
-3466
-416
2141
-3722
-415
1766
-3697
-476
2063
-3829
-423
2352
-3746
-519
2245
-3522
-606
2414
-3476
-719
2417
-3298
-873
2515
-3006
-1010
2588
-2684
-1097
2850
-2802
-975
2857
-2767
-1047
3334
-2475
-1051
3030
-2411
-1225
3693
-2133
-1039
3290
-2181
-989
2686
-2850
-929
2581
-3175
-914
2600
-3136
-947
2878
-2924
-1031
3043
-2624
-1073
3120
-2580
-1053
3148
-2623
-966
3056
-2718
-983
3022
-2714
-1034
3057
-2654
-1094
3129
-2497
-1058
3073
-2618
-1046
3015
-2617
-1073
3074
-2552
-1073
3077
-2575
-1035
3164
-2562
-1044
3376
-2484
-1042
3017
-2537
-1133
3154
-2467
-1091
2518
-2865
-1089
2730
-2956
-1121
3466
-2430
-1093
3194
-2388
-1042
3033
-2729
-953
2783
-2646
-1004
2839
-2703
-439
2481
-3292
-475
1744
-3604
-315
1360
-4370
-115
1298
-4685
-489
1975
-3817
-803
2287
-3095
-617
1984
-3577
-435
1625
-3948
-428
1708
-4028
-554
1786
-3857
-458
1683
-3937
-473
1691
-3840
-610
1623
-3770
-779
1680
-3361
-924
2179
-3236
-905
1674
-3517
-661
1480
-3739
-694
2108
-3959
-699
2507
-3856
-479
1556
-3696
-589
1347
-3728
-653
1625
-3840
-607
1842
-3847
-569
1938
-3693
-531
1674
-3781
-509
1701
-3841
-487
1801
-3830
-515
1777
-3800
-525
1713
-3804
-548
1644
-3749
-498
1614
-3803
-517
1628
-3840
-530
1675
-3808
-512
1717
-3805
-519
1687
-3817
-533
1632
-3803
-521
1609
-3817
-516
1671
-3828
-525
1656
-3808
-518
1648
-3835
-516
1629
-3831
-528
1641
-3811
-533
1584
-3830
-520
1628
-3855
-526
1638
-3822
-515
1637
-3831
-511
1622
-3872
-558
1527
-3813
-532
1574
-3807
-562
1655
-3804
-499
1694
-3849
-515
1688
-3822
-539
1635
-3810
-507
1625
-3833
-513
1574
-3843
-494
1579
-3861
-530
1657
-3815
-498
1674
-3822
-493
1613
-3856
-569
1614
-3767
-502
1598
-3828
-492
1658
-3841
-504
1548
-3828
-506
1582
-3861
-472
1567
-3898
-469
1489
-3915
-490
1464
-3865
-505
1577
-3882
-491
1536
-3866
-483
1498
-3881
-492
1515
-3903
-465
1466
-3886
-478
1462
-3885
-493
1503
-3874
-474
1523
-3875
-489
1475
-3894
-483
1473
-3904
-484
1436
-3887
-458
1501
-3885
-457
1480
-3893
-481
1502
-3920
-434
1450
-4024
-380
1358
-4034
-390
1509
-4189
-437
1603
-4043
-646
2105
-3441
-522
3169
-3478
-851
2028
-2569
-1236
2720
-2479
-1128
2996
-2249
-1185
3399
-2136
-910
3522
-2419
-777
3274
-2665
-867
3275
-2563
-944
3158
-2491
-927
3126
-2527
-957
3108
-2552
-923
3107
-2623
-904
3165
-2570
-919
3128
-2611
-963
3192
-2551
-932
3159
-2608
-944
3081
-2669
-1031
3225
-2316
-1287
3589
-2037
-1088
3693
-2044
-923
2984
-2427
-1083
2578
-2805
-912
2061
-2975
-1018
2714
-2779
-474
2587
-3337
-299
1912
-3825
-214
1647
-4671
-201
1583
-4118
-632
2270
-3238
-717
2382
-3342
-457
1938
-3854
-325
1541
-4075
-470
1590
-4090
-476
1793
-3732
-543
1988
-3553
-694
1841
-3348
-778
1608
-3442
-613
1490
-3799
-625
1784
-3762
-511
1997
-4071
-533
2075
-3837
-590
1435
-3697
-504
1235
-3851
-496
1593
-3952
-484
1702
-3935
-420
1580
-3895
-402
1407
-4005
-430
1264
-3990
-454
1285
-3885
-466
1351
-3934
-442
1385
-3995
-432
1357
-3957
-452
1278
-4004
-479
1185
-3988
-479
1254
-3965
-509
1256
-3976
-406
1441
-4238
-428
1591
-3970
-527
1680
-3728
-820
1777
-3305
-911
2162
-3393
-666
2115
-3545
-666
2169
-3518
-629
2169
-3566
-692
2247
-3489
-673
2204
-3512
-681
2159
-3514
-678
2136
-3539
-677
2165
-3528
-684
2186
-3500
-630
2405
-3472
-724
2448
-3396
-750
2563
-3241
-781
2688
-3088
-908
2338
-2912
-1116
3592
-2152
-846
3805
-2234
-792
3121
-2618
-755
2876
-2788
-796
2855
-2555
-304
2525
-3200
-406
532
-4341
-458
999
-4780
-432
1690
-3982
-694
2269
-3331
-655
2066
-3572
-516
1678
-3900
-529
1781
-3804
-678
1941
-3632
-599
1895
-3732
-460
1792
-4023
-586
1615
-3960
-540
1802
-3619
-729
1787
-3393
-892
1836
-3286
-817
2018
-3519
-663
1886
-3742
-607
2031
-3711
-764
2587
-3407
-720
2818
-3320
-486
1834
-3599
-540
1727
-3757
-535
1905
-3789
-506
1875
-3712
-529
2156
-3571
-571
2448
-3384
-547
2357
-3357
-543
2399
-3411
-581
2329
-3324
-588
2241
-3339
-587
2080
-3485
-396
1927
-3726
-334
1973
-3836
-385
1979
-3689
-425
1818
-3617
-321
1799
-3781
-293
1726
-3870
-307
1855
-3780
-235
1750
-3843
-234
1594
-3863
-266
1615
-3874
-283
1605
-3873
-299
1565
-3866
-269
1564
-3995
-291
1397
-3934
-369
1303
-3910
-394
1329
-3854
-394
1294
-3855
-338
1453
-3986
-327
1501
-3975
-339
1406
-3931
-354
1338
-3938
-347
1356
-3941
-360
1426
-3913
-340
1422
-3952
-321
1382
-3955
-365
1362
-3926
-360
1360
-3933
-339
1353
-3959
-355
1390
-3950
-354
1398
-3924
-340
1357
-3950
-347
1348
-3948
-357
1401
-3932
-347
1348
-3944
-359
1322
-3947
-352
1399
-3971
-346
1370
-3947
-339
1362
-3931
-348
1364
-3952
-357
1345
-3959
-341
1379
-3945
-339
1378
-3949
-348
1375
-3956
-348
1346
-3950
-352
1328
-3947
-360
1343
-3939
-357
1353
-3940
-351
1364
-3962
-349
1329
-3955
-341
1356
-3963
-359
1339
-3944
-365
1365
-3944
-353
1354
-3962
-337
1324
-3968
-327
1420
-4049
-324
1559
-4081
-296
1755
-4071
-196
2387
-4266
-346
2060
-3664
-932
1706
-2842
-1273
3010
-2450
-1355
3416
-1864
-1293
3246
-2097
-1053
2961
-2421
-926
2737
-2683
-199
3110
-3513
-240
1448
-4018
-1022
1407
-3933
-759
1754
-3831
-800
1925
-3609
-766
2285
-3519
-816
2287
-3450
-795
2043
-3578
-709
1947
-3617
-716
2027
-3665
-842
2156
-3472
-713
2020
-3662
-700
1716
-3822
-749
1674
-3776
-718
1833
-3733
-712
1898
-3599
-770
1867
-3657
-822
1768
-3493
-788
1963
-3491
-738
2381
-3448
-856
2557
-3258
-810
2120
-3356
-608
1243
-3842
-414
1293
-4221
-522
2162
-3816
-508
2110
-3689
-391
1620
-3963
-537
1514
-3841
-540
1446
-3797
-440
1420
-3943
-467
1626
-3906
-473
1666
-3916
-494
1630
-3971
-475
1582
-3898
-458
1277
-3870
-534
1265
-3901
-592
1278
-3875
-592
1355
-3889
-555
1387
-3936
-553
1358
-3947
-557
1359
-3933
-572
1322
-3945
-553
1319
-3949
-562
1327
-3931
-561
1365
-3934
-552
1390
-3950
-527
1402
-3994
-540
1167
-4034
-598
1336
-3947
-635
1405
-3835
-651
1501
-3889
-575
1356
-3985
-577
1195
-3934
-609
1547
-3939
-476
1846
-4112
-582
1914
-3746
-775
2317
-3354
-1237
2332
-2745
-1039
2814
-2977
-1001
2328
-3160
-1075
2531
-2897
-991
2607
-3057
-732
1957
-3383
-759
2731
-3336
-560
2638
-3258
-603
2620
-3264
-579
2642
-3204
-381
2449
-3374
-521
2251
-3622
-694
2484
-3319
-429
2225
-3502
-458
1985
-3671
-447
1906
-3729
-360
1624
-3845
-423
1641
-3951
-424
1791
-3823
-376
1852
-3853
-430
1911
-3840
-495
1917
-3737
-567
1617
-3783
-678
1673
-3559
-782
2094
-3286
-871
2011
-3436
-766
1698
-3625
-745
1821
-3517
-728
2440
-3595
-505
2291
-3541
-542
2088
-3523
-462
2119
-3759
-365
2033
-3730
-409
2119
-3673
-415
2016
-3673
-470
2236
-3470
-413
2314
-3560
-481
2607
-3373
-558
2781
-3111
-684
2813
-2873
-690
2943
-2855
-666
2995
-2837
-712
3055
-2621
-764
3217
-2372
-800
3271
-2221
-903
3618
-1795
-1078
3738
-1364
-949
2893
-2326
-404
2427
-3529
-239
2447
-3780
-425
2877
-3221
-495
3052
-2805
-411
2899
-3106
-442
2881
-3156
-531
2798
-2967
-503
2999
-2904
-523
3129
-2615
-616
3633
-2316
-576
3492
-2093
-800
3071
-2050
-707
3613
-2396
-611
3421
-2259
-647
3727
-1897
-843
3960
-1316
-1182
3772
-1027
-1068
3665
-1548
-986
3756
-1441
-1198
3480
-1727
-1030
3538
-1858
-1176
3423
-1786
-1149
3907
-1752
-1228
3692
-1561
-1300
3588
-1743
-1363
3294
-1746
-1523
3286
-1751
-1539
3178
-1862
-1530
3269
-1905
-1498
3342
-1985
-1486
3358
-1884
-1474
3357
-1846
-1469
3347
-1823
-1427
3341
-1801
-1402
3382
-1769
-1303
3434
-1782
-1214
3490
-1775
-1119
3505
-1723
-1042
3708
-1708
-895
3773
-1731
-848
3557
-1809
-702
3812
-1763
-700
3653
-1795
-573
3504
-2020
-435
3613
-2159
-378
3962
-2036
-424
3705
-2395
-612
3294
-2205
-716
3510
-2212
-704
3345
-2385
-722
2655
-2614
-767
2818
-2689
-689
2869
-2930
-515
2491
-3367
-303
2231
-3730
-420
1857
-3601
-646
2111
-3302
-445
1885
-3738
-97
1258
-4218
-59
1477
-4121
-132
1636
-4125
-320
1477
-3848
-314
1334
-3814
-440
1272
-3926
-312
1115
-4027
-175
1141
-4130
-216
1178
-4010
-222
1033
-4009
-265
1077
-4076
-351
1104
-4006
-340
1045
-3992
-327
1047
-4020
-325
1039
-4038
-342
1118
-4081
-335
1075
-4043
-390
988
-3897
-339
1292
-4099
-282
1135
-4061
-304
942
-4027
-205
1181
-4209
-236
1211
-4127
-294
1612
-4001
-347
1640
-3957
-360
1953
-3948
-453
2078
-3563
-979
2533
-2650
-748
3089
-2945
-888
2804
-2950
-851
2397
-2993
-887
2346
-2898
-788
2682
-3049
-557
2020
-3392
-515
1888
-3645
-147
1635
-4193
-320
957
-4526
-385
1397
-3988
-475
1987
-3659
-516
1884
-3761
-548
1652
-3880
-444
1705
-3788
-484
1795
-3699
-487
1723
-3717
-477
1749
-3786
-475
1928
-3585
-639
2152
-3292
-644
1974
-3518
-435
1585
-3898
-394
1479
-3839
-209
1983
-4076
-245
1993
-3810
-324
2133
-3763
-281
2043
-3838
-389
1859
-3692
-383
1728
-3807
-426
1609
-3742
-507
1576
-3663
-465
1593
-3753
-390
1633
-3852
-353
1715
-3855
-342
1799
-3866
-374
1766
-3810
-404
1737
-3782
-385
1716
-3827
-391
1703
-3761
-415
1677
-3772
-397
1690
-3798
-376
1732
-3824
-379
1743
-3797
-390
1722
-3797
-403
1710
-3797
-394
1690
-3783
-409
1687
-3767
-381
1720
-3815
-383
1731
-3802
-370
1745
-3803
-372
1717
-3790
-388
1722
-3791
-379
1727
-3795
-365
1736
-3807
-372
1723
-3806
-377
1709
-3787
-375
1727
-3792
-366
1760
-3817
-371
1717
-3794
-394
1714
-3786
-367
1745
-3807
-399
1723
-3769
-361
1690
-3852
-355
1736
-3897
-376
2038
-3784
-424
2234
-3577
-502
2384
-3383
-610
2432
-3234
-640
2490
-3237
-679
2618
-3124
-755
2778
-2946
-696
2772
-2967
-769
2958
-2785
-825
3043
-2614
-790
3058
-2651
-708
3336
-2440
-956
3505
-1922
-880
3604
-2057
-688
3250
-2474
-707
3431
-2296
-363
2839
-2938
-68
2389
-3493
-561
2478
-3726
-707
1929
-3593
-678
2491
-3195
-679
2677
-3189
-672
2440
-3299
-608
2363
-3441
-741
2445
-3236
-736
2686
-3114
-707
2394
-3237
-678
2481
-3404
-675
2294
-3362
-661
2222
-3463
-713
2315
-3375
-714
2571
-3407
-545
2143
-3466
-611
2303
-3322
-770
2585
-3087
-745
2737
-3026
-767
2807
-2915
-786
2768
-2830
-703
2642
-3013
-636
2668
-3219
-523
2520
-3313
-411
2567
-3315
-384
2607
-3364
-338
2384
-3461
-306
2291
-3566
-286
2161
-3631
-290
2158
-3600
-327
2136
-3557
-313
2122
-3557
-290
2129
-3593
-287
2129
-3582
-301
2131
-3576
-291
2125
-3615
-286
2077
-3602
-305
2033
-3632
-319
2022
-3621
-303
2039
-3608
-312
2080
-3612
-311
2070
-3610
-318
2078
-3594
-313
2076
-3606
-318
2080
-3610
-313
2097
-3613
-330
2107
-3591
-359
2057
-3566
-342
2077
-3598
-332
2096
-3596
-343
2108
-3588
-337
2100
-3593
-346
2113
-3586
-329
2078
-3612
-348
2057
-3597
-371
2037
-3565
-338
2095
-3607
-314
2143
-3650
-318
2096
-3625
-366
2110
-3570
-351
2090
-3610
-366
2094
-3604
-387
2215
-3538
-394
2242
-3484
-398
2287
-3529
-357
2376
-3577
-442
2511
-3374
-499
2515
-3230
-641
2783
-2848
-744
2960
-2640
-690
3052
-2736
-663
3010
-2704
-638
3092
-2687
-650
3070
-2666
-667
3113
-2709
-674
3097
-2657
-690
3117
-2657
-661
3048
-2748
-666
3045
-2760
-680
3051
-2744
-703
3052
-2721
-692
3027
-2765
-725
3078
-2692
-726
3084
-2696
-698
2989
-2775
-752
3094
-2661
-735
3061
-2693
-708
3007
-2783
-720
3062
-2740
-724
3056
-2712
-728
3057
-2710
-748
3061
-2688
-716
3049
-2746
-719
3052
-2734
-738
3036
-2695
-715
3049
-2749
-713
3046
-2748
-740
3011
-2721
-709
3031
-2744
-716
3048
-2733
-725
3015
-2719
-693
3041
-2774
-694
3051
-2770
-682
3031
-2777
-706
2941
-2753
-715
3003
-2770
-668
3010
-2837
-645
2965
-2854
-673
2949
-2817
-653
2945
-2829
-622
2868
-2881
-598
3048
-2924
-581
3066
-2868
-613
2876
-2860
-674
2903
-2819
-646
2977
-2826
-622
2979
-2812
-625
2937
-2857
-614
2880
-3003
-553
2726
-3149
-568
2687
-3055
-690
2898
-2848
-610
2877
-2974
-494
2557
-3217
-504
2665
-3244
-493
2320
-3323
-467
1732
-3487
-332
1955
-3815
-265
1800
-3810
-245
1632
-3913
-250
1946
-3876
-330
2005
-3666
-262
1718
-3786
-278
1739
-3798
-328
1847
-3772
-296
1804
-3782
-272
1626
-3814
-273
1666
-3854
-304
1682
-3798
-310
1729
-3801
-298
1689
-3850
-292
1570
-3849
-295
1547
-3875
-298
1659
-3882
-315
1571
-3823
-353
1542
-3836
-327
1782
-3799
-306
1853
-3829
-315
1884
-3746
-378
1993
-3624
-451
2022
-3511
-460
1929
-3579
-342
1924
-3763
-306
1906
-3703
-358
1979
-3698
-370
1946
-3673
-356
1938
-3678
-348
1904
-3712
-356
1914
-3699
-354
1914
-3710
-340
1918
-3706
-354
1914
-3707
-353
1887
-3722
-352
1903
-3824
-346
1882
-3710
-357
1902
-3698
-348
1917
-3715
-347
1874
-3724
-348
1877
-3709
-356
1896
-3697
-347
1899
-3719
-345
1897
-3714
-356
1893
-3706
-348
1887
-3715
-354
1894
-3711
-363
1900
-3707
-349
1872
-3715
-359
1883
-3707
-363
1896
-3709
-350
1893
-3716
-357
1882
-3716
-361
1881
-3716
-353
1893
-3710
-354
1897
-3712
-355
1893
-3715
-359
1889
-3708
-344
1890
-3713
-348
1893
-3715
-356
1888
-3712
-357
1898
-3717
-350
1898
-3702
-349
1899
-3837
-358
1893
-3725
-341
1884
-3712
-358
1903
-3685
-372
1889
-3711
-348
1889
-3726
-329
1907
-3698
-351
1905
-3702
-374
1893
-3714
-350
1892
-3723
-330
1897
-3698
-348
1916
-3710
-364
1904
-3709
-356
1889
-3716
-326
1886
-3708
-347
1898
-3702
-371
1898
-3711
-350
1896
-3724
-341
1885
-3716
-350
1887
-3708
-373
1886
-3714
-363
1889
-3727
-345
1890
-3716
-346
1881
-3714
-367
1882
-3725
-362
1870
-3710
-356
1890
-3717
-350
1895
-3719
-362
1876
-3834
-374
1872
-3723
-359
1883
-3718
-355
1877
-3718
-356
1868
-3718
-364
1874
-3720
-371
1893
-3721
-349
1880
-3718
-355
1891
-3727
-344
1962
-3773
-307
2077
-3886
-322
2351
-3798
-483
2460
-3403
-683
2585
-2782
-1115
2906
-2170
-973
3409
-2285
-598
3152
-2634
-332
2644
-3161
-238
2007
-3527
-158
1688
-3684
-229
784
-4409
-224
728
-4591
-288
1755
-3959
-494
1978
-3480
-404
1735
-3859
-277
1334
-4029
-382
1444
-3919
-387
1586
-3864
-351
1474
-3878
-398
1432
-3906
-398
1467
-3888
-384
1517
-3910
-368
1447
-3898
-355
1412
-3945
-382
1349
-3935
-368
1449
-4001
-386
1395
-3877
-398
1431
-3936
-375
1580
-3920
-478
1505
-3755
-518
1626
-3762
-420
2089
-3740
-459
2833
-3398
-557
2752
-3370
-625
2252
-3311
-554
1624
-3519
-635
1282
-3579
-401
811
-4177
-244
1061
-4249
-358
1296
-4071
-245
723
-4119
76
55
-4195
282
-30
-4403
101
266
-4303
16
351
-4397
-174
234
-4156
-197
328
-4155
-98
590
-4255
-215
469
-4134
-386
283
-4156
-501
415
-4114
-619
639
-3968
-431
645
-4119
-292
624
-4191
-412
640
-4103
-383
643
-4167
-370
646
-4144
-394
644
-4158
-404
616
-4139
-410
608
-4131
-415
620
-4163
-425
605
-4145
-412
624
-4153
-425
614
-4150
-436
581
-4143
-447
605
-4128
-461
588
-4145
-452
580
-4131
-450
612
-4156
-443
604
-4144
-450
597
-4149
-451
601
-4144
-449
613
-4143
-451
619
-4145
-448
610
-4138
-461
603
-4141
-456
610
-4149
-462
590
-4157
-463
592
-4145
-467
616
-4136
-462
589
-4152
-463
598
-4140
-476
606
-4140
-464
589
-4152
-468
611
-4144
-469
593
-4147
-467
594
-4146
-470
599
-4144
-473
590
-4143
-478
596
-4144
-472
589
-4150
-481
587
-4144
-477
587
-4144
-470
581
-4147
-479
586
-4145
-475
585
-4151
-475
591
-4137
-473
587
-4143
-484
573
-4152
-480
600
-4144
-490
574
-4154
-487
567
-4143
-486
596
-4142
-484
579
-4144
-483
587
-4143
-486
580
-4144
-485
577
-4142
-494
578
-4144
-493
556
-4149
-495
564
-4142
-504
573
-4143
-500
567
-4143
-494
566
-4147
-500
570
-4145
-495
570
-4145
-496
569
-4148
-497
562
-4153
-494
567
-4144
-497
569
-4140
-502
564
-4149
-500
561
-4153
-497
566
-4149
-496
567
-4145
-499
558
-4148
-501
563
-4153
-496
560
-4150
-508
558
-4146
-505
561
-4145
-498
561
-4153
-500
559
-4149
-497
557
-4156
-504
539
-4157
-509
550
-4145
-514
525
-4158
-498
518
-4163
-513
503
-4167
-530
481
-4154
-528
441
-4158
-532
383
-4203
-544
375
-4214
-593
575
-4161
-586
694
-4177
-608
684
-4087
-633
706
-4176
-620
690
-4178
-685
672
-4160
-679
735
-4207
-729
665
-4228
-709
80
-4537
-720
410
-4146
-858
1568
-3482
-1040
2104
-3133
-1301
2049
-3088
-1261
1826
-3100
-1149
1298
-3464
-866
1010
-3681
-234
1775
-4030
-298
2986
-3704
-241
2342
-3934
-92
1549
-4374
-373
1646
-3862
-102
1497
-3901
-39
1359
-3907
-208
1662
-3869
-282
1415
-4017
-360
1303
-3912
-281
1307
-3925
-239
1123
-4091
-373
1191
-3954
-407
1115
-4048
-361
1084
-4095
-449
1101
-3990
-332
1468
-4315
39
1777
-5020
481
624
-4648
-1589
790
-813
-2162
4410
-874
-1555
2993
-1885
-1064
2501
-2573
145
2519
-3931
203
789
-4389
-603
318
-4653
-543
724
-4471
-438
1245
-4146
-587
1573
-3931
-604
1387
-3862
-395
1012
-4223
-291
699
-4493
-466
1051
-4182
-582
1793
-3779
-679
1627
-3570
-959
1622
-3494
-918
2139
-3128
-912
2348
-3014
-914
2020
-3118
-839
2061
-3282
-437
2147
-3577
-307
2035
-3732
-73
2219
-4066
91
2544
-3959
-60
2654
-3436
-51
2007
-3761
-79
1494
-3838
-100
1800
-3705
-110
1942
-3716
-111
1822
-3717
-97
1752
-3783
-85
1842
-3813
-68
1872
-3735
-86
1850
-3737
-77
1819
-3757
-101
1809
-3744
-101
1814
-3742
-86
1830
-3746
-87
1822
-3770
-97
1834
-3737
-92
1827
-3749
-94
1831
-3744
-91
1837
-3747
-76
1831
-3754
-94
1838
-3750
-91
1812
-3751
-79
1830
-3753
-86
1828
-3757
-87
1822
-3756
-85
1841
-3749
-83
1830
-3766
-80
1826
-3762
-95
1815
-3745
-95
1814
-3752
-89
1817
-3752
-98
1813
-3760
-93
1830
-3757
-92
1825
-3763
-96
1815
-3739
-100
1833
-3754
-90
1817
-3772
-78
1826
-3780
-67
1846
-3812
-88
1837
-3828
-141
1777
-3772
-197
1713
-3716
-176
1694
-3816
-193
1587
-3853
-177
1635
-3843
-198
1633
-3823
-198
1605
-3844
-221
1629
-3804
-221
1670
-3816
-210
1637
-3848
-220
1637
-3830
-231
1654
-3831
-219
1648
-3839
-225
1634
-3829
-225
1644
-3841
-220
1641
-3841
-227
1633
-3837
-228
1635
-3839
-227
1627
-3857
-221
1625
-3851
-226
1633
-3840
-234
1620
-3847
-230
1618
-3855
-223
1620
-3844
-228
1617
-3851
-221
1616
-3863
-216
1589
-3885
-228
1573
-3863
-208
1517
-3912
-194
1518
-3998
-216
1527
-3943
-257
1465
-3932
-250
1574
-3952
-259
1525
-3932
-314
1421
-3832
-468
1704
-3772
-500
1475
-3695
-663
1462
-3522
-636
1966
-3666
-468
2000
-3773
-244
1896
-3985
-231
1873
-3980
-282
1594
-3900
-336
1572
-3824
-437
1814
-3737
-343
1788
-4065
-519
2517
-3714
-717
2375
-3093
-780
2639
-3154
-844
2520
-2987
-893
2613
-2902
-939
2846
-2995
-949
2475
-3028
-1062
2652
-2919
-1077
2824
-2842
-1066
2728
-2812
-990
3112
-2904
-1015
2993
-2698
-1033
3001
-2658
-1054
2907
-2692
-1194
3251
-2426
-1048
3223
-2474
-1188
3091
-2118
-1171
3171
-2253
-1025
3165
-2493
-990
3025
-2497
-866
2772
-2870
-849
2851
-2718
-986
3036
-2526
-721
2461
-3115
-452
2214
-3739
-251
1959
-3775
166
1645
-4346
-53
1641
-3820
-112
1517
-3724
258
1572
-4404
208
2164
-4001
-159
2137
-3523
-110
1917
-3651
-28
1736
-3845
-161
1723
-3683
-303
1829
-3688
-322
1646
-3804
-451
1722
-3650
-440
1828
-3679
-307
1653
-3872
-322
1389
-4057
-397
1398
-3919
-373
1185
-3933
-448
1047
-3933
-522
936
-3934
-398
1945
-4026
-264
2449
-3979
-145
2347
-4023
-648
2069
-2944
-1003
2950
-2224
-1160
3213
-2182
-948
3101
-2502
-1050
3237
-2331
-908
3758
-2399
-703
2828
-2648
-799
2965
-2679
-702
2242
-3009
-626
2343
-3502
-389
1766
-3743
-326
1205
-4126
-391
2199
-3891
-201
936
-4422
-306
1098
-4298
-632
1816
-3494
-611
1776
-3576
-448
1502
-3971
-367
1360
-4047
-357
1673
-4024
-396
1759
-4027
-436
1636
-3847
-522
1709
-3636
-810
2212
-3289
-741
2220
-3343
-707
2376
-3188
-852
2756
-2510
-794
2976
-2251
-738
3338
-2002
-526
3602
-1769
-543
4020
-1684
74
4653
-2239
-13
3794
-2102
-408
3255
-1979
-373
3229
-2396
-302
3380
-2410
-257
3540
-2270
-237
3489
-2260
-260
3294
-2366
-327
3352
-2388
-307
3590
-2172
-333
3540
-2061
-378
3449
-2121
-341
3476
-2143
-257
3426
-2338
-319
3481
-2162
-330
3484
-2142
-329
3533
-2159
-289
3466
-2253
-324
3492
-2163
-325
3485
-2187
-333
3519
-2168
-333
3474
-2182
-352
3474
-2170
-361
3498
-2193
-382
3479
-2180
-385
3472
-2220
-391
3413
-2252
-395
3410
-2289
-423
3407
-2264
-416
3463
-2239
-406
3395
-2276
-436
3410
-2271
-408
3429
-2280
-424
3433
-2243
-420
3413
-2256
-414
3421
-2295
-420
3466
-2255
-416
3434
-2267
-407
3428
-2282
-405
3409
-2292
-421
3395
-2286
-411
3411
-2283
-408
3455
-2272
-408
3430
-2276
-401
3389
-2312
-407
3408
-2310
-415
3414
-2304
-405
3385
-2316
-414
3431
-2315
-409
3402
-2296
-418
3367
-2334
-375
3413
-2342
-403
3410
-2311
-412
3346
-2351
-389
3403
-2345
-399
3388
-2327
-415
3351
-2340
-408
3379
-2331
-420
3398
-2321
-398
3368
-2341
-413
3382
-2378
-405
3357
-2326
-411
3427
-2322
-412
3428
-2303
-415
3410
-2289
-411
3385
-2347
-415
3382
-2300
-415
3460
-2279
-403
3408
-2298
-399
3391
-2330
-440
3389
-2242
-344
3426
-2381
-366
3485
-2281
-420
3456
-2205
-507
3483
-2116
-456
3438
-2202
-442
3413
-2264
-450
3366
-2268
-484
3430
-2226
-410
3442
-2251
-400
3551
-2185
-422
3494
-2223
-441
3412
-2282
-428
3450
-2201
-434
3483
-2260
-452
3469
-2238
-485
3470
-2202
-499
3428
-2279
-531
3373
-2271
-509
3431
-2314
-474
3363
-2450
-479
3332
-2485
-602
3355
-2432
-586
3243
-2494
-681
3062
-2575
-710
2647
-2868
-676
2797
-3112
-768
2726
-2837
-778
2330
-2810
-539
2244
-3396
-276
2351
-3712
-400
2437
-3353
-371
2702
-3219
-220
2640
-3475
-189
2565
-3473
-156
2407
-3425
-174
2229
-3445
-160
2238
-3527
-149
2251
-3514
-140
2214
-3526
-137
2265
-3500
-142
2331
-3453
-114
2301
-3513
-128
2320
-3494
-136
2307
-3476
-83
2300
-3554
-153
2304
-3408
-238
2217
-3293
-180
2400
-3521
-122
2194
-3656
-257
2139
-3521
-288
2386
-3530
-163
1976
-3697
-208
1820
-3692
-110
1624
-3870
-164
1585
-3762
-128
1415
-3875
-6
938
-4073
-134
1234
-4000
-64
1566
-4157
-108
1736
-3963
-306
1461
-3643
-231
1270
-3962
-150
1124
-4056
-194
919
-4036
-270
1189
-3960
-359
1459
-3817
-304
1838
-3949
-188
1464
-3965
-159
1255
-4096
-277
1281
-3955
-312
1240
-3866
-284
1196
-3970
-280
1283
-3972
-273
1375
-3992
-275
1372
-3971
-275
1301
-3949
-284
1239
-3968
-289
1263
-3965
-299
1357
-4006
-273
1289
-4021
-330
1251
-3866
-294
1383
-4109
64
1789
-4665
-7
1885
-4345
-431
1449
-3312
-976
2441
-2729
-1202
2961
-2223
-1330
3438
-1728
-722
3825
-2456
-692
3289
-2312
-762
2537
-2827
-412
2378
-3406
-465
1880
-3603
-254
1239
-4189
-179
-144
-4768
-422
496
-4443
-598
1567
-3802
-648
1789
-3717
-584
1387
-3961
-521
1083
-4007
-490
1222
-4028
-571
1356
-3954
-563
1255
-3920
-504
1187
-4055
-538
1267
-4019
-551
1266
-3964
-523
1239
-4004
-546
1262
-3994
-578
1377
-3914
-582
1487
-3918
-586
1423
-3908
-592
1514
-3880
-603
1566
-3784
-619
1620
-3744
-656
1788
-3673
-656
1989
-3531
-678
2182
-3495
-642
2151
-3490
-640
2210
-3447
-637
2218
-3450
-697
2030
-3311
-600
2062
-3390
-438
2211
-3641
-197
1677
-3915
-64
1702
-4070
-225
2402
-3581
-270
2275
-3531
-159
1833
-3841
-67
1499
-3981
-127
1695
-3847
-184
1818
-3742
-159
1782
-3760
-153
1741
-3788
-169
1749
-3788
-166
1754
-3804
-140
1731
-3807
-167
1749
-3778
-159
1754
-3785
-158
1740
-3796
-165
1735
-3786
-169
1739
-3788
-160
1756
-3799
-155
1736
-3809
-167
1727
-3791
-168
1755
-3792
-190
1755
-3752
-171
1761
-3783
-147
1743
-3804
-200
1825
-3752
-166
1736
-3791
-151
1747
-3819
-164
1778
-3805
-171
1692
-3839
-174
1733
-3819
-166
1624
-3890
-184
1493
-3938
-222
1543
-3846
-243
1556
-3865
-243
1514
-3882
-270
1514
-3855
-268
1509
-3884
-280
1470
-3863
-282
1481
-3881
-278
1446
-3907
-280
1467
-3906
-277
1491
-3907
-277
1468
-3898
-284
1480
-3918
-291
1469
-3905
-279
1464
-3905
-291
1465
-3906
-277
1478
-3913
-276
1471
-3929
-295
1480
-3906
-297
1458
-3896
-272
1509
-3966
-169
1496
-4011
-266
1761
-3946
-281
1906
-3883
-451
2199
-3451
-618
2297
-3274
-694
2301
-3128
-742
2343
-3193
-597
2544
-3231
-538
2648
-3242
-538
2633
-3289
-567
2623
-3193
-592
2569
-3174
-558
2589
-3261
-563
2577
-3200
-577
2568
-3197
-522
2541
-3326
-497
2539
-3318
-501
2635
-3321
-383
2720
-3549
-506
3025
-2990
-1037
3392
-2462
-945
3193
-2539
-1068
2976
-2119
-909
2855
-2743
-400
1848
-3546
-432
1082
-3856
-273
983
-4237
-365
315
-4718
-633
543
-4345
-731
1785
-3651
-628
1907
-3720
-516
1409
-4062
-591
1174
-3933
-601
1398
-3920
-565
1455
-3914
-583
1328
-3943
-577
1301
-3980
-517
1272
-4080
-511
1197
-4119
-516
1244
-4095
-627
1138
-3932
-650
1189
-3915
-639
1262
-3844
-731
1580
-3617
-756
2020
-3475
-769
2085
-3340
-755
2151
-3433
-605
2049
-3691
-580
2128
-3705
-451
1993
-3723
-404
1882
-3801
-368
1934
-3857
-305
1478
-3893
-316
1529
-3960
-372
1755
-3840
-381
1682
-3787
-354
1663
-3826
-354
1635
-3857
-366
1601
-3829
-383
1681
-3783
-332
1670
-3857
-341
1683
-3853
-370
1614
-3814
-350
1643
-3861
-360
1632
-3807
-367
1648
-3863
-333
1602
-3890
-345
1602
-3868
-335
1564
-3879
-344
1576
-3878
-397
1546
-3814
-392
1570
-3881
-368
1551
-3886
-410
1538
-3865
-413
1556
-3877
-419
1558
-3865
-408
1590
-3886
-441
1577
-3853
-464
1543
-3842
-462
1516
-3874
-464
1487
-3863
-491
1488
-3882
-482
1498
-3874
-478
1517
-3882
-498
1490
-3881
-484
1487
-3876
-501
1514
-3894
-499
1497
-3883
-499
1478
-3880
-502
1478
-3885
-494
1498
-3892
-494
1528
-3883
-497
1491
-3887
-489
1477
-3896
-505
1501
-3882
-503
1498
-3880
-498
1459
-3886
-508
1478
-3894
-500
1479
-3895
-497
1447
-3893
-500
1485
-3901
-495
1476
-3899
-511
1458
-3896
-503
1439
-3894
-517
1414
-3894
-550
1389
-3812
-518
1361
-3885
-422
1414
-4059
-438
1639
-3861
-502
1768
-3655
-433
1654
-3821
-458
1937
-3690
-374
1942
-3848
-377
1867
-3840
-291
2092
-3628
-297
2072
-3618
-470
2612
-3312
-584
2662
-3029
-575
2731
-3003
-596
2484
-3084
-407
2315
-3705
-380
1628
-3819
-397
1705
-3934
-440
1942
-3854
-558
2005
-3592
-514
2250
-3810
-623
2445
-3322
-751
2598
-3095
-695
2918
-3152
-878
3205
-2747
-962
2903
-2956
-1013
1585
-3307
-1388
2595
-2306
-1183
3041
-2072
-1345
3906
-1369
-1527
5070
-563
-1529
3659
-1581
-1626
2372
-1676
-1606
4022
-1768
-1011
3319
-2359
-722
2760
-2588
-601
2709
-3016
-617
1729
-3608
-483
1219
-4731
-492
1130
-4766
-806
1834
-3939
-963
2344
-3255
-1123
2416
-3108
-1288
2555
-2921
-1322
2746
-2772
-1117
2540
-3259
-952
1996
-3487
-1065
2176
-3468
-1083
2310
-3307
-1120
2385
-3180
-1074
2360
-3299
-1129
2461
-3237
-1147
2392
-3264
-1104
2347
-3412
-1231
2580
-3395
-1432
2597
-3407
-932
2309
-3724
-713
1359
-3646
-793
1461
-3451
-568
1277
-3922
-421
1087
-3860
-277
1348
-3803
-249
1285
-4106
-546
1100
-4204
-638
1229
-4092
-633
1144
-4158
-677
1090
-4034
-617
1167
-3887
-589
1185
-3837
-525
1236
-3943
-559
1126
-3937
-555
1165
-3987
-578
1209
-4014
-603
1231
-3946
-625
1333
-4003
-615
1298
-3995
-598
1265
-3950
-648
1242
-3923
-654
1296
-3951
-622
1277
-3978
-571
1328
-4007
-686
1303
-3996
-779
1173
-3925
-698
1286
-3956
-723
1297
-3950
-694
1247
-3996
-711
1234
-3993
-730
1235
-3972
-729
1209
-3984
-749
1251
-3975
-752
1244
-3968
-762
1194
-3980
