3474
-278
-1984
3494
-259
-1925
3377
-272
-2026
3428
-234
-1947
3498
-239
-1916
3455
-271
-2003
3416
-266
-2015
3499
-316
-2019
3444
-275
-2008
3447
-272
-1990
3443
-260
-1968
3344
-248
-2028
3526
-359
-2065
3492
-336
-2038
3578
-279
-1903
3335
-205
-1877
3410
-339
-2061
3486
-338
-1992
3543
-297
-1969
3353
-300
-2054
3505
-323
-2012
3465
-278
-1896
3423
-265
-1955
3471
-354
-2040
3501
-299
-1956
3373
-274
-1974
3446
-308
-2016
3498
-326
-1961
3543
-291
-1907
3392
-329
-2021
3538
-327
-1942
3425
-267
-1923
3424
-318
-1995
3470
-318
-1943
3490
-305
-1946
3438
-307
-2002
3427
-310
-2007
3595
-373
-1970
3389
-303
-1984
3462
-276
-1920
3474
-292
-1938
3404
-355
-2032
3474
-297
-1939
3488
-303
-1928
3512
-344
-1985
3441
-335
-2002
3376
-309
-2023
3601
-359
-1921
3493
-280
-1862
3423
-332
-2024
3473
-362
-1986
3484
-294
-1919
3351
-274
-2025
3578
-377
-1944
3493
-307
-1916
3428
-342
-2038
3438
-314
-1991
3405
-239
-1916
3479
-297
-1976
3386
-323
-2080
3416
-383
-2131
3462
-686
-2250
3015
-903
-2510
3129
-1053
-2481
3030
-954
-2333
2763
-693
-2418
2667
-502
-2532
2733
-371
-2650
2803
-570
-2407
2993
-162
-2844
3368
422
-3526
3722
181
-2963
3024
61
-2504
2988
-48
-2789
3247
-376
-2671
2919
-508
-2442
3000
-437
-2244
3298
-354
-2124
3222
-303
-2105
3447
-234
-2017
3345
-155
-1971
3601
-348
-1961
3649
-358
-1829
3526
-408
-1688
3557
-499
-1824
3595
-511
-1891
3637
-630
-1863
3490
-423
-1695
3652
-545
-1751
3588
-561
-1779
3364
-445
-1733
3703
-502
-1749
3607
-499
-1708
3517
-441
-1792
3591
-508
-1793
3455
-537
-1857
3515
-412
-1782
3574
-459
-1769
3568
-454
-1803
3470
-395
-1797
3516
-474
-1839
3617
-476
-1778
3486
-389
-1849
3422
-541
-1952
3447
-401
-1840
3615
-447
-1775
3605
-538
-1747
3562
-481
-1768
3445
-415
-1841
3554
-438
-1760
3615
-598
-1927
3349
-444
-1802
3671
-421
-1754
3516
-502
-1803
3494
-495
-1827
3547
-497
-1851
3549
-489
-1838
3504
-388
-1749
3591
-507
-1815
3421
-574
-1928
3551
-402
-1778
3586
-448
-1767
3570
-495
-1799
3454
-414
-1830
3487
-459
-1852
3551
-486
-1831
3561
-465
-1792
3539
-480
-1852
3506
-453
-1795
3567
-424
-1770
3500
-488
-2008
3502
-528
-1767
3822
-468
-1472
3456
-493
-1859
3279
-395
-1909
3568
-473
-1756
3574
-473
-1866
3676
-491
-1765
3564
-485
-1699
3471
-488
-1858
3411
-419
-1883
3619
-458
-1743
3502
-449
-1923
3505
-484
-1891
3615
-497
-1664
3497
-448
-1855
3378
-440
-1923
3593
-462
-1781
3481
-460
-1883
3561
-500
-1892
3620
-486
-1698
3470
-444
-1838
3397
-473
-1926
3561
-491
-1802
3624
-445
-1773
3367
-486
-1959
3634
-523
-1847
3578
-431
-1681
3432
-453
-1887
3461
-504
-1904
3599
-442
-1755
3472
-469
-1899
3515
-512
-1883
3617
-462
-1731
3524
-468
-1811
3417
-453
-1902
3544
-489
-1810
3597
-487
-1810
3452
-443
-1864
3592
-513
-1827
3523
-507
-1870
3596
-509
-1889
3443
-479
-1878
3467
-356
-1795
3345
-421
-1912
3486
-532
-1851
3830
-457
-1478
3537
-343
-1423
3749
-270
-1321
3742
-335
-1364
3511
-455
-1563
3743
-533
-1529
3943
-492
-1415
3745
-700
-1476
3695
-449
-1338
3943
-359
-1184
3715
-329
-1163
3782
-11
-883
3739
-236
-939
3954
-132
-1069
3697
-184
-1052
3745
-290
-1128
3721
-127
-1095
3980
-201
-1026
3943
-239
-1009
3687
-174
-1142
3700
-265
-1197
3778
-306
-1130
3874
-296
-1163
3809
-356
-1160
3865
-351
-1115
3918
-338
-1069
3866
-355
-1027
3976
-319
-1053
3983
-250
-1079
3811
-33
-1087
3712
99
-1014
3631
51
-1102
3735
65
-1171
3831
-157
-1212
3781
-96
-1323
3564
95
-1442
3836
-169
-1592
3637
-145
-1365
3628
72
-1490
3688
-145
-1580
3783
-118
-1478
3494
159
-1510
3640
-178
-1774
3606
-231
-1513
3568
22
-1419
3881
-286
-1841
3776
-216
-1575
4072
-250
-1587
3704
-219
-2037
3790
-274
-2410
3842
-534
-2701
2786
-265
-3076
2362
285
-3324
1827
616
-3215
2626
-37
-2775
2898
276
-1910
2566
105
-2096
2027
88
-2461
482
-397
-2981
2496
-607
-3433
2973
-334
-3590
2656
-214
-3570
2352
-433
-3546
1933
-780
-4152
1877
-636
-4258
2217
-499
-3732
2149
-469
-3318
2481
-585
-3029
3314
-572
-2814
2798
-401
-2749
2664
-322
-2580
3682
-108
-2944
3130
210
-3094
2843
266
-2815
3405
-62
-2661
3008
-12
-2206
2852
-176
-1781
3564
-416
-1632
3091
-375
-1517
3274
-562
-1683
3131
-364
-1681
3390
-376
-1887
4124
-357
-2071
4634
-213
-2039
3326
120
-1427
3736
130
-1359
3922
-24
-1636
3547
-177
-1683
3586
-192
-1611
3682
-139
-1622
3570
-124
-1698
3554
-79
-1775
3588
-4
-1807
3531
-50
-1809
3547
-114
-1832
3555
-81
-1820
3529
-144
-1866
3515
-142
-1872
3545
-107
-1855
3584
-99
-1833
3567
-106
-1816
3509
-82
-1847
3529
-162
-1856
3599
-135
-1846
3476
-70
-1903
3488
-99
-1906
3532
-124
-1843
3534
-110
-1839
3547
-87
-1852
3543
-138
-1866
3495
-131
-1882
3491
-126
-1912
3539
-136
-1907
3498
-161
-1925
3490
-147
-1918
3516
-136
-1902
3462
-164
-1940
3452
-145
-1988
3476
-157
-1942
3509
-187
-1926
3514
-159
-1928
3535
-164
-1922
3485
-174
-1935
3440
-159
-1979
3445
-99
-1958
3466
-150
-1962
3506
-210
-1943
3501
-220
-2009
3432
-140
-2008
3479
-146
-1992
3420
-214
-2060
3386
-207
-2077
3404
-164
-2059
3436
-195
-2067
3400
-198
-2091
3401
-164
-2087
3403
-150
-2075
3407
-177
-2066
3425
-220
-2059
3438
-178
-2051
3426
-162
-2048
3410
-204
-2066
3412
-169
-2077
3408
-200
-2075
3407
-200
-2069
3413
-159
-2067
3428
-195
-2060
3418
-202
-2069
3413
-183
-2074
3388
-192
-2074
3406
-178
-2102
3400
-156
-2114
3325
-241
-2225
3258
-266
-2368
3778
-403
-2378
4066
-704
-2373
3866
-1107
-2306
3189
-1154
-2173
2337
-896
-1968
2377
-729
-1997
2993
-429
-2276
2323
-62
-2694
3087
-261
-2791
3650
-582
-2517
3166
-804
-2201
3137
-763
-2169
2995
-583
-2563
3148
-402
-3112
2878
-784
-4087
1060
-1109
-3719
1755
-1321
-3214
2152
-1226
-3249
2188
-968
-3417
1892
-901
-3541
1820
-1050
-3560
1896
-1068
-3472
1881
-1003
-3450
1909
-1009
-3495
1835
-1020
-3520
1807
-1017
-3532
1821
-1021
-3523
1842
-1022
-3528
1815
-1026
-3524
1807
-1009
-3526
1837
-1009
-3539
1800
-1019
-3541
1812
-1005
-3543
1773
-1008
-3540
1768
-1010
-3554
1807
-996
-3583
1739
-957
-3606
1752
-990
-3567
1771
-990
-3582
1729
-979
-3591
1709
-992
-3596
1718
-979
-3606
1701
-969
-3598
1680
-972
-3609
1728
-985
-3613
1735
-969
-3634
1670
-967
-3661
1711
-1020
-3635
1742
-1018
-3609
1743
-996
-3644
1655
-1088
-3509
1827
-1158
-3412
1799
-1102
-3404
1776
-1085
-3495
1775
-1082
-3611
1691
-1072
-3628
1695
-1075
-3578
1737
-1069
-3541
1713
-1068
-3559
1714
-1089
-3578
1706
-1072
-3605
1734
-1053
-3587
1717
-1058
-3568
1716
-1050
-3574
1734
-1067
-3569
1731
-1061
-3583
1704
-1047
-3586
1723
-1060
-3570
1726
-1057
-3573
1740
-1048
-3599
1675
-1043
-3601
1672
-1059
-3588
1715
-1045
-3604
1707
-1040
-3651
1613
-1052
-3665
1625
-1086
-3655
1616
-1054
-3708
1607
-886
-4285
1838
-1134
-4988
1999
-1739
-3686
875
-1340
-2586
1071
-1391
-2690
878
-1302
-2661
1115
-1316
-3103
955
-1586
-3937
1394
-1429
-4052
1875
-1257
-3959
1743
-1123
-3885
1536
-1079
-3793
1449
-1192
-3666
1396
-1288
-3527
1471
-1248
-3545
1593
-1194
-3628
1601
-1221
-3600
1584
-1215
-3553
1590
-1214
-3530
1655
-1213
-3528
1705
-1191
-3577
1687
-1154
-3620
1707
-1125
-3638
1775
-1146
-3678
1779
-1155
-3660
1746
-1202
-3572
1807
-1208
-3487
1858
-1198
-3482
1770
-1201
-3524
1717
-1216
-3544
1800
-1228
-3564
1798
-1192
-3653
1467
-1278
-3572
1720
-1367
-3619
2217
-1601
-3301
2296
-1302
-2778
2377
-1160
-2695
2767
-895
-3204
2355
-498
-3353
2626
-443
-3101
2741
-418
-2718
2304
-577
-2585
2537
-559
-2736
2752
-649
-2698
3208
-597
-2648
3036
-390
-2765
3579
-411
-2686
3065
-55
-2626
3282
9
-2693
3521
60
-2474
3320
265
-2558
3034
324
-2564
3062
162
-2249
3490
314
-2010
3443
713
-2082
3292
842
-2217
3211
1065
-2272
3323
1010
-2046
3271
1176
-1848
3307
1461
-1595
3097
1594
-1743
2986
1600
-1740
3250
1380
-1588
3374
1192
-1906
3298
1133
-2182
3107
921
-2140
3434
1107
-1935
3190
827
-1994
3336
611
-1998
3160
351
-1929
3241
201
-2162
3431
132
-2383
3247
337
-2177
3328
65
-2116
3186
-130
-2069
3316
260
-1813
3427
412
-1798
3606
373
-2008
3655
380
-1940
3647
281
-1666
3658
530
-1300
3692
602
-1210
3674
767
-1003
3709
822
-1000
3981
830
-938
3851
896
-926
4023
756
-1042
3885
952
-1000
3797
864
-1137
3749
877
-895
4095
792
-668
3992
622
-966
3672
576
-1119
3719
454
-1081
3807
355
-1079
4050
443
-1031
3857
604
-1022
3886
362
-1152
3696
272
-1276
3425
408
-1497
3552
928
-1511
3793
862
-1333
3522
592
-1189
3909
399
-1282
4214
172
-1410
3593
-59
-1457
3971
384
-1214
3978
980
-809
3616
1148
-671
3739
1487
-816
3497
1467
-871
3482
1407
-1068
3347
1314
-1258
3153
1294
-1233
3186
1250
-1420
3475
1143
-1511
4113
1092
-1226
3168
773
-1357
3487
59
-1652
4032
-203
-1527
3929
-259
-1540
3772
169
-1786
3981
370
-1797
3400
297
-1735
3320
-48
-1572
3607
-97
-1350
3967
290
-1496
4103
380
-1564
3609
797
-1426
3645
1139
-1355
3508
1054
-1309
3526
1163
-1201
3560
1195
-1173
3494
1120
-1138
3542
911
-1183
3686
747
-1406
3696
846
-1505
3808
801
-1541
3744
769
-1526
3800
663
-1544
3691
609
-1510
3626
538
-1479
3665
470
-1450
3407
447
-1346
3834
400
-1268
3793
631
-1450
3681
895
-1535
3540
873
-1622
3456
881
-1522
3807
1272
-1486
3616
1414
-1426
3546
1423
-1364
3316
1309
-1499
3356
1108
-1780
3755
873
-1675
3570
770
-1518
3567
584
-1647
3683
300
-1802
3533
168
-1969
3445
24
-2201
3487
218
-2185
3406
360
-2073
3115
361
-2174
2971
113
-2215
3058
-218
-2159
3178
-551
-2245
3049
-595
-2323
3568
-584
-3248
3683
152
-3796
3652
626
-2550
3692
695
-1709
3508
803
-1832
3078
1369
-1952
2869
1895
-2120
3074
1638
-2416
2610
1425
-2342
2573
1505
-2054
1968
1525
-2000
1780
1948
-1934
2031
2064
-1750
1674
2079
-1982
1279
2377
-2010
956
3609
-1777
1141
3564
-2074
1636
5776
-2654
1670
2020
-1198
1773
3760
-1197
1840
3142
-1822
1794
3169
-1622
1686
3408
-1483
1665
3383
-1466
1559
3377
-1575
1457
3298
-1742
1542
3249
-1721
2041
3299
-1451
1812
3239
-1483
1923
3058
-1841
1793
2937
-1960
1806
2752
-2339
2071
2652
-2381
1662
2881
-2212
1775
2877
-2285
1621
3056
-2365
1528
2995
-2302
1673
2993
-2268
1710
2811
-2464
1565
2876
-2563
1685
2791
-2693
1667
2669
-2745
1478
2675
-2645
1437
2706
-2578
1223
2592
-2492
1250
2435
-2548
1395
2169
-2576
1810
1962
-2517
2333
1820
-2625
2441
1261
-2714
2934
569
-2802
2862
327
-2776
3231
-8
-2859
2955
19
-3052
2535
-306
-3170
2374
-377
-3311
2399
-548
-3438
2229
-725
-3444
2241
-920
-3483
2028
-1007
-3519
2009
-985
-3488
1973
-1192
-3428
2008
-1192
-3472
2140
-1085
-3339
2102
-947
-3288
2138
-984
-3398
2045
-986
-3406
2208
-888
-3209
2312
-963
-3163
2310
-967
-3202
2354
-993
-3212
2257
-1016
-3244
2467
-991
-3311
2468
-934
-3242
2658
-963
-3174
2419
-782
-3007
2906
-873
-3038
2709
-719
-2975
3011
-522
-3020
2915
-340
-3055
2773
-142
-3052
3056
-116
-2974
2933
165
-3087
2788
363
-3079
2793
473
-2969
2616
652
-2871
2460
735
-2764
2222
739
-2646
1963
751
-2582
1932
529
-2564
1833
565
-2524
2084
321
-2574
2239
329
-2782
2503
169
-3031
2904
-49
-3256
2942
-175
-3243
3078
-254
-3224
3145
-278
-3214
3015
-246
-3141
2844
-305
-3060
2775
-441
-2979
2662
-545
-2955
2619
-624
-2886
2609
-576
-2915
2506
-529
-3052
2929
-735
-3144
2711
-710
-3109
2904
-815
-3210
2810
-785
-3179
2667
-846
-3106
2377
-1099
-2999
2527
-1521
-3103
2678
-1281
-3172
2475
-931
-3287
2684
-486
-3303
2467
-63
-3033
2337
76
-2935
2420
141
-2846
2494
483
-2747
2571
492
-2745
2436
555
-2886
2285
650
-2917
2654
447
-3008
2854
408
-3098
2876
447
-3099
3280
462
-3483
2690
411
-3154
2591
148
-2665
3015
340
-2896
3046
288
-3064
2902
368
-2618
2939
505
-2481
2799
720
-2492
3055
586
-2650
2892
459
-2615
2956
439
-2669
3056
392
-2817
2948
347
-2851
2903
379
-2693
2971
513
-2595
3214
513
-2367
3198
558
-2349
3179
641
-2274
3065
550
-2302
3121
707
-2100
3443
584
-2133
3275
434
-2285
3295
387
-2296
3352
447
-2184
3382
475
-2066
3317
481
-2058
3282
468
-2064
3317
462
-2103
3254
345
-2224
3403
261
-2261
3268
276
-2261
3538
-32
-2511
3095
-15
-2664
2485
374
-2713
2900
128
-2871
2779
98
-2854
2747
187
-2879
2895
84
-2983
2782
8
-3034
2745
53
-2939
2858
106
-2779
2812
112
-2832
3282
-169
-2851
3083
-122
-2929
2661
-6
-2933
2453
133
-2877
2564
188
-2965
3041
160
-2923
3346
354
-2734
2909
558
-2771
3047
437
-2792
3350
114
-2683
3600
-36
-2398
3653
34
-2206
3093
-112
-2084
2948
-523
-2237
3219
-612
-2338
2638
-791
-2386
2595
-1052
-2449
2466
-1509
-2539
3220
-1280
-2228
2939
-1007
-2861
2783
-895
-3360
3035
-745
-2788
2831
-643
-2903
2807
-460
-3011
3227
-340
-2591
3046
-624
-2435
3063
-743
-2247
3259
-685
-1960
3174
-729
-1728
3251
-658
-1507
3541
-609
-1249
3651
-380
-819
3807
-302
-1165
3604
-26
-1666
3106
15
-2022
2947
-59
-2110
3004
-71
-2644
2929
90
-2748
2745
-266
-2948
3215
-426
-3033
3079
-728
-2761
3373
-708
-2325
3296
-974
-2266
3732
-1180
-2415
3856
-1544
-2291
3796
-936
-1617
3303
-833
-1750
3432
-1010
-1698
3950
-717
-1744
3454
-795
-2316
2222
-1063
-2462
2942
-1361
-2127
4386
-1461
-1546
4240
-453
-1728
3511
-339
-2076
2152
-954
-2543
2568
-1239
-2463
3507
-1065
-1910
3942
-668
-1819
3576
-457
-2373
3006
-788
-2739
3101
-1033
-2659
2769
-551
-2626
2706
-515
-2800
2893
-329
-2662
2538
-74
-2629
2958
-403
-2764
2688
-271
-2904
2752
-312
-3227
2023
-347
-3264
2702
-564
-2916
3293
-717
-3022
2759
-297
-3020
2841
-335
-2840
2778
-443
-2924
2488
-400
-2766
2845
-275
-2792
3148
-439
-2876
2800
-124
-2284
2751
-106
-2483
3335
-457
-2654
3311
-442
-2535
3284
-337
-2614
3214
-185
-2485
3238
-201
-2469
3178
-182
-2706
3221
193
-2755
3199
-14
-2751
2967
96
-2599
2776
144
-2647
2810
77
-2484
2752
-147
-2531
2856
-376
-2653
2938
-637
-2767
3017
-625
-2824
2667
-537
-2828
2683
-700
-2875
2573
-675
-2922
2834
-707
-3033
2684
-728
-3152
2767
-934
-3222
2790
-1012
-3027
2401
-695
-3009
2961
-818
-3128
2884
-374
-2703
3034
-32
-2377
3207
-65
-2341
3167
226
-2243
2972
219
-2494
2533
240
-2562
2512
41
-2701
2749
-310
-3076
3212
-494
-3398
3219
-51
-3187
2471
224
-2774
2543
-487
-3300
2540
-1132
-3631
2001
-971
-3502
2106
-497
-3151
2833
-179
-3004
3328
-113
-2653
2985
295
-1976
3328
274
-1592
3127
87
-2192
3113
-804
-2702
3661
-69
-2277
3070
-310
-2202
2873
-541
-2171
3107
-793
-2227
3041
-816
-2433
3353
-940
-2446
3683
-998
-2120
4065
-1023
-2204
3218
-853
-2189
3173
-867
-2111
3054
-814
-1993
3345
-969
-1919
3577
-967
-2087
3390
-911
-2205
3056
-830
-2127
3303
-1075
-2180
3258
-1018
-2081
3230
-853
-2072
3352
-866
-2248
3218
-877
-2263
3252
-970
-2120
3251
-998
-2174
3249
-915
-2185
3281
-939
-2289
3159
-965
-2306
3182
-986
-2247
3157
-1047
-2234
3179
-958
-2185
3368
-953
-2308
3300
-858
-2319
3028
-917
-2347
3287
-1059
-2396
3443
-980
-2412
3158
-788
-2355
3125
-809
-2578
3318
-619
-2543
2542
-119
-2499
2394
-251
-2600
2868
-611
-2633
3461
-549
-2679
3205
-338
-2885
2983
-461
-2869
2801
-502
-2672
2957
-360
-2678
2608
-10
-2587
2476
-8
-2702
3122
-326
-3101
3839
-1110
-3041
3250
26
-4016
3500
265
-1877
3448
615
-1752
3828
904
-1593
3187
831
-1895
3119
512
-2087
3119
371
-2209
3116
87
-2279
3413
-518
-2463
2715
-404
-2666
2787
-498
-2702
2858
-201
-2567
2638
-280
-2829
2681
-451
-2975
2785
-613
-2950
2986
-438
-2721
2855
-183
-3102
2903
-273
-3193
2397
-192
-2650
2811
-394
-2201
3313
-89
-1823
4162
-578
-1694
4040
-422
-1680
3276
-458
-1809
3722
-508
-2319
3443
-340
-2318
3752
-594
-2146
3395
-991
-2182
2976
-910
-2117
3280
-871
-2180
3445
-795
-2083
3228
-792
-2125
3422
-869
-2170
3256
-812
-2279
3069
-804
-2212
3238
-909
-2177
3431
-869
-2163
3162
-877
-2255
3175
-1076
-2561
3409
-1264
-2550
3467
-1399
-2545
3099
-1327
-2350
3198
-1241
-1936
2747
-847
-1995
2717
-506
-2113
2707
-241
-2200
2910
-229
-2603
3002
-312
-3134
2415
-148
-3290
2110
-597
-3705
2467
-1171
-3716
2655
-1509
-3628
2287
-1333
-3467
1817
-1133
-3013
1574
-1194
-2821
1872
-1278
-2763
2281
-1271
-2855
2389
-960
-2985
3187
-996
-3303
2561
-531
-3287
2357
-752
-3535
1960
-1271
-3612
1774
-1351
-3361
1970
-1255
-3173
2264
-1142
-3231
2241
-1016
-3276
2239
-1110
-3337
2175
-1128
-3314
2246
-1104
-3254
2260
-1138
-3136
2216
-1087
-3160
2245
-1025
-3229
2223
-1023
-3308
2199
-1037
-3300
2256
-997
-3295
2323
-978
-3285
2323
-983
-3224
2254
-982
-3252
2264
-991
-3294
2277
-968
-3284
2287
-989
-3266
2235
-1012
-3307
2190
-1028
-3285
2116
-1019
-3302
2142
-1005
-3310
2163
-979
-3363
2106
-1013
-3357
2085
-1067
-3346
2013
-1041
-3362
2029
-1059
-3376
2013
-1049
-3404
1946
-1029
-3406
1943
-1050
-3405
1965
-1051
-3414
1986
-1030
-3436
1932
-1039
-3432
1992
-1078
-3423
2001
-1073
-3428
1950
-1033
-3425
1971
-1036
-3398
2051
-1077
-3419
2006
-1047
-3423
1975
-1037
-3423
2009
-1043
-3417
1988
-1032
-3431
1944
-1029
-3430
1965
-1023
-3424
2011
-1031
-3460
2002
-1017
-3468
2044
-1009
-3433
2048
-1093
-3540
2585
-1137
-3308
3271
-1103
-3031
3296
-962
-3142
2879
-464
-3148
2757
-284
-3082
2522
-244
-2998
2224
-308
-2985
2249
-357
-2953
2426
-336
-2900
2060
-399
-3028
2099
-400
-3146
2161
-652
-3286
2029
-641
-3343
2060
-558
-3374
2058
-529
-3445
1961
-449
-3209
2275
-545
-3617
3182
-917
-3820
2295
-298
-3636
2322
-374
-3594
2190
-713
-3551
2119
-503
-3357
2409
-526
-3323
2129
-217
-3034
2444
-164
-2955
2283
-230
-2894
2270
-282
-2806
2580
-445
-3015
2292
-382
-3115
2528
-481
-3220
2545
-472
-3262
2483
-510
-3217
2521
-555
-3218
2788
-806
-3453
2473
-554
-3212
2493
-467
-3111
2470
-572
-3232
2517
-800
-3608
2589
-390
-3719
2454
-60
-3942
2588
149
-3978
2379
443
-3572
2297
365
-3374
2342
125
-3073
2408
-277
-2978
2462
-315
-2875
2215
-362
-2864
2046
-615
-3083
2192
-767
-3129
1787
-783
-2767
1973
-1855
-2473
2278
-1934
-2366
2641
-1740
-2683
2468
-1153
-2756
2604
-393
-3099
2370
-173
-3581
2002
-121
-3874
1813
-325
-4089
1806
-741
-3923
2107
-902
-3712
2056
-1000
-3594
2470
-1434
-3610
2322
-1139
-3487
2206
-996
-3390
2540
-1622
-3653
2317
-1793
-3628
1477
-1307
-3534
1780
-1111
-3688
2452
-715
-3831
2179
-83
-3738
2535
9
-3280
2711
31
-2733
3431
82
-2255
3214
-152
-2415
2429
-202
-2536
2294
-346
-2600
2734
-563
-2496
2394
-641
-2742
2066
-931
-3456
2018
-715
-3229
2437
-912
-3311
2169
-790
-3433
1886
-776
-3418
2348
-800
-3583
2035
-680
-3454
2246
-938
-3442
2124
-863
-3349
2110
-805
-3122
2405
-970
-3054
2292
-1112
-2857
2683
-1607
-2778
1412
-1529
-2760
2871
-1147
-3441
2382
-712
-3251
627
151
-3437
-378
242
-4199
-915
-400
-4597
-389
-1072
-4785
-204
-1606
-5148
165
-1134
-4249
719
-1011
-3686
421
-1659
-4212
512
-1817
-4283
670
-1347
-3854
309
-1483
-4038
104
-1527
-4120
65
-1555
-4332
452
-1197
-4308
581
-1057
-4349
698
-834
-4263
1066
-487
-3865
1356
-244
-3920
1354
37
-3730
2323
-251
-3428
1981
-242
-3084
2146
-522
-2904
1998
-873
-2857
2189
-944
-2907
2016
-1006
-3168
1636
-1026
-3404
2053
-1012
-3586
1832
-972
-3556
1952
-1126
-3430
1850
-1113
-3485
1905
-1104
-3280
1917
-1508
-3157
2436
-1595
-3029
2333
-1228
-2678
2283
-486
-2520
2291
-249
-2485
2108
-220
-2691
1828
204
-3171
2175
-202
-3175
2213
2
-3298
3095
-276
-3736
3409
-247
-4225
4249
-334
-5391
2866
-700
-4051
2638
-168
-3072
2670
-737
-2330
2607
-780
-2040
2261
-416
-1767
2889
-578
-2035
2860
-211
-2056
3108
-211
-1982
3553
-184
-1937
3448
181
-1924
3793
468
-1751
3794
598
-1890
3679
623
-2065
3915
740
-1987
3823
809
-1681
3908
588
-1473
3864
726
-1311
3750
830
-1259
3732
516
-1472
3658
325
-1602
3737
407
-1498
3565
387
-1331
3824
303
-1279
3811
287
-1188
3808
218
-1033
3733
64
-1079
3751
135
-992
3831
180
-921
3843
346
-816
4087
464
-737
4068
603
-803
3802
650
-792
3538
774
-728
3649
706
-814
3611
714
-848
3789
674
-776
4029
593
-785
4194
544
-790
3955
523
-745
3855
543
-657
3887
481
-643
3826
493
-729
3860
419
-797
3883
368
-791
4013
437
-763
3998
425
-760
3845
458
-722
3757
483
-718
3785
626
-762
3780
615
-883
3872
592
-1009
3998
648
-1073
3920
701
-1193
3962
795
-1240
3950
994
-1186
3573
1299
-1133
3157
1493
-1014
3153
1356
-914
3335
1220
-721
3609
892
-739
3719
569
-942
3713
457
-1155
3811
474
-1361
3948
218
-1392
4283
-228
-1429
4299
306
-1251
3548
808
-1201
3533
661
-1234
3603
672
-1251
3608
428
-1325
3767
47
-1416
3722
-256
-1357
3808
43
-1153
4090
405
-1087
4034
165
-1057
3511
171
-1113
3609
289
-1107
3554
633
-1021
3590
968
-936
4070
987
-901
3848
1044
-935
3657
1019
-1013
3797
863
-1157
3841
701
-1399
3826
458
-1513
3924
523
-1403
3878
811
-1266
3761
764
-1163
3568
626
-1077
3776
990
-1053
3522
1181
-1189
3147
1348
-981
3321
1065
-937
3712
691
-957
3994
663
-949
3789
573
-1082
3917
376
-1091
3842
260
-1091
4088
298
-1201
3750
425
-1268
3641
647
-1300
3682
450
-1334
3698
171
-1323
3964
-223
-1272
4022
-418
-984
3807
-163
-869
3997
-68
-980
3756
225
-1078
3929
676
-896
3942
896
-656
3793
981
-685
3846
1177
-699
3696
1112
-850
3522
959
-988
3848
793
-1075
3922
501
-1334
3865
368
-1475
3868
405
-1392
3983
358
-1380
3810
578
-1383
3616
624
-1349
3666
1017
-1323
3513
1275
-1166
3198
1357
-1052
3535
1044
-995
3331
739
-1041
3537
719
-1078
4043
689
-967
3781
353
-1066
4175
5
-1270
3910
171
-1293
4049
138
-1266
4018
468
-1347
3917
613
-1265
3667
546
-1389
3443
411
-1640
3524
350
-1760
3881
-126
-1982
3436
-485
-2101
3736
-675
-2063
3721
-256
-1652
3346
-230
-1606
3256
-194
-1588
3605
241
-1393
3381
338
-1222
3677
213
-965
3788
257
-953
3549
374
-1309
3378
156
-1971
3699
-156
-2280
4255
54
-2171
3926
334
-1973
4103
160
-1960
3711
287
-1942
3364
575
-1905
3632
1122
-1794
3368
1361
-1527
2943
1144
-1701
2918
718
-1857
3691
626
-1725
3426
245
-1920
3439
11
-1990
3839
-396
-1903
3151
-426
-2057
3007
-346
-2243
3301
-391
-2335
3062
-405
-2338
2996
-554
-2427
3036
-516
-2531
3084
-189
-2582
3311
17
-2564
3577
215
-2347
3754
420
-2303
4019
460
-2426
3944
764
-2336
3732
1075
-2344
3497
1536
-2256
3361
2117
-2142
3193
3007
-2192
2677
3446
-1779
2252
3030
-1242
1435
1981
-907
906
1506
-775
1011
1316
-788
1425
1857
-1163
1300
2576
-1302
1444
3306
-1478
1394
3539
-1915
1243
3717
-1830
1875
3885
-1566
2088
3868
-1205
1680
3534
-988
2216
5818
-1492
1211
2467
-674
1616
3893
-586
1740
3670
-649
1727
3499
-793
1938
3401
-810
1914
3451
-775
1796
3488
-777
2034
3369
-879
2052
3375
-770
2037
3404
-740
1880
3453
-778
2063
3412
-774
1983
3295
-897
1909
3370
-821
2131
3300
-791
2178
3310
-765
2187
3244
-843
2061
3241
-931
2191
3214
-929
2210
3218
-951
2149
3212
-1005
2170
3179
-1018
2171
3188
-1014
2203
3207
-1004
2155
3214
-935
2130
3242
-896
2170
3280
-790
2171
3221
-892
2174
3169
-1005
2157
3189
-997
2178
3194
-1021
2114
3218
-1017
2133
3200
-991
2197
3183
-985
2142
3215
-983
2218
3189
-958
2314
3155
-921
2313
3117
-993
2251
3103
-1051
2255
3145
-1001
2354
3134
-935
2299
3137
-963
2292
3107
-1005
2175
3138
-1095
2217
3112
-1116
2246
3157
-980
2194
3210
-917
2172
3201
-978
2170
3143
-1089
2192
3113
-1111
2263
3105
-1062
2332
3066
-1074
2248
3076
-1095
2338
3057
-1096
2205
3151
-960
2226
3131
-950
2073
3164
-968
1961
3148
-1005
2079
3018
-1021
2222
2888
-916
2547
2571
-932
2777
2457
-837
3085
2198
-855
3311
2179
-744
3154
2010
-866
3058
1696
-1063
3270
1371
-1542
3593
766
-1703
4049
419
-1559
4079
399
-1581
3860
349
-1903
3969
202
-2158
3933
58
-2257
3734
173
-2033
3625
352
-1817
3423
608
-1817
3421
674
-1805
3396
730
-1786
3457
808
-1832
3331
796
-1889
3254
845
-1948
3312
913
-1991
3194
1007
-1974
3252
1012
-1941
3322
980
-1951
3312
997
-2026
3404
1077
-1935
3383
1064
-1916
3160
1141
-1975
3205
1116
-1985
3229
1143
-1957
3317
1236
-1901
3251
1213
-1863
3117
1239
-1839
3340
1166
-1925
3243
1215
-1920
3332
1212
-1889
3275
1232
-1858
3374
1213
-1804
3488
1198
-1790
3343
1215
-1776
3286
1345
-1635
3373
1375
-1473
3483
1343
-1371
3469
1348
-1292
3563
1368
-1236
3478
1390
-1235
3419
1370
-1226
3571
1336
-1184
3696
1256
-1140
3551
1287
-1117
3527
1367
-1049
3552
1394
-1045
3580
1323
-1066
3589
1268
-1121
3580
1294
-1098
3721
1284
-1237
3665
1164
-1458
3390
1288
-1348
3521
1409
-1171
3503
1486
-1116
3353
1600
-1176
3529
1429
-1348
3302
1401
-1458
3271
1450
-1544
3466
1423
-1650
3193
1496
-1686
3023
1487
-1859
3039
1358
-2100
3153
1257
-2086
3306
1304
-1987
3766
1347
-1756
3909
1257
-1698
3525
1285
-1379
3470
1577
-1062
3172
1873
-1060
3090
2189
-969
3020
2321
-844
2953
2335
-850
3016
2381
-797
3003
2486
-772
2797
2562
-911
2855
2531
-970
2826
2532
-951
2780
2540
-1095
2777
2585
-1130
2776
2591
-1114
2699
2618
-1133
2820
2644
-1016
2891
2628
-991
2740
2651
-1092
2597
2752
-1094
2533
2791
-1038
2515
2817
-1033
2624
2814
-985
2692
2787
-952
2649
2811
-989
2650
2841
-906
2717
2822
-874
2710
2755
-1043
2583
2737
-1177
2582
2810
-1059
2665
2820
-972
2614
2827
-1010
2659
2738
-1016
2641
2814
-1077
2567
2823
-1128
2514
2822
-1070
2657
2778
-1077
2629
2750
-1074
2692
2724
-1101
2706
2709
-1054
2718
2700
-1025
2600
2777
-920
2630
2645
-984
2594
2247
-1319
2776
1730
-1634
3351
1665
-1904
3329
1625
-1750
2978
1265
-1657
3181
483
-1860
3274
273
-2376
3444
9
-2558
3629
251
-2706
3613
705
-2976
3320
802
-2953
3185
531
-2939
3296
265
-2799
2977
152
-2664
2940
22
-2463
2933
-11
-2462
2800
31
-2479
2756
-10
-2250
3062
-9
-2101
3104
276
-2134
3722
215
-2058
3758
371
-1781
3954
314
-1514
3690
404
-1594
3447
485
-1540
3914
557
-950
4039
638
-1088
3458
807
-1368
3640
752
-1358
3682
796
-1455
3420
1023
-1495
3196
1035
-1381
3515
962
-1169
3768
764
-1383
3212
754
-1571
3303
758
-1512
3787
656
-1552
3240
741
-1736
3386
596
-1978
3550
605
-1891
3245
756
-1873
3732
633
-2044
3399
590
-2103
3540
408
-2246
3222
602
-2012
3361
206
-2044
3582
-120
-2109
3410
-460
-2366
3372
-716
-2385
3373
-742
-2075
3533
-609
-1911
3467
-602
-1788
3428
-578
-1712
3934
23
-1971
3486
101
-1843
3534
306
-1694
3570
43
-1717
3381
3
-1532
3351
440
-1468
3153
764
-1670
3313
804
-1720
3499
764
-1468
3983
616
-1379
4167
517
-1484
4085
400
-1595
3983
272
-1465
3715
240
-1116
3874
424
-884
3973
358
-952
3940
351
-1015
3850
223
-1058
3757
197
-1196
3767
172
-1267
3700
167
-1313
3847
259
-1174
3787
168
-1199
3806
244
-1094
3925
270
-1144
3495
147
-1528
3760
145
-1465
3464
-232
-1973
3534
-65
-1812
3775
-131
-1709
3433
-187
-1746
3733
226
-1571
3874
-7
-1641
3460
-75
-1781
3170
-243
-2244
3440
-108
-1936
3527
-69
-1931
3551
9
-1888
3568
-125
-1927
3329
-182
-2212
3435
-131
-2086
3268
-77
-2218
3244
-78
-2264
3346
-110
-2138
3426
-70
-2069
3491
48
-1987
3507
149
-1976
3455
23
-2012
3371
-17
-2055
3418
4
-2008
3484
-10
-1962
3535
-52
-1941
3586
-26
-1898
3519
53
-1916
3447
55
-1969
3387
62
-2025
3423
82
-1968
3580
102
-1942
3504
128
-1862
3429
-1
-1996
3394
7
-1990
3498
-34
-1952
3726
57
-1801
3551
177
-1691
3548
159
-1803
3633
489
-1551
3690
373
-1500
3704
286
-1493
3666
409
-1427
3653
371
-1545
3554
521
-1501
3600
439
-1678
3598
347
-1707
3521
334
-1739
3479
376
-1798
3577
370
-1729
3637
377
-1657
3593
376
-1678
3521
381
-1732
3507
387
-1744
3626
408
-1718
3583
365
-1710
3564
311
-1772
3636
309
-1623
3614
290
-1602
3623
344
-1581
3690
356
-1495
3676
377
-1429
3716
389
-1494
3652
315
-1557
3579
312
-1630
3622
307
-1619
3623
335
-1612
3648
337
-1586
3626
305
-1594
3609
321
-1616
3636
323
-1610
3635
319
-1606
3612
320
-1617
3638
323
-1617
3623
314
-1615
3617
315
-1601
3673
338
-1582
3605
290
-1633
3601
324
-1646
3606
375
-1623
3605
293
-1603
3687
300
-1582
3640
313
-1628
3583
333
-1671
3572
394
-1663
3584
320
-1635
3659
302
-1621
3621
316
-1636
3582
331
-1674
3575
397
-1679
3573
308
-1654
3645
307
-1628
3650
342
-1643
3596
318
-1690
3536
412
-1708
3544
349
-1666
3648
285
-1633
3682
334
-1636
3588
317
-1696
3540
386
-1713
3522
356
-1700
3631
322
-1636
3678
354
-1618
3591
305
-1692
3543
362
-1720
3554
393
-1671
3628
318
-1621
3658
354
-1640
3590
316
-1704
3561
375
-1705
3554
390
-1665
3600
304
-1653
3669
330
-1625
3625
327
-1664
3575
376
-1690
3538
406
-1676
3587
318
-1633
3684
353
-1601
3650
366
-1618
3587
365
-1680
3531
425
-1682
3550
353
-1650
3652
361
-1611
3664
387
-1621
3586
310
-1713
3552
390
-1710
3548
363
-1672
3631
335
-1633
3659
394
-1636
3580
357
-1691
3521
395
-1736
3551
338
-1702
3653
317
-1622
3633
380
-1636
3587
352
-1668
3590
328
-1665
3619
330
-1648
3617
333
-1653
3592
352
-1670
3605
391
-1646
3594
359
-1642
3613
351
-1647
3601
356
-1629
3592
368
-1627
3601
333
-1643
3633
329
-1607
3662
326
-1612
3642
297
-1616
3617
319
-1614
3638
320
-1616
3616
308
-1632
3591
330
-1657
3636
360
-1596
3638
373
-1582
3603
363
-1598
3599
359
-1606
3644
351
-1587
3633
344
-1587
3641
369
-1559
3641
373
-1565
3630
348
-1570
3655
333
-1545
3672
351
-1526
3647
355
-1538
3634
371
-1563
3638
356
-1555
3647
358
-1539
3653
355
-1536
3660
350
-1524
3664
367
-1521
3640
381
-1543
3642
375
-1531
3680
372
-1498
3623
388
-1575
3635
365
-1543
3666
384
-1515
3658
397
-1519
3648
368
-1546
3645
359
-1558
3645
367
-1559
3616
358
-1599
3624
348
-1615
3640
375
-1607
3604
404
-1614
3591
401
-1597
3646
370
-1584
3643
372
-1604
3597
409
-1628
3602
411
-1622
3624
382
-1616
3604
374
-1643
3598
379
-1647
3595
411
-1630
3598
434
-1606
3635
385
-1578
3661
362
-1577
3657
405
-1566
3606
411
-1596
3601
403
-1615
3619
392
-1621
3640
390
-1617
3594
409
-1648
3568
409
-1659
3577
402
-1657
3640
360
-1620
3661
364
-1596
3605
411
-1626
3566
402
-1667
3577
410
-1679
3595
401
-1677
3595
385
-1683
3587
401
-1689
3566
416
-1696
3561
401
-1682
3625
377
-1656
3632
382
-1641
3591
413
-1658
3569
425
-1677
3577
422
-1688
3565
411
-1706
3589
413
-1694
3582
441
-1695
3545
430
-1711
3581
407
-1685
3601
372
-1671
3588
368
-1684
3634
414
-1711
3507
267
-1775
3491
336
-1792
3513
392
-1772
3616
332
-1667
3654
498
-1596
3688
412
-1609
3479
352
-1728
3682
377
-1650
3585
296
-1664
3576
442
-1668
3716
551
-1540
3560
598
-1661
3500
566
-1765
3544
530
-1860
3366
595
-1928
3187
536
-2204
3296
595
-2188
3552
550
-1936
3389
399
-2235
3310
474
-2279
2929
378
-2492
2963
305
-2688
3167
328
-2539
3170
262
-2539
3064
331
-2642
2933
66
-2816
2983
3
-2761
3236
173
-2553
3222
194
-2327
3311
178
-2130
3553
562
-1696
4224
734
-1470
3881
697
-1434
3635
568
-1667
3607
597
-1982
3442
624
-2258
3505
410
-2331
3124
235
-2361
3208
35
-2466
2988
30
-2196
2602
-140
-2035
2765
-1103
-2814
2934
-1505
-3445
3575
-1465
-3953
3305
-119
-3205
3450
849
-2648
3890
959
-1940
2703
1328
-1526
2354
1616
-1887
2468
1990
-1931
1845
2152
-1991
1582
2222
-1822
1504
2394
-1782
1524
2710
-1802
1281
3108
-2203
994
3323
-2356
1013
3349
-2359
1026
3279
-2315
601
2776
-2419
156
2670
-2307
84
2638
-2323
283
3032
-2370
292
5727
-3197
456
2983
-2204
89
3237
-1817
-107
3996
-1763
-226
3886
-1567
129
3547
-1974
315
3562
-2010
484
3529
-1967
773
3509
-1984
850
3452
-1877
979
3541
-1758
929
3498
-1854
514
3584
-1882
427
3692
-1730
712
3682
-1594
726
3641
-1666
735
3611
-1753
625
3639
-1682
369
3747
-1603
397
3668
-1656
207
3695
-1735
34
3705
-1830
-52
3687
-1809
-30
3683
-1772
48
3704
-1731
11
3693
-1761
9
3668
-1826
14
3640
-1937
156
3657
-1926
186
3496
-2075
312
3281
-2408
684
2986
-2535
998
2812
-2457
1236
2512
-2484
1459
2249
-2395
2055
1953
-2480
2382
2055
-2329
2341
2228
-2539
2622
2135
-3096
2696
2479
-3402
1990
1792
-3053
1908
1304
-2934
2051
1069
-2989
2054
980
-3000
2150
920
-3122
2411
803
-3357
2447
833
-3416
2680
999
-3465
2594
536
-3110
2744
439
-2888
3148
397
-2592
3159
168
-3002
1916
468
-3442
2481
387
-3173
2596
466
-3041
2662
389
-3183
2493
380
-3095
2484
399
-3153
2768
399
-3086
2396
419
-3168
2421
370
-3148
2621
371
-3045
2703
463
-2989
2429
260
-3275
2582
322
-2943
2567
569
-3041
2343
51
-3638
2459
12
-3407
2738
389
-3243
2500
389
-3282
2084
738
-2845
2206
1073
-2650
2062
874
-2760
1969
685
-2998
2506
240
-3148
2873
-90
-3292
3086
-303
-3440
2518
-138
-3322
2923
-93
-3201
2722
-23
-2971
2395
5
-3178
2486
-198
-3404
2185
-81
-3293
2255
-48
-3190
2714
-86
-3150
2447
-170
-3362
2285
-176
-3362
2532
-128
-3170
2639
-36
-3055
2613
-96
-3142
2361
-163
-3328
2440
-120
-3199
2526
-63
-3125
2519
-63
-3115
2609
-106
-3111
2609
-148
-3132
2477
-23
-3092
2593
-100
-3076
2698
-230
-3174
2607
-179
-3194
2544
-115
-3153
2585
-77
-3060
2568
-51
-2988
2623
-67
-2970
2705
-73
-3000
2677
-176
-3100
2616
-164
-3123
2723
-184
-3040
2698
-131
-2999
2737
-126
-2990
2746
-171
-3010
2687
-143
-3001
2745
-184
-2977
2755
-118
-2957
2777
-161
-2939
2797
-169
-2967
2767
-134
-2982
2794
-98
-2875
3041
-81
-2783
3011
-41
-2723
2790
83
-2744
2837
119
-2763
2711
117
-2800
2776
104
-2865
2799
103
-2830
2673
86
-2906
2766
-4
-3000
2649
22
-2976
2724
-89
-3093
2672
-64
-3079
2593
-30
-3143
2591
-122
-3142
2607
-183
-3160
2628
-90
-3230
2669
-132
-3115
2310
55
-3071
2289
21
-3169
2448
-141
-3323
2420
-150
-3362
2319
-58
-3232
2248
-99
-3279
2480
-205
-3347
2382
-203
-3299
2451
-155
-3288
2410
-159
-3266
2316
-207
-3302
2436
-163
-3218
2588
-68
-3056
2505
-104
-3187
2275
-295
-3468
2249
-434
-3569
2578
-474
-3544
2469
-275
-3334
3064
-244
-3185
2690
-64
-2741
3116
274
-2287
3032
355
-2231
2633
434
-2340
2802
298
-2577
2749
181
-2812
3066
-236
-3104
3047
-290
-2873
2545
28
-2891
2498
88
-3007
2943
-22
-2977
2747
126
-2852
2494
-34
-3096
2551
-18
-3003
2722
190
-3107
2797
-95
-3287
2526
-270
-3448
2158
-161
-3205
2228
0
-3192
2457
-89
-3297
2248
-58
-3368
2126
-206
-3454
2157
-275
-3508
2245
-277
-3499
2314
-187
-3399
2200
-131
-3326
2204
-165
-3392
2332
-285
-3439
2301
-163
-3311
2159
-134
-3350
2106
-269
-3475
2053
-237
-3375
2494
-343
-3578
2422
-341
-3396
2415
-212
-3124
2563
-91
-3044
2681
-184
-3003
2650
-261
-3089
2921
-360
-3250
2742
-372
-3348
2791
-281
-3094
2573
-10
-2786
2752
263
-2517
3329
196
-2503
3060
307
-2555
2971
229
-2560
2989
410
-2472
2582
180
-2797
2902
111
-2843
2620
277
-2405
3617
410
-2072
3465
-36
-2365
3125
-74
-2655
3152
45
-2653
3076
24
-2693
2984
-7
-2803
2468
235
-2805
2187
364
-2831
2745
62
-3215
2388
-213
-3371
2153
-93
-3412
2617
-155
-3337
2649
-98
-3213
2735
-88
-3288
2439
-116
-3235
2139
-96
-3284
2121
-101
-3469
2093
-193
-3498
2233
-180
-3434
2237
-120
-3412
2114
-88
-3372
2304
-167
-3353
2354
-189
-3412
2128
-176
-3411
2251
-134
-3299
2218
-190
-3324
