-914
-3656
-217
-1308
-3478
-206
-1638
-4253
45
-1455
-5811
531
-1353
-7826
677
-937
-8529
732
-239
-6337
442
129
-4203
87
453
-2490
196
526
-3528
362
554
-1132
243
577
-836
167
533
-1260
44
350
-2617
-503
-607
-7142
-280
-1456
-10230
-451
-1329
-8358
-1434
-1977
-5194
-858
-2254
-3519
-362
-2295
-2866
-146
-2079
-1700
-14
-1944
-1092
-36
-2006
-985
-4
-1772
-1569
182
-2677
-2923
262
-3854
-8435
374
-1978
-11568
577
-1281
-10451
70
-934
-6658
-61
325
-3664
-64
1022
-1716
179
1323
-461
663
1947
159
425
1876
-114
-14
373
-739
-801
-1175
-5805
-262
-485
-11015
-896
-1873
-10380
-2045
-2978
-6008
-1218
-2714
-3618
-2560
-3038
-3334
-71
-2779
-2787
63
-2306
-1435
357
-2067
-1116
521
-1531
-1515
549
-3004
-3286
491
-3787
-11027
173
-1102
-12195
-13
-335
-8604
-628
353
-4801
-604
1047
-2624
-475
1296
-1154
-205
1375
-355
215
2028
-25
645
1739
-283
276
-38
-1782
-720
-1867
-9351
-48
-964
-12062
-1219
-2647
-8887
-1653
-2901
-5516
-749
-2446
-3280
-382
-2669
-2103
-270
-2367
-1263
-143
-2235
-566
355
-1921
-1322
433
-2495
-2991
222
-4861
-8257
-61
-2760
-12369
41
-1934
-11186
-488
-372
-7520
-508
1010
-3944
-508
1664
-1788
-43
2179
-539
463
1720
-212
390
1276
-435
282
1019
-784
-310
-147
-2635
-1050
-1432
-9160
-945
-1961
-12154
-2571
-2555
-8557
-2283
-3104
-4596
-1104
-2813
-2567
-575
-2994
-2426
-216
-2579
-1825
-2064
-2219
-1314
95
-2063
-1845
228
-3089
-4118
165
-3285
-10624
18
-1351
-12393
150
-804
-9129
-345
368
-5100
-53
1223
-2878
-26
1525
-1343
245
1643
-107
455
1302
15
271
906
-539
114
462
-1546
-491
-178
-5372
-522
-958
-10226
-1052
-1202
-11604
-1980
-1669
-7765
-1549
-2180
-3947
-830
-2180
-2806
-364
-2345
-2260
-99
-2312
-1262
116
-2348
-943
283
-1910
-1832
463
-2487
-3318
435
-3309
-10353
158
-1122
-13041
169
-777
-10248
-316
115
-5897
-331
853
-3286
-375
1479
-1320
-62
1504
-218
157
881
-294
187
719
-541
309
584
-1014
163
304
-1682
-551
-684
-4546
-701
-1137
-10623
-500
-1514
-12777
-1380
-2220
-8484
-1039
-2393
-4433
-331
-2385
-2033
52
-2543
-1266
101
-2371
-624
204
-2208
-456
266
-2050
-1355
375
-3013
-3720
716
-3997
-10811
1360
-1563
-11908
1309
-871
-9320
275
-210
-5795
114
868
-3262
-62
1312
-1661
62
1260
-613
370
1125
-386
226
855
-783
66
633
-1157
-2320
-4
-2533
-870
-1086
-7063
-198
-1194
-10789
-895
-1348
-10778
-1886
-2138
-6229
-1203
-2090
-2613
-413
-2373
-2075
33
-2430
-1984
190
-2219
-1337
278
-2320
-1547
332
-2237
-2518
343
-3165
-5954
258
-2620
-10860
260
-1136
-11078
-87
-639
-7581
-534
-81
-4421
-656
507
-3250
-724
972
-1686
-410
1535
-89
170
1560
359
316
1048
146
264
427
-816
-475
-281
-4591
-104
-363
-11911
-205
-964
-13185
-1270
-2206
-7752
-884
-2381
-3301
-337
-2623
-1738
307
-2933
-1794
512
-2379
-1319
325
-1998
-1461
426
-1709
-1948
446
-2647
-3318
391
-3394
-10128
-86
-1317
-11916
-207
-1011
-9432
-435
-332
-6391
-342
578
-3202
-520
838
-1157
-222
1513
283
217
1501
676
494
1190
215
178
688
-1002
-717
38
-6056
-432
-544
-10832
-1531
-1932
-11999
-1422
-2905
-7638
-1285
-2189
-3468
-485
-2213
-2244
404
-2206
-1685
536
-2010
-1086
661
-2095
-1326
656
-1913
-2103
578
-2485
-3477
350
-3296
-7923
181
-1589
-10073
41
-1405
-8918
-677
-1173
-7032
-1110
-561
-4938
-1220
87
-3368
-808
1058
-1814
-279
1648
-462
478
1522
95
290
1693
85
-159
1218
-447
-1118
371
-6086
-376
-14
-12828
-822
-1563
-11603
-1468
-2826
-6392
-821
-2338
-3045
-376
-2447
-3016
-396
-2262
-2820
-228
-1889
-2229
-194
-1689
-1636
-57
-1621
-1772
63
-2562
-3560
-120
-3152
-8294
-299
-1619
-10594
-273
-1082
-9492
-681
-670
-6660
-792
10
-5137
-586
947
-3069
-377
1750
-669
380
1542
128
820
672
122
235
413
368
-191
570
-990
-842
489
-7112
-511
354
-12762
-1787
-1184
-10364
-3009
-2001
-5651
-1682
-2005
-3349
-674
-2218
-2721
-382
-2545
-2102
-192
-2595
-1478
563
-2419
-1758
1070
-1743
-2993
764
-2122
-5032
159
-2446
-9597
-27
-929
-10904
144
-788
-8942
-508
-303
-6061
-199
389
-4091
-207
845
-2528
-198
1418
-870
553
1916
134
946
1408
707
197
1386
-268
-388
1081
-2828
-863
-116
-8012
-939
-1254
-11765
-930
-2026
-11155
-1372
-2377
-6135
-1130
-2092
-3016
-412
-2544
-2263
-165
-2300
-2188
43
-2018
-1625
143
-1857
-948
375
-1847
-1789
494
-3161
-4377
230
-3137
-10424
5
-2100
-12502
-365
-1042
-9422
-899
312
-4736
-604
707
-2138
-247
1203
-794
127
1466
0
452
1443
274
549
1116
-137
678
720
-1198
-528
-507
-5839
-1061
-1266
-10468
-848
-1205
-12529
-2034
-2397
-7775
-1426
-1951
-3436
-549
-2132
-2670
-382
-2689
-1832
62
-2549
-1094
331
-2541
-968
233
-2362
-1892
150
-2676
-3271
3
-3885
-8380
-782
-2300
-11105
-1294
-1489
-9682
-1746
-724
-7210
-1705
352
-4180
-1093
888
-2297
-650
1292
-934
-94
1536
-37
272
1446
60
304
1111
-390
116
852
-1184
-875
177
-4373
-1451
-724
-9347
-1891
-2029
-13119
-2661
-2764
-10325
-2121
-2489
-4741
-1214
-2656
-2142
-424
-2956
-1853
-32
-2538
-920
171
-2231
-546
240
-1986
-1244
284
-2441
-2256
46
-3574
-8407
-806
-2545
-13343
-977
-1427
-11704
-1182
-126
-6054
-831
892
-2725
-558
1329
-945
60
1869
270
496
1920
488
542
1624
177
572
970
-362
-177
-511
-3737
-645
-948
-10124
-1837
-1769
-13992
-2098
-2335
-9334
-1755
-2513
-3996
-1184
-2299
-2386
-563
-2182
-1949
-79
-2020
-1095
238
-1921
-694
252
-1865
-751
317
-2310
-1652
252
-4480
-7243
-239
-2357
-12974
283
-1505
-12215
52
-850
-7928
-405
876
-4362
-316
2214
-1774
-241
1979
-368
232
1550
315
282
1191
-17
194
1007
-555
-100
187
-2257
-1022
-348
-7231
-1658
-394
-11912
-2784
-1460
-11437
-2813
-1895
-6004
-1913
-1719
-2759
-955
-2176
-1803
-394
-2311
-1365
187
-2207
-1179
447
-2107
-1813
211
-1696
-2163
160
-2197
-2689
-127
-2961
-9013
-960
-1210
-13414
-2512
-798
-11147
-867
64
-6593
-582
1024
-3655
-347
1379
-1994
-273
1179
-503
-131
1193
225
343
1296
593
1060
1251
131
67
632
-1233
-1137
-102
-7192
-1440
-488
-13121
-3313
-1197
-11757
-2829
-1885
-6142
-2121
-1635
-2909
-1059
-1931
-2128
-332
-2122
-1567
-39
-2058
-805
372
-2162
-953
522
-1897
-1707
343
-2111
-2877
131
-3204
-7954
-625
-1124
-11515
-674
-1101
-10212
-1261
-2576
-7343
-1237
143
-4686
-958
362
-2978
-844
1115
-1113
-137
1590
94
394
1012
198
264
819
-357
-173
714
-1303
-1017
-71
-5056
-1207
-507
-10342
-2064
-1088
-11434
-1986
-2147
-7557
-1706
-1974
-4644
-1338
-1917
-2689
-655
-2070
-1882
-292
-1929
-1300
48
-3992
-933
273
-2087
-1421
265
-1894
-2471
372
-2669
-4308
200
-3247
-9459
-178
-2084
-11852
-372
-1389
-10225
-722
-414
-6635
-446
356
-3628
-553
1132
-1792
-158
1603
-139
500
1677
634
212
1249
467
-678
1091
-547
-998
429
-3868
-695
-576
-10946
-1607
-1919
-11884
-2008
-2564
-7653
-1903
-2157
-5132
-1480
-1801
-2505
-636
-1966
-1834
-221
-1753
-1097
266
-1722
-317
385
-1836
-1029
290
-1864
-2028
521
-2933
-4156
79
-4096
-9616
-413
-1791
-11301
-642
-1606
-8764
-869
-650
-5896
-1001
169
-3393
-968
242
-1780
-594
809
-856
-46
1191
-38
154
881
-327
40
784
-1047
-404
729
-1903
-1009
216
-4663
-1229
-862
-10280
-1872
-1888
-12117
-1897
-2149
-8494
-1643
-2213
-4802
-1084
-2106
-2482
-398
-2416
-1594
17
-2255
-1018
276
-2102
-540
444
-1993
-1307
325
-2024
-2305
368
-4085
-6206
-69
-3690
-11996
-32
-1723
-10970
-139
-1160
-8228
-313
-58
-4630
-389
713
-2542
-402
775
-1331
-190
1372
-626
34
1487
-303
-4
1390
-115
-156
1210
-261
-696
-268
-2881
-378
-1081
-9936
-220
-1686
-13325
-962
-2636
-8979
-772
-2395
-5303
-941
-2295
-2715
-432
-2489
-1754
70
-2359
-1232
296
-2267
-1007
387
-2170
-1561
298
-2378
-2440
442
-3876
-6756
38
-2221
-11491
-229
-1157
-10934
-454
-962
-8085
-685
145
-4983
-492
1259
-2616
-560
1441
-1001
-213
1586
224
200
1404
-242
245
1104
-360
321
984
-943
-59
377
-3222
-1097
-218
-8036
-1226
-455
-12206
-2161
-1558
-10997
-1787
-2030
-6734
-1202
-1950
-3191
-531
-2321
-1958
-57
-2392
-1418
143
-2204
-759
241
-1696
-1429
58
-1732
-2338
185
-3003
-6335
-369
-1603
-11774
-581
-1382
-11619
-1035
-361
-8810
-1134
755
-4730
-733
1367
-2331
-132
1358
-503
312
1710
-53
336
1655
146
393
1712
92
420
1072
-785
-599
-194
-5722
-871
-1634
-13110
-2220
-2818
-11587
-2270
-3162
-5981
-1648
-2893
-3286
-1128
-2895
-2490
-477
-2669
-1799
-223
-2541
-1194
1
-2137
-785
218
-3912
-1188
383
-3509
-3125
447
-4218
-10494
-401
-1960
-11945
-618
-1779
-9663
-1384
-746
-7220
-1312
496
-4474
-949
1257
-1739
-219
1565
112
121
1363
158
233
1270
133
134
1475
-609
-337
266
-2628
-1232
-728
-6742
-1579
-1373
-11238
-1721
-2242
-10919
-1794
-2713
-6881
-1511
-2315
-3067
-957
-2119
-2291
-611
-2129
-1982
-321
-2172
-1290
-94
-2283
-1202
70
-2099
-1978
246
-3778
-3694
288
-4319
-10780
457
-2466
-12722
928
-1443
-10411
724
55
-6559
324
997
-3229
-59
1580
-1185
97
1693
11
382
1529
-18
261
1168
-345
119
1073
-813
-359
56
-2724
-1059
-714
-7862
-1217
-2179
-13046
-2630
-3175
-9242
-2695
-2540
-5807
-1770
-2312
-3069
-417
-2705
-2043
431
-3123
-1436
954
-3167
-2560
1345
-2607
-1145
949
-1984
-2810
20
-3330
-5562
-515
-3297
-11260
-125
-1985
-12435
26
-1221
-9378
14
8
-5235
-134
748
-2849
16
1279
-1112
421
1674
-208
535
1428
22
384
1211
45
332
1177
-686
-323
-2152
-3146
-909
-900
-9609
-1864
-2328
-13637
-2533
-2900
-9168
-2251
-2256
-4805
-1611
-2330
-2308
-733
-2502
-2503
-141
-2363
-1513
340
-2267
-1395
348
-1961
-1828
148
-1787
-1858
106
-3111
-4903
-836
-2778
-10093
-1323
-2028
-10227
-1693
-1560
-8637
-1857
-150
-5296
-1573
819
-3186
-1228
1186
-965
-515
1249
-109
10
1079
-354
280
810
-743
83
773
-1650
-465
343
-3402
-1974
-76
-6024
-2993
-441
-11486
-4171
-1575
-9766
-3526
-1912
-5099
-2037
-1764
-2979
-1214
-2060
-2037
-599
-2027
-1568
-243
-2031
-1443
-186
-2092
-1399
-79
-2052
-1940
-287
-2363
-3420
-746
-3190
-7756
-1286
-1955
-10232
-2029
-1181
-10662
-2427
-559
-7945
-1656
430
-4442
-1253
951
-2432
-896
1310
-865
-390
1452
-329
-111
1615
-2472
-18
1416
-356
-257
959
-752
-985
135
-4492
-661
-900
-11590
-2287
-2128
-12327
-2413
-2876
-7724
-2098
-2716
-4091
-1374
-2622
-1862
-226
-2523
-1173
233
-2274
-633
388
-2070
-689
656
-1747
-1001
404
-2719
-3141
-323
-3827
-8763
-1105
-2140
-12614
-1384
-1342
-11179
-1788
-422
-6517
-1022
851
-2887
-659
1282
-1304
-399
1679
-211
69
1621
366
222
1058
-81
151
778
-1330
-318
216
-3633
-767
-1066
-7435
-650
-1911
-11436
-2385
-1609
-9419
-2521
-1909
-5677
-1634
-1758
-3289
-964
-1879
-2221
-147
-2257
-1642
142
-2356
-1380
405
-2485
-786
1222
-2356
-1726
674
-3558
-4388
-712
-3124
-9914
-557
-1611
-10705
-698
-1582
-9481
-890
-1036
-7037
-1166
-353
-3328
-683
492
-1398
127
1342
-378
842
1533
-662
446
1377
-2928
133
1190
-984
-194
442
-1535
-1332
-339
-6318
-2266
-400
-11447
-3395
-1613
-10766
-2367
-2840
-5265
-1684
-2114
-3406
-1036
-2468
-2344
-421
-2540
-1518
-49
-2424
-1446
195
-2207
-1821
163
-1900
-2566
36
-2396
-4217
-409
-2752
-8865
-1002
-1708
-10630
-956
-1088
-9712
-1587
-500
-6956
-1335
131
-3715
-901
625
-1863
-551
997
-933
10
1342
-91
406
1109
-89
379
1312
-335
352
1309
-832
-626
648
-5146
-972
-68
-12221
-2191
-1350
-12759
-2479
-1914
-7916
-1724
-1708
-3403
-820
-2175
-1786
-157
-2392
-2085
-120
-2007
-1504
-66
-1956
-1647
-133
-2020
-1863
-350
-1879
-2689
-429
-2807
-5955
-765
-2267
-10684
-669
-1397
-10941
-681
-1134
-8707
-970
-108
-5756
-474
664
-3113
-192
1328
-1207
73
1445
-52
511
1326
191
865
881
70
515
1076
-787
-96
504
-3661
-962
-35
-9675
-1903
-684
-12662
-3009
-1595
-9233
-2423
-1776
-4860
-1774
-1512
-2650
-950
-1810
-1960
-419
-1970
-1453
22
-2032
-1100
213
-2051
-1646
133
-1915
-2370
69
-2500
-3488
-142
-3846
-8735
-608
-1797
-11711
-364
-1175
-9888
-921
-388
-6863
-735
557
-3830
-679
562
-2313
-820
874
-1065
66
1174
-131
424
1006
179
208
936
-479
-38
829
-1780
-839
483
-5480
-1357
-345
-11024
-2485
-1219
-11974
-2561
-1823
-7514
-1741
-1904
-4007
-999
-1957
-2205
-347
-2333
-1194
92
-2404
-505
200
-2189
-1045
119
-1921
-1818
167
-2393
-3766
-41
-3327
-8590
-585
-1566
-10850
-744
-1397
-9882
-1466
-603
-7001
-1204
203
-3987
-802
575
-2583
-2776
1279
-1152
-23
1846
2
470
1591
-259
207
1120
-651
55
892
-1514
-784
-38
-5457
-1596
-795
-10370
-2115
-3216
-12025
-2395
-1848
-7762
-2004
-1754
-3589
-1489
-1991
-2619
-978
-2067
-1850
-447
-2225
-1209
-31
-2278
-1265
241
-2142
-1715
234
-2016
-2646
204
-2973
-6310
-1128
-2488
-10458
-1699
-1559
-11305
-1974
-888
-8545
-1660
104
-4559
-1123
521
-2523
-982
1008
-1396
-458
1257
-727
50
1248
-279
-230
1090
-605
-577
774
-460
-695
-294
-2978
-3104
-739
-7935
-1223
-635
-11840
-2191
-2070
-10277
-2313
-2678
-5353
-1605
-2353
-2663
-871
-2144
-1883
-273
-1934
-866
144
-1703
-627
219
-1607
-1087
108
-1773
-1970
-72
-3185
-5648
-918
-2070
-11789
-1923
-945
-11838
-2388
-645
-7865
-2116
68
-4700
-1642
625
-2985
-1243
1354
-1245
-277
1809
-37
392
1344
-245
268
1176
-247
75
1135
-753
-611
771
-2877
-1107
121
-7955
-1827
-572
-12689
-2850
-1475
-10113
-2491
-1800
-5819
-1958
-1625
-3415
-1154
-1772
-1854
-425
-1974
-1135
-23
-2122
-853
223
-2303
-882
172
-2292
-1939
88
-2949
-3686
-180
-2932
-9059
-897
-1511
-11639
-1190
-1269
-10062
-1588
-313
-7449
-1224
723
-4393
-914
1390
-1930
-325
1671
-609
304
2014
41
287
1790
413
-24
1506
61
-175
437
-999
56
-305
-7432
-1562
-1192
-14928
-3363
-2124
-11472
-2684
-2282
-5022
-1830
-1702
-2458
-1151
-1902
-1658
-502
-2102
-591
164
-2364
-136
276
-2230
-675
145
-2004
-3512
232
-3257
-4714
-712
-3277
-11523
-1199
-1612
-12369
-1246
-1258
-9123
-1297
-203
-6138
-783
550
-3868
-607
1002
-1901
-2
1358
-405
326
1392
-511
221
1110
19
217
1013
-36
-404
406
-1227
-981
-173
-6283
-1500
-487
-12668
-3407
-927
-13202
-3710
-1683
-5538
-2172
-2327
-1781
-1081
-2738
-2023
-327
-2551
-1282
-89
-2315
-1584
-70
-2127
-1593
44
-2044
-2002
58
-3425
-4879
-870
-3187
-11909
-1753
-985
-12033
-1622
-707
-8067
-1635
257
-5311
-1054
1134
-3063
-548
1498
-971
189
1508
187
580
1027
-58
381
582
-601
-152
667
-1512
-794
97
-5374
-1416
-364
-10430
-3634
-1747
-10911
-3865
-2656
-7355
-3062
-2167
-4062
-1759
-2001
-1808
-303
-2231
-1161
347
-2401
-574
652
-2228
-232
834
-2026
-900
599
-2394
-2309
298
-4246
-7400
-765
-3064
-12916
-1237
-2062
-12170
-1655
-987
-8406
-1314
608
-4278
-712
1487
-1893
-182
1485
-289
585
1393
211
598
1086
55
483
888
-244
-123
366
-1641
-939
-79
-5842
-2242
-1060
-12807
-3194
-1988
-11071
-2765
-1902
-6185
-2233
-1810
-2888
-1358
-1980
-1749
-566
-2323
-1363
-106
-2397
-980
157
-2752
-1135
110
-2597
-2247
-162
-2538
-3616
-266
-3167
-7878
-1049
-1949
-11873
-1785
-1078
-10646
-1554
-446
-6578
-1141
258
-3490
-679
663
-1609
-231
1201
-464
137
1422
220
239
1281
243
139
1247
-201
-183
720
-2610
-983
136
-9324
-2389
-1784
-13558
-3227
-2175
-8383
-2421
-2355
-4005
-1714
-2172
-2633
-773
-2489
-2157
-371
-2363
-2268
-50
-2158
-1833
373
-2167
-1838
267
-2247
-1674
71
-3316
-3491
-778
-3257
-9287
-1851
-1871
-11365
-2160
-1244
-9871
-2059
-241
-5695
-1257
684
-3122
-758
1319
-1177
-37
1850
384
396
1768
422
449
1226
90
308
1040
-250
-234
292
-4544
-1160
-220
-13175
-2595
-1441
-13135
-2735
-2355
-6909
-2254
-1833
-4212
-1306
-1813
-2116
-218
-2171
-1394
367
-2372
-688
778
-2225
-263
750
-2090
-1066
437
-2712
-2684
76
-3466
-8574
-1100
-1977
-13024
-1783
-1130
-11010
-1697
-520
-6936
-1389
561
-3918
-1018
1336
-1992
-392
1800
-167
124
1798
323
402
1322
352
401
1081
-39
59
826
-1728
-229
94
-7550
-629
-2936
-14910
-2086
-2237
-10730
-1949
-2518
-5171
-1468
-1770
-2918
-655
-2271
-1522
-2136
-2442
-1093
282
-2247
-576
534
-2005
-1034
144
-2074
-1891
26
-3749
-5178
-749
-2839
-12389
-1290
-1372
-11810
-1203
-1264
-7866
-1098
-57
-4950
-641
647
-2590
-380
845
-927
142
1445
54
211
1554
103
96
1370
152
-117
765
-1228
-465
-486
-6727
-841
-1543
-14562
-1615
-2508
-10588
-1622
-2575
-3928
-1141
-2125
-2062
-462
-2563
-1452
192
-2776
-1253
547
-2539
-1225
465
-2379
-1510
228
-2661
-2438
171
-4234
-6702
-869
-2756
-11294
-1909
-1784
-11810
-2587
-903
-7232
-1697
187
-3476
-860
678
-1926
-348
859
-724
159
1210
-297
358
1283
-444
276
1503
-1540
-252
568
-1729
-1033
-782
-6628
-1003
-2236
-12652
-2484
-2933
-8726
-2071
-2851
-4833
-1495
-2534
-3030
-776
-2750
-1790
75
-2758
-1290
468
-2649
-1505
534
-2741
-1977
417
-3091
-2777
483
-4573
-6930
-3
-2146
-10973
-229
-994
-10179
-612
-860
-7351
-800
41
-4914
-740
1058
-2726
-302
1285
-915
141
1693
-282
253
1676
112
301
1718
172
-302
1519
-948
-1182
920
-7543
-1731
-909
-14608
-2801
-3430
-10411
-1645
-3576
-5519
-1255
-2865
-3231
-874
-2697
-2552
-493
-2355
-1526
-159
-2129
-889
143
-2012
-1312
416
-2026
-2211
492
-3515
-6175
-53
-2636
-12853
-628
-1018
-11282
-658
-819
-8373
-1007
5
-5125
-603
737
-2357
-229
1254
-901
468
1782
-492
698
1605
-412
511
1398
-596
9
1037
-1042
-771
273
-3458
-1322
-2456
-9523
-2468
-1505
-12754
-3068
-2033
-8474
-2329
-2028
-5155
-1569
-2115
-3106
-723
-2451
-2134
-175
-2528
-1573
66
-2549
-937
200
-2337
-1185
105
-2232
-1962
-50
-3475
-5587
-727
-2484
-11720
-1287
-1426
-11416
-1523
-753
-8107
-1281
166
-4700
-955
836
-2852
-708
1407
-1044
-17
1569
108
349
1140
77
267
1129
-292
87
970
-1105
-679
452
-3908
-1419
-257
-9771
-2697
-1454
-12434
-2863
-2368
-8130
-2058
-2302
-5017
-1501
-1992
-3055
-583
-1958
-1815
70
-2050
-1160
286
-2122
-960
487
-2035
-1522
678
-2460
-2594
237
-3735
-7740
-1035
-2622
-10548
-1461
-1737
-10012
-1782
-827
-7443
-1341
405
-3442
-749
705
-1762
-375
796
-832
77
1365
10
263
1273
277
344
1161
-722
-517
539
-2375
-1071
-76
-7776
-1473
-1798
-12994
-2402
-2817
-10575
-1693
-2648
-5652
-986
-2653
-2101
-139
-2720
-1619
146
-2518
-1225
95
-2329
-980
178
-2210
-1391
68
-2404
-1557
-87
-3598
-3853
-619
-3676
-10220
-867
-1789
-11997
-646
-3584
-9423
-1004
-500
-5437
-461
550
-2449
-368
873
-1244
-95
1320
-48
365
1254
237
257
1116
-430
-14
1037
-818
-507
-26
-3315
-1196
-693
-9719
-1834
-1575
-12191
-2611
-2526
-8459
-1994
-2258
-4596
-1256
-1949
-2725
-425
-2299
-1998
-6
-2437
-1647
-88
-2262
-1643
-234
-2231
-1982
-282
-2565
-2056
269
-4382
-2311
957
-3411
-10753
946
-207
-14609
1484
686
-9990
900
983
-4262
399
828
-1662
94
714
-821
20
1169
-151
198
1014
-464
32
1056
-585
-119
1118
-913
-716
471
-3048
-1340
89
-9325
-2533
-389
-12684
-3095
-1693
-8960
-2522
-2159
-5761
-1710
-1908
-3032
-680
-2204
-1392
121
-2620
-740
381
-2737
-448
368
-2503
-1010
234
-2221
-2737
-10
-3655
-7659
-919
-2147
-12631
-1410
-933
-11217
-1654
-355
-7522
-1389
623
-3780
-760
1129
-2023
-334
1401
-849
323
1864
-230
605
1829
-62
518
2109
-215
79
1820
-2554
-1871
870
-7660
-3072
-435
-11822
-3255
-1828
-9644
-2671
-2379
-5943
-2136
-2259
-3422
-1393
-2377
-2641
-859
-2238
-2033
-421
-2217
-1265
-231
-1904
-1485
-267
-1740
-2526
-297
-2760
-4167
-817
-2706
-10014
-1228
-1387
-11186
-1389
-964
-9101
-1406
-33
-5644
-970
460
-3807
-869
993
-2114
-343
1578
-412
71
1580
23
191
1328
-14
-21
1290
-421
-461
468
-2526
-1483
13
-8447
-2440
-1536
-12258
-3201
-2061
-9124
-2747
-2031
-5444
-2012
-2020
-2792
-1051
-2276
-2325
-479
-2427
-1705
7
-2493
-1140
224
-2460
-1685
104
-2139
-2384
157
-3049
-5480
-526
-2360
-11683
-1162
-892
-11496
-1296
-499
-8080
-1116
414
-4617
-451
863
-2640
-211
1109
-1287
284
1277
-214
482
1067
20
358
982
-205
275
1239
-850
-764
1031
-5035
-1757
173
-11680
-2538
-2055
-11881
-2939
-2337
-7182
-1779
-2339
-4253
-1026
-2274
-2859
-282
-2215
-1994
-175
-1877
-1180
46
-1759
-1395
168
-2025
-1971
88
-1944
-2380
87
-2983
-4471
-734
-2138
-9423
-1790
-988
-12090
-2316
-171
-10254
-2222
688
-5455
-1524
1200
-3122
-958
1555
-1315
-279
1725
-166
191
1979
36
67
2113
353
9
1340
-450
-418
101
-4300
-1346
-714
-11330
-3145
-1908
-12293
-3786
-2147
-7000
-2692
-2226
-2819
-1497
-2277
-1909
-767
-2437
-1610
-326
-2268
-862
25
-2009
-1241
-7
-1930
-1848
-202
-2894
-4139
-832
-2970
-9957
-1962
-1017
-12023
-2050
-588
-9489
-2251
426
-5763
-1382
1238
-3242
-935
1948
-1871
-180
2078
9
421
1687
30
212
1508
-114
-60
1111
-560
-590
552
-4686
-1524
-394
-11606
-2920
-1871
-11253
-2865
-2419
-6812
-2221
-2149
-3891
-1406
-2147
-2399
-597
-2320
-1858
-198
-2324
-985
34
-2315
-742
129
-2911
-1259
446
-4336
-5137
-414
-3075
-12395
-1510
-785
-12364
-1677
87
-9038
-1382
1282
-4436
-504
1636
-1877
-271
1410
-493
262
1356
613
479
1243
487
394
1192
-333
-31
951
-2636
-956
221
-7407
-1896
-937
-11489
-2822
-2000
-9601
-2484
-2511
-6356
-2019
-2519
-4240
-1182
-2438
-2259
-463
-2412
-1830
-121
-2325
-1078
380
-2309
-841
517
-2519
-2016
522
-4105
-5625
135
-2840
-13595
9
-813
-10637
74
-382
-7045
-269
781
-4025
-170
1110
-1995
-135
1474
-908
242
1989
230
552
1445
123
366
1200
-551
-217
722
-2217
-1013
-687
-9124
-1740
-2880
-14388
-2402
-3523
-9626
-1757
-2612
-4844
-1357
-2159
-1857
-355
-2294
-683
359
-2268
-525
434
-2233
-399
620
-2200
-786
452
-2529
-1882
602
-4070
-6399
210
-3247
-12276
-542
-1816
-11739
-973
-615
-7549
-781
275
-3588
-577
581
-2312
-267
889
-1136
114
1434
-872
184
1712
-243
215
1374
-260
-198
524
-1189
-729
-607
-7138
-2048
-2331
-13593
-3221
-1969
-9301
-2826
-2809
-5494
-2260
-2510
-2549
-1115
-2191
-1476
-221
-2351
-1315
216
-2354
-892
767
-2473
-1857
849
-2566
-2486
618
-4334
-5830
-383
-2370
-12508
-1197
-1426
-10247
-1437
-1058
-8551
-1077
801
-4455
-649
972
-2666
-497
1276
-1332
215
1339
443
330
1127
622
-127
1222
1442
-311
147
-1036
-1137
-172
-9197
-1949
-249
-12389
-2638
-1891
-10569
-2689
-2332
-5381
-1875
-2196
-2575
-1114
-2157
-2473
-519
-2291
-1131
26
-2463
-1203
493
-2390
-1163
366
-2499
-2492
27
-4216
-8455
-598
-1732
-13120
-742
-453
-9993
-917
-357
-6871
-975
690
-4143
-537
1310
-2245
-297
1585
-646
201
1673
146
236
1013
314
239
944
194
-160
499
-2273
-785
51
-10037
-1880
-1776
-14241
-3026
-2146
-8394
-2153
-1905
-3686
-1447
-2059
-1937
-374
-2654
-1247
177
-2649
-804
427
-2616
-717
635
-2326
-1839
416
-2949
-4074
85
-3944
-10512
-515
-1795
-12301
-550
-1156
-9137
-806
-249
-5781
-487
621
-3385
-337
1365
-1759
47
1798
-185
198
1592
219
276
1304
617
491
856
-412
-955
-414
-5054
-1855
-1185
-11457
-2430
-2423
-12347
-2121
-2476
-6875
-1808
-1960
-3540
-1233
-1981
-2069
-535
-2154
-1299
-225
-2435
-1499
-117
-2672
-1349
117
-2748
-1303
98
-3177
-1807
-200
-4226
-8211
-1808
-2332
-13033
-2314
-1037
-10300
-2117
-171
-5712
-1306
514
-3000
-804
1113
-1694
-190
1646
-382
236
1457
-166
207
1378
-277
114
1136
-447
-380
110
-2355
-3248
-172
-8710
-2860
-860
-13313
-3531
-2420
-9443
-2823
-2796
-5092
-1787
-2324
-2516
-754
-2592
-1800
-265
-2446
-1506
9
-2321
-778
99
-2217
-858
12
-2075
-1880
101
-3725
-5361
-506
-3405
-13112
-1320
-1695
-11263
-1362
-958
-7455
-1192
223
-3879
-728
932
-1726
-605
1493
-87
-16
1436
527
190
1073
-144
28
1143
-626
-296
344
-2455
-1069
-72
-8145
-2498
-1167
-12813
-3377
-1755
-8732
-2731
-2378
-4764
-1858
-2494
-3387
-1088
-2725
-1996
-448
-3050
-1401
-295
-2855
-798
-97
-2433
-487
78
-2341
-1628
-8
-3886
-6145
-448
-2504
-13432
-465
-596
-12005
-280
-665
-7495
-563
-81
-4972
-463
349
-3173
-152
870
-1463
303
1381
-517
557
1455
-207
605
1417
85
444
612
-361
-216
426
-3923
-1451
407
-10568
-3708
-726
-13822
-4780
-2153
-8684
-3528
-2515
-3315
-1882
-2546
-1992
-358
-2878
-1057
356
-2524
-1037
497
-2383
-1320
626
-2284
-1692
665
-2773
-2982
359
-3890
-7320
-812
-1372
-12292
-2166
-298
-11758
-2888
497
-7468
-2390
1194
-3769
-1435
1130
-1438
-491
966
-422
0
761
-100
190
1029
-105
115
1165
-415
-199
621
-1079
-719
147
-4983
-1388
-685
-12225
-2674
-1750
-13041
-3064
-2280
-7244
-1925
-2776
-3437
-993
-2748
-1884
-9
-3163
-1519
222
-3068
-1201
250
-2532
-807
302
-2131
-1394
-44
-3049
-3584
-931
-4634
-9756
-1101
-3519
-13245
-1102
-1867
-10069
-507
-737
-5282
-64
447
-2931
-15
1014
-1119
279
1232
-47
361
1819
334
468
1400
50
339
888
-813
-354
-246
-3245
-1205
-850
-9737
-2397
-1843
-12325
-3086
-2737
-8813
-2443
-2702
-5059
-1667
-2233
-2550
-875
-2285
-1756
-459
-2562
-1124
-198
-2285
-194
50
-1942
-937
-344
-2211
-2671
95
-3755
-6580
-33
-2430
-13783
-209
-792
-11569
-386
-835
-7630
-712
211
-5202
-512
997
-2555
-59
1264
-1095
431
1773
-472
650
1495
-138
477
1102
-110
155
768
-756
-699
-143
-4493
-1530
-633
-10737
-2581
-1206
-11881
-2914
-1806
-7357
-2212
-1528
-3768
-1386
-1653
-2247
-646
-2165
-1687
-155
-2415
-1514
168
-2627
-1465
364
-2865
-2927
96
-2423
-3977
-66
-2622
-4248
-227
-2412
-6814
-726
-1754
-9852
-1173
-739
-11910
-1533
38
-8882
-1510
475
-4581
-1168
1421
-2316
-654
1836
-446
49
1476
337
35
1384
-112
-362
1181
-173
-667
282
-1286
-861
-259
-6040
-1620
-1570
-12379
-2345
-2051
-9998
-2322
-2372
-5845
-1692
-2422
-2870
-823
-2329
-2220
-224
-2347
-1530
143
-2466
-591
398
-2388
-872
271
-2167
-1775
28
-3413
-4350
-641
-3363
-10637
-1326
-1719
-11343
-1246
-1338
-9154
-1339
-391
-5911
-871
616
-3008
-437
1108
-1431
33
1574
-212
408
1278
218
439
1060
-49
245
841
-634
-216
224
-3748
-856
286
-9284
-2063
-581
-12301
-3043
-952
-9877
-2515
-2018
-5184
-1516
-2549
-2685
-428
-2933
-2289
222
-3043
-1549
357
-2551
-1801
203
-2167
-1861
-168
-1687
-851
-1024
-3011
-4955
-1984
-2756
-10942
-1509
-1277
-10099
-1596
-848
-8727
-2016
481
-4789
-892
587
-2719
-554
510
-1682
-141
800
-535
309
763
-195
308
777
-538
22
887
-795
-455
598
-2982
-1533
452
-7995
-2332
-420
-11823
-3199
-1156
-9382
-2549
-1469
-5255
-1596
-1633
-3433
-1006
-1794
-2476
-580
-2042
-1547
-166
-2262
-914
163
-2212
-996
100
-2012
-2001
85
-2682
-3507
-230
-3165
-9504
-846
-1262
-12168
-843
-974
-10486
-1211
-75
-6859
-775
702
-3709
-494
833
-2483
-71
1375
-1081
580
1598
-202
546
1019
-130
113
1181
-357
-306
633
-1653
-1333
532
-6031
-1808
-167
-11247
-2381
-1594
-10159
-2216
-1695
-6423
-1724
-1595
-3873
-1097
-2055
-2862
-550
-2476
-2505
-136
-2651
-1852
208
-2602
-2163
154
-2062
-2711
144
-1807
-2899
158
-2608
-6111
-220
-1638
-9973
-444
-669
-11096
-684
-430
-8793
-699
136
-5255
-390
469
-3596
-339
954
-1874
109
1372
-390
368
1110
-139
219
735
-319
-44
621
-855
-485
-222
-3648
-1306
-383
-8954
-1807
-1252
-10601
-2204
-2103
-7442
-1833
-1840
-4892
-1347
-1721
-3303
-689
-2196
-2730
-245
-2329
-2042
160
-2277
-1552
340
-2259
-1734
285
-2247
-2288
159
-2728
-4462
-125
-2873
-9102
-435
-1324
-11518
-534
-767
-9488
-765
-391
-5482
-536
31
-3495
-480
581
-2257
-173
1245
-907
530
1341
-322
581
1043
-437
397
937
-859
-115
654
-2364
-902
-72
-6459
-1538
-779
-11183
-2564
-1444
-10110
-2521
-1643
-6103
-1921
-1409
-3432
-1134
-1748
-2847
-503
-4072
-2595
35
-2204
-1367
464
-2320
-3472
440
-2234
-2043
289
-2072
-2813
158
-2916
-5735
-455
-2196
-9521
-821
-1178
-10893
-1170
-763
-9099
-1372
115
-5583
-1044
1029
-3073
-705
1517
-1409
-139
1734
-198
375
1118
41
194
950
-140
-22
1108
-662
-391
808
-3548
-852
157
-8375
-1403
-1311
-11698
-2116
-1378
-9779
-1927
-1579
-5946
-1846
-1941
-3867
-1168
-2244
-2535
-119
-2456
-2021
332
-2404
-1755
586
-2198
-1161
510
-2126
-1608
281
-2720
-3267
-135
-2714
-8677
-698
-1543
-11274
-849
-1040
-10307
-1446
-39
-7082
-1155
1077
-3511
-829
1379
-1790
-534
1503
-415
-97
1330
233
-37
995
260
-102
1052
-283
-514
861
-1587
-841
1087
-6297
-2049
-43
-12424
-3527
-1333
-10449
-3671
-2007
-7401
-2558
-2703
-3652
-794
-3188
-3070
-209
-3098
-3119
-3
-2612
-2289
276
-2069
-1860
180
-1633
-826
-93
-2079
-1143
-154
-3848
-5283
-1130
-2153
-12058
-1419
-1451
-12094
-1671
-901
-7996
-1334
3
-4185
-817
633
-2561
-596
1087
-1171
-83
1654
163
298
1298
336
316
1274
345
-288
1285
-539
-983
532
-4707
-1114
-701
-11625
-3070
-2017
-13055
-3209
-2399
-8648
-2373
-2363
-4092
-1229
-2528
-1929
-208
-2961
-1710
159
-2706
-1253
315
-2462
-1488
332
-2484
-2058
277
-2725
-2115
243
-4274
-5700
-230
-2815
-11975
-604
-924
-11285
-417
-944
-7528
-554
-537
-4122
-278
-219
-2661
-174
317
-1652
-125
1394
-262
456
1505
235
263
1470
-139
-53
1193
-321
-290
332
-5688
-2395
255
-10707
-3519
-1340
-11312
-2665
-2476
-7702
-1971
-2289
-4592
-1390
-2531
-3109
-741
-2678
-2615
-501
-2449
-1819
-218
-2290
-1185
171
-2027
-1932
3
-2232
-4026
-99
-2734
-9238
-1062
-1167
-12098
-1143
-648
-9471
-1207
66
-6645
-967
885
-4064
-602
1205
-1995
-137
1436
-614
174
1312
-51
263
981
-124
10
1119
-542
-495
314
-1931
-1150
501
-7943
-2532
-262
-11795
-3344
-1295
-8648
-2728
-1816
-5408
-2349
-1712
-3808
-1306
-2057
-2656
-525
-2447
-2022
-190
-2519
-1074
165
-2586
-914
150
-2574
-1775
387
-4403
-5992
-389
-3022
-14515
-927
-352
-11169
-133
-333
-7805
-459
890
-5017
111
1196
-3039
87
1341
-1676
335
1498
-582
459
1333
-181
216
923
-289
-78
1105
-791
-607
904
-2573
-1117
491
-9309
-1940
-446
-13910
-2903
-1335
-8995
-1829
-2258
-4551
-1235
-2132
-3186
-731
-2433
-2341
-321
-2263
-1549
-147
-2232
-1187
37
-2067
-1363
113
-1840
-2315
391
-3417
-5355
291
-3591
-13936
319
-377
-10852
684
-677
-6722
249
173
-5307
118
1123
-3266
161
1787
-1379
409
1790
-521
526
1441
-686
245
1082
-598
26
764
-1025
-416
352
-3321
-1173
-464
-7824
-1611
-1730
-12463
-2386
-2176
-10233
-2131
-2125
-5690
-1278
-2134
-2922
-557
-2266
-2361
-96
-2221
-1721
252
-2184
-923
323
-2060
-1310
346
-2166
-4080
486
-3685
-4967
110
-3325
-12350
-337
-83
-11399
-255
-446
-7270
-727
215
-3983
-449
846
-2436
-449
1144
-1430
-199
1146
-800
8
1191
-864
110
1188
-1285
39
945
-1674
-408
341
-2765
-974
-552
-6979
-1419
-2101
-12361
-2085
-2077
-11006
-2032
-2384
-6603
-1266
-2486
-3266
-496
-2552
-1802
141
-2537
-1204
282
-2044
-620
304
-1813
-421
405
-1978
-1524
256
-3642
-5668
-227
-2610
-12661
-561
-474
-10591
-615
-621
-7044
-836
158
-3887
-428
584
-2192
-410
898
-1245
-22
1196
-578
274
746
-770
93
563
-1377
-93
512
-2236
-682
352
-3676
-1354
235
-7311
-1806
-1166
-11485
-2821
-1875
-8980
-2396
-1715
-5094
-1365
-2014
-2808
-498
-2463
-2419
204
-2680
-1614
589
-2778
-1057
623
-2471
-1143
651
-2331
-1831
788
-2986
-7996
866
-1374
-12787
1289
-230
-10502
385
-228
-6768
-122
495
-3914
-255
892
-2142
-104
1102
-798
232
1092
-164
87
1289
274
174
1241
-1127
-34
797
-3154
-669
67
-9064
-1254
-1487
-12067
-1603
-1993
-7390
-1388
-2282
-3929
-1016
-2138
-2693
-425
-2312
-2532
-70
-2219
-2088
203
-2110
-1226
394
-2171
-1413
391
-2316
-2079
411
-3669
-6486
286
-2630
-12206
-53
-1329
-10321
-311
-822
-6874
-317
46
-4494
-312
643
-2754
-173
1080
-968
176
1336
-130
345
897
-243
153
889
-862
-294
694
-1911
-797
498
-5524
-1245
-140
-10471
-1239
-1283
-12918
-1438
-2140
-6655
-1305
-1896
-3186
-603
-1996
-2325
-251
-2169
-1362
278
-2433
-1372
426
-2284
-1622
451
-2139
-2158
518
-2314
-3704
451
-3478
-8280
365
-1558
-12227
310
-726
-9710
4
-406
-6104
24
121
-4066
-201
603
-2730
-81
1227
-861
392
1643
-36
563
930
-2288
233
773
-599
-299
528
-1977
-892
413
-6640
-1320
-779
-11918
-2017
-1763
-9760
-1895
-1774
-5870
-1395
-1705
-3352
-694
-2010
-2893
-98
-2265
-2396
471
-2519
-1596
627
-2302
-1995
502
-2015
-2148
416
-2457
-3234
379
-3050
-8619
76
-1397
-11281
35
-924
-9397
-221
-374
-6147
-179
451
-3551
-142
841
-2278
-122
1349
-747
354
1234
-64
368
860
-643
73
854
-1336
-447
568
-3401
-1211
143
-7754
-1532
-1012
-10824
-1968
-1655
-8828
-1626
-1869
-5532
-1151
-1726
-3333
-347
-2049
-2626
144
-2284
-2128
414
-2458
-1305
676
-2446
-1567
659
-2171
-2077
605
-2050
-2605
562
-3337
-7016
92
-1849
-11421
-93
-758
-10279
-418
-343
-8481
-796
501
-4534
-746
1041
-2266
-612
1567
-898
-273
1768
69
-65
1585
92
136
1192
-492
-11
409
-2575
-822
