-4025
-791
-1174
-4033
-807
-1173
-4019
-801
-1174
-4049
-799
-1168
-4034
-794
-1169
-4023
-766
-1145
-4032
-767
-1150
-4024
-764
-1131
-4028
-766
-1135
-4027
-776
-1154
-4044
-765
-1152
-4027
-763
-1152
-4034
-761
-1146
-4034
-751
-1131
-4029
-744
-1121
-4026
-747
-1125
-4033
-751
-1138
-4035
-751
-1160
-4034
-765
-1168
-4029
-781
-1167
-4028
-775
-1162
-4043
-781
-1167
-4020
-764
-1155
-4038
-758
-1153
-4030
-757
-1151
-4041
-751
-1142
-4024
-770
-1152
-4027
-761
-1141
-4046
-767
-1164
-4038
-759
-1147
-4037
-753
-1138
-4031
-734
-1141
-4032
-751
-1136
-4034
-749
-1136
-4031
-728
-1126
-4037
-720
-1133
-4043
-730
-1147
-4050
-733
-1145
-3994
-721
-1109
-3982
-693
-1103
-4028
-2728
-1183
-4070
-606
-1271
-4018
-512
-1357
-3908
-448
-1374
-4005
-638
-1344
-3978
-863
-1357
-3949
-873
-1366
-3904
-704
-1356
-3949
-666
-1319
-3938
-801
-1265
-3911
-948
-1276
-3863
-1096
-1148
-3964
-1540
-1338
-4114
-2137
-1535
-3928
-2396
-1623
-3607
-2634
-1930
-3434
-3239
-1926
-3474
-4200
-2395
-3724
-4292
-2597
-3573
-4091
-2787
-3540
-4214
-2717
-2985
-2852
-2400
-2420
-2514
-2045
-1532
-1151
-1355
-1407
-112
-1064
-2072
100
-907
-2739
-235
-361
-4345
-1761
-355
-6245
-5588
-1155
-5965
-8109
-2320
-3123
-8553
-3718
145
-7335
-3292
2127
-4903
-2442
3621
-3171
-1650
4740
-1181
-984
4168
-1051
-1293
2420
-1809
-1937
1438
-4409
-3438
1524
-9562
-6567
-405
-9040
-7088
-2561
-5407
-5034
-1866
-2456
-3049
-3015
-964
-704
-4752
650
526
-3943
1184
1276
-2994
-623
568
-2938
-3611
-1689
-1732
-6541
-4467
-1509
-7891
-7046
-620
-8793
-5858
1831
-6907
-5095
2011
-4491
-4295
3546
-2479
-1750
6167
-1915
-1364
5204
-41
-1200
2700
-633
-1273
2129
-4194
-3996
2104
-9901
-8315
-234
-8386
-8733
-2450
-4774
-5409
-2746
-1968
-3248
-3575
-1092
-1439
-3606
953
1668
-3396
784
2908
-3273
-1417
1362
-3380
-3697
-1563
-2269
-8245
-5236
-198
-10781
-6462
1787
-10383
-5335
2467
-5971
-3841
2758
-3178
-2754
3282
-1649
-1740
3685
-436
-1612
3874
120
-1672
2857
-450
-1751
1998
-3441
-3053
2689
-9263
-6778
1712
-7823
-7277
-395
-5033
-5872
-739
-3311
-4459
-2031
-1767
-2328
-4029
-326
71
-3971
281
1075
-3751
-307
682
-3533
-2588
-1227
-1603
-5280
-3808
-509
-7308
-6043
760
-9957
-6298
2672
-9641
-4955
3284
-3440
-2430
3844
-1274
-1012
4723
-1253
-751
5243
-296
-938
3941
-1131
-1305
2505
-4578
-2764
2344
-10903
-5243
1548
-8581
-4762
-583
-5735
-3741
-3584
-3726
-1877
-4131
-1204
589
-4754
286
1296
-3499
1
780
-3194
-1349
-836
-1617
-4049
-2358
144
-8604
-4772
1779
-9874
-5350
2076
-8008
-4012
2615
-4078
-2888
3507
-1366
-2033
4286
146
-1591
3961
377
-1887
3176
-206
-1588
2967
-3148
-1975
3245
-10684
-4656
2521
-9990
-4855
-336
-6505
-4092
-1941
-4246
-2455
-2845
-1627
-110
-4177
687
1169
-3553
699
1639
-2839
-645
312
-2476
-4512
-2216
-1526
-9304
-4219
304
-10898
-5046
2136
-8609
-3968
2729
-3848
-2663
2268
-1828
-1208
2614
-770
-620
3230
-439
-1156
3210
-686
-1411
2849
-1400
-1971
2972
-9553
-4846
2030
-11754
-5563
-1953
-6661
-4609
-2407
-3718
-3423
-1505
-2297
-2015
-2484
-282
-69
-2783
603
1211
-2333
146
1589
-2274
-1511
-54
-1675
-5203
-3001
-1755
-8923
-5519
242
-9315
-5559
2160
-7844
-4619
2020
-4185
-3006
2611
-2314
-1676
3380
-1300
-1141
3556
-987
-1267
3435
-975
-1473
2782
-2816
-2400
2039
-8622
-5333
1459
-9863
-6541
-1371
-6999
-5397
-1799
-3759
-3443
-1815
-1922
-1517
-2883
-634
338
-3366
673
1888
-2621
-285
1366
-2164
-1816
-1090
-1413
-3987
-3917
-1140
-7350
-6148
182
-8538
-6781
2115
-7229
-5597
2097
-3615
-3584
3017
-1864
-1419
3688
-1148
-881
3422
-570
-1127
2996
-37
-1518
2810
-2337
-3081
2687
-10198
-6353
1581
-9663
-6147
-382
-6022
-5577
-862
-3738
-3221
-1355
-2097
-1056
-3398
-185
1308
-4212
611
2703
-2922
-408
1622
-2543
-1832
-883
-1707
-6596
-4070
-909
-9546
-6414
1102
-10555
-5112
2423
-7969
-4340
2228
-4011
-2717
2882
-1494
-921
3135
-2800
-807
3218
-444
-1027
3131
-374
-3208
2493
-2399
-2050
2099
-8593
-4360
1643
-10541
-5608
-602
-7893
-4731
-919
-4315
-2949
-1320
-1635
-1395
-2658
40
400
-3456
1181
1948
-3263
-741
593
-2951
-2349
-849
-1422
-6540
-3500
282
-11088
-4885
1794
-9886
-4135
2319
-5752
-3240
2272
-2691
-1996
2436
-653
-1159
2772
-11
-868
3174
-85
-1475
2835
-699
-1690
2701
-4581
-2088
2925
-11588
-4439
1355
-11276
-4642
-1412
-6340
-3151
-861
-2685
-1837
-1719
-1572
-300
-3252
183
1398
-2882
409
1749
-2339
-1036
626
-1992
-2657
-1215
-1020
-7130
-3931
176
-10085
-5228
1830
-9581
-4928
2169
-5996
-3458
2455
-2757
-1943
2328
-611
-1019
2141
285
-930
2215
-179
-1346
2197
-388
-1460
2310
-2729
-1768
2965
-10115
-3790
2018
-10466
-4375
-633
-6673
-3505
-527
-4396
-2602
-679
-2313
-1177
-1650
-805
-38
-2707
340
1125
-3066
-292
1222
-2944
-1479
92
-2244
-4190
-2125
-1865
-8638
-3973
-336
-11215
-4089
2023
-9200
-3611
2905
-4862
-2287
2679
-2519
-870
2426
-574
-180
2029
149
-1025
1919
-109
-2406
2214
-1447
-2196
2662
-7355
-4021
1900
-10438
-4612
684
-6561
-3802
25
-5153
-3251
-376
-3232
-1866
-1693
-1367
-280
-3538
244
749
-3819
353
1511
-2658
-1000
1185
-1637
-3108
-1261
-2615
-9147
-3746
-1247
-11526
-4892
1625
-8517
-5011
1507
-5893
-3759
1861
-2818
-2061
2139
-826
-1270
1753
-63
-1375
1723
-557
-1327
1792
-1047
-1429
2331
-5712
-3284
1611
-10658
-5129
-450
-7633
-4842
-1143
-4608
-3728
-1066
-2289
-2718
-1877
-1425
-1420
-2540
-22
437
-3033
385
1570
-2493
-589
1100
-2104
-2449
-758
-2504
-7960
-3573
-1573
-10403
-5090
1230
-9127
-4642
1955
-7632
-3967
2217
-3934
-2356
2792
-1026
-1154
2276
-47
-883
1824
-378
-1465
1889
-824
-1869
1978
-3040
-1857
1507
-9581
-3755
919
-11483
-4610
-1049
-7036
-3761
-776
-4126
-2801
-1011
-2103
-1279
-2165
-496
127
-2905
582
1554
-3034
-238
1996
-2868
-1972
455
-2198
-4994
-2058
-1297
-9058
-4401
741
-10107
-4082
2105
-8724
-3521
2237
-4604
-2647
2560
-1399
-1190
2607
-252
-600
2468
-61
-631
2549
-822
-1029
2286
-3268
-1429
2987
-11087
-2740
1962
-11451
-4116
-49
-7784
-3345
-1253
-5210
-1708
-2711
-1873
70
-4165
256
1467
-3998
484
2185
-3051
-42
1494
-2192
-2142
-231
-388
-8207
-2860
583
-11394
-4130
1980
-10534
-3516
2354
-6403
-2763
1880
-2851
-1554
2267
-515
-699
2556
-43
-1026
2901
-471
-1981
2549
-786
-1661
2694
-5185
-1600
1921
-11457
-2716
-273
-9451
-3234
-1683
-6028
-2957
-648
-3399
-2589
-835
-2241
-1694
-1845
-508
-114
-2781
331
1115
-3038
-93
1189
-3036
-1852
-586
-3489
-6713
-2743
-1312
-9199
-4216
1429
-10119
-4443
1959
-6677
-3109
2683
-3034
-1281
2953
-1619
-795
2820
-441
-1648
2343
-94
-1659
2028
-918
-1461
2463
-6527
-3341
2124
-11760
-5042
-225
-8738
-5033
-1980
-4473
-3414
-1416
-1985
-2046
-1832
-1074
-493
-2478
602
1303
-2404
-181
1501
-2362
-1454
262
-2287
-4206
-1996
-1439
-8809
-4604
-241
-9814
-5174
2047
-8892
-4422
1900
-4592
-2897
2260
-1464
-1370
2241
-824
-1282
2134
-43
-1623
1903
-459
-1660
1833
-1837
-1672
2128
-7663
-3666
1162
-10350
-4229
-730
-7071
-3984
-622
-4084
-2864
-608
-2123
-1700
-1679
-1094
-887
-2135
-74
229
-2642
-523
826
-2732
-1580
54
-1533
-3412
-1197
-1108
-7166
-3027
-442
-9461
-4353
1266
-9429
-4187
2098
-5722
-2980
2225
-2562
-1556
2241
-1289
-1426
1536
-1072
-2172
1250
-812
-1714
1453
-1121
-1538
2877
-5579
-3211
1744
-11702
-3956
-621
-6705
-2485
-764
-3946
-2637
-52
-3792
-2171
-1227
-2190
-895
-2159
-37
535
-2379
561
930
-2110
-599
236
-1596
-3001
-1528
-2092
-7401
-4024
-575
-8795
-4834
1310
-9270
-4849
1649
-5699
-3577
2429
-2559
-1880
2710
-1132
-783
2632
-558
-791
2566
-588
-1248
2300
-1277
-1552
2092
-6160
-3176
1536
-10217
-4354
-140
-8199
-4063
-1284
-5559
-3105
-997
-3277
-1827
-1294
-1719
-691
-1841
-512
552
-2730
55
1416
-2889
-909
924
-2498
-2368
-586
-2350
-5894
-3025
-1573
-8631
-4437
585
-9795
-4347
1422
-7141
-3674
1973
-3787
-2008
2570
-1737
-1076
2397
-348
-1114
2370
-322
-1722
2131
-768
-1807
1818
-3148
-1869
1944
-8083
-2772
932
-10987
-3201
-1333
-7594
-2722
-1101
-4161
-2001
-1119
-2596
-1179
-1949
-1361
-78
-2669
-26
1060
-2931
68
1093
-2477
-1228
70
-1824
-4844
-1836
-1784
-8768
-4044
529
-9888
-4512
1446
-7720
-3854
2056
-3664
-2291
2739
-1694
-1541
2519
-616
-1083
2045
-182
-1424
1977
-405
-1711
2032
-2365
-1520
2298
-9361
-3154
1156
-10514
-3574
-1232
-7781
-3237
-1199
-4648
-2340
-1131
-2683
-1304
-2061
-1300
69
-2811
-108
1185
-2841
-33
1379
-2371
-557
682
-1418
-3961
-1727
-1549
-8141
-4205
-236
-10527
-4636
1909
-8946
-4168
2207
-4569
-2493
2474
-2068
-1229
2110
-760
-741
1346
-874
-1185
947
-530
-1566
1174
-747
-1638
2517
-5606
-3441
2095
-10359
-4448
-224
-6675
-3889
234
-3848
-2819
223
-3221
-2106
-803
-2067
-1252
-2005
-860
90
-3418
-340
951
-3149
-525
390
-2240
-2432
-1465
-1946
-6897
-3731
-1009
-9867
-4950
1435
-9229
-4689
1660
-5364
-2922
1884
-2401
-2167
2178
-1217
-1690
2088
-358
-1173
1654
-542
-1508
1635
-1088
-1777
1935
-5143
-2687
1118
-9584
-4381
-680
-7292
-4159
-1191
-5146
-3379
-543
-3659
-2429
-1439
-1989
-1137
-1887
-839
57
-2262
-537
709
-2768
-855
782
-2660
-2024
-579
-2907
-6361
-3641
-2407
-9228
-4546
701
-9113
-4472
1585
-7027
-3558
2312
-4067
-1816
2743
-1664
-1077
2997
-534
-789
3067
-545
-998
2447
-868
-1430
1855
-3440
-2289
1952
-8946
-3998
1240
-9611
-4814
-1049
-7539
-4311
-1570
-4756
-2987
-2079
-1558
-1218
-2780
247
-291
-3225
-256
591
-3030
-789
748
-2360
-2287
-511
-1193
-5130
-2821
-1391
-8573
-4366
913
-9648
-4533
2181
-7372
-3667
2376
-3243
-2232
2784
-1832
-1537
3069
-625
-1115
2967
-267
-1529
2360
-1214
-1678
2050
-3690
-2400
2147
-9028
-3992
1094
-9625
-4734
-887
-6787
-4049
-1153
-3558
-2397
-1415
-1340
-1111
-2217
-687
83
-2919
-132
918
-3157
-778
520
-2448
-1918
-965
-2209
-5969
-3519
-736
-9242
-4972
1433
-9324
-5135
2454
-6180
-3383
3310
-2677
-1723
3748
-1211
-1085
3881
-108
-1293
3098
-105
-1596
2141
-1306
-1437
2539
-6339
-2369
2127
-10695
-3352
536
-9149
-3581
-917
-6268
-2591
-1307
-2804
-1473
-1898
-1141
-395
-3228
-467
750
-3426
-249
903
-2725
-1044
114
-1470
-3664
-1360
-1096
-8006
-3213
480
-10368
-3643
2642
-7890
-3119
2788
-4444
-2314
2351
-2391
-1597
2462
-895
-796
1814
-531
-1078
1125
-1099
-1787
1805
-3153
-1895
1437
-8004
-3443
-155
-7444
-2380
881
-4983
-3451
1435
-4139
-2988
778
-3141
-1781
-310
-2131
-930
-1937
-931
426
-3889
185
1638
-3345
-253
897
-2440
-4668
-2835
-2623
-9198
-5106
466
-8774
-5429
1762
-7268
-4615
2021
-3727
-2226
2588
-1663
-1069
2240
-477
-756
2006
-334
-1116
2056
-1276
-1510
2132
-5017
-2797
1596
-10195
-4665
197
-7978
-4665
-1426
-5110
-3720
-1075
-3409
-2849
-1536
-1863
-1556
-2168
-537
75
-2703
-108
897
-2310
-679
873
-1475
-1835
3
-1236
-6106
-2070
-1824
-11171
-4584
472
-8406
-4699
827
-5605
-3423
1264
-3314
-1643
2257
-2253
-873
2341
-1360
-358
2210
-901
-642
2113
-1455
-1142
2284
-3713
-1782
1629
-9482
-3695
55
-8363
-3820
-1036
-5654
-3333
-975
-3844
-2317
-1374
-2102
-1231
-1794
-1202
-361
-2128
-658
611
-2557
-820
575
-2004
-1473
-753
-1191
-4791
-2477
-1398
-9215
-3765
1181
-8695
-3299
1871
-6773
-2978
1387
-4498
-2071
1637
-2358
-902
1959
-761
-915
1830
-1043
-1396
1778
-1297
-1357
2491
-2572
-1868
2686
-8850
-3289
123
-8810
-3145
-883
-4608
-2401
191
-4215
-2202
-440
-3536
-1463
-1115
-1609
-366
-2351
-501
543
-3095
-263
707
-2382
-715
-173
-1777
-4241
-2197
-2186
-9321
-4069
546
-9399
-4051
1696
-7936
-3695
1770
-4410
-2194
2384
-1964
-1171
2343
-699
-818
2285
-265
-846
2175
-660
-1097
2357
-2703
-1663
2277
-8553
-3136
887
-9260
-3741
-567
-6710
-3357
-510
-4258
-2405
-986
-2088
-1432
-1809
-1060
-575
-2388
-241
586
-2885
-331
1027
-2076
-1020
404
-1098
-3829
-1417
-1972
-9278
-4419
-407
-10613
-5158
1140
-7624
-4542
1716
-2971
-2369
2321
-2071
-1573
2516
-1196
-1204
2105
-553
-1310
1689
-1596
-1712
1606
-3575
-2127
1766
-8233
-3501
333
-8613
-3824
-695
-6953
-3152
-419
-4186
-2003
-1049
-1745
-751
-1760
-986
232
-2479
-420
971
-2763
-788
642
-2216
-1895
-1157
-1833
-4598
-3092
-1473
-8029
-4695
577
-8602
-5020
1374
-6869
-4166
2229
-3672
-2197
3004
-1860
-1071
3085
-572
-909
2967
-337
-1606
2126
-1239
-3656
2119
-4930
-2482
1657
-10301
-3954
-70
-7415
-3315
-665
-5095
-2614
-613
-2987
-1771
-1434
-1795
-1033
-2093
-743
-86
-2775
64
773
-2854
-790
326
-1868
-2388
-920
-1072
-6093
-2904
-390
-8491
-3874
1702
-9040
-3916
1788
-7205
-3688
1462
-3566
-2195
1985
-1200
-1103
1788
-398
-1336
1375
-505
-1742
1345
-1228
-1868
2114
-4430
-2685
2077
-10059
-4193
-147
-7371
-3130
-420
-5086
-2849
-194
-3886
-2385
-1156
-2429
-1265
-2074
-945
89
-2746
-112
871
-2554
-232
538
-2051
-702
-1481
-588
-5963
-3338
-1148
-9529
-4904
896
-8336
-3993
2159
-6498
-3528
1073
-3583
-2614
1795
-2232
-1759
2578
-778
-1260
2382
-15
-1660
2129
-1198
-1935
2265
-4125
-2306
1600
-8862
-4308
436
-7344
-4158
-395
-4966
-3056
45
-3369
-2441
-658
-2004
-1234
-1944
-607
86
-2317
-170
780
-2185
-1108
353
-2055
-2866
-1316
-1935
-6656
-3815
-1481
-7921
-4299
954
-7790
-3706
1559
-6326
-3239
2189
-4102
-1914
2800
-1847
-811
2302
-772
-609
2372
-705
-902
2323
-1283
-1234
2293
-3744
-1920
1877
-8930
-3460
598
-8526
-3846
-338
-6186
-3556
-633
-3604
-2771
-1446
-1784
-1854
-2298
-979
-756
-2817
-188
566
-2717
-655
1417
-1516
-2231
476
-925
-6728
-2710
-692
-9346
-3896
1661
-8188
-3690
2222
-7029
-3600
2383
-3907
-2149
3410
-1851
-1363
3190
-746
-1670
2330
-850
-1702
1783
-1918
-1377
2515
-6052
-2422
1628
-9402
-3310
-131
-7088
-3342
-3032
-4575
-2384
-885
-1987
-1280
-1591
-1068
-568
-2399
-131
540
-2787
-707
761
-2590
-2167
-281
-1545
-4899
-2162
-463
-8043
-3824
1026
-8777
-4196
1945
-7928
-3843
2132
-4546
-2581
2437
-2185
-1242
2727
-467
-910
3005
-381
-1795
2554
-1175
-2147
2176
-2622
-1542
2580
-8454
-3115
1505
-9528
-3417
-194
-6902
-3007
-983
-3957
-1968
-1225
-2126
-905
-2140
-827
151
-3216
67
1139
-3450
-720
1101
-2625
-2551
65
-1177
-6926
-1740
307
-10212
-3325
2093
-10125
-3418
3312
-6140
-2492
2623
-2793
-1433
2292
-1179
-619
2094
37
-847
2024
-527
-1081
1930
-2259
-1271
2412
-7408
-2421
1230
-9883
-2989
-320
-5801
-2802
-150
-4012
-2433
-514
-2441
-1894
-1361
-776
-1116
-2556
2
-8
-4056
-184
556
-3168
-1413
48
-2163
-5390
-2012
-2014
-9578
-3559
-505
-9550
-3335
1176
-8469
-2801
1218
-4258
-1550
1953
-2438
-752
2959
-1710
-850
3016
-896
-1569
2720
-928
-1902
2414
-2073
-1737
2358
-7901
-3724
852
-9417
-4232
-1144
-5908
-3692
-781
-3862
-2733
-1277
-1866
-1588
-1768
-655
-710
-2112
-361
184
-2905
-1226
313
-2368
-1937
-432
-1395
-4275
-2219
-1622
-7625
-3472
119
-9287
-3919
1650
-8605
-3643
1853
-4266
-2149
2388
-2240
-1126
2682
-1216
-779
2406
-620
-1109
2054
-1413
-1404
1933
-3818
-2105
1195
-7699
-3477
-87
-5932
-3072
-1442
-5818
-3279
-1692
-5684
-2932
-1321
-2745
-1949
-1166
-658
-1086
-1936
225
447
-2548
451
1611
-2529
-1787
-676
-2476
-6337
-3173
-1640
-9275
-4498
172
-7383
-3832
937
-6036
-2991
1155
-4307
-2081
1773
-1971
-1257
2096
-500
-1613
1704
-339
-3952
1672
-819
-2038
2076
-5204
-2787
740
-10969
-3104
-1217
-6242
-2798
-555
-4210
-2567
-95
-3877
-1756
-903
-2229
-730
-1315
-730
28
-1944
-354
315
-2637
-3112
-128
-2479
-3034
-1805
-2149
-6305
-3411
-1140
-7327
-4185
1138
-8363
-4285
1697
-6047
-3484
2050
-3051
-2104
2662
-1725
-1298
2572
-545
-1297
2209
-342
-1860
1938
-1354
-1889
2356
-4913
-2846
1940
-8597
-3683
402
-6696
-3587
-769
-5454
-3276
-800
-3501
-2096
-1554
-1562
-1062
-2520
-839
-209
-2933
-946
302
-2760
-1516
-245
-1912
-2631
-1482
-1601
-5955
-3174
-811
-8416
-4206
1074
-8311
-4125
1532
-5875
-3347
1882
-2898
-2008
2647
-1467
-1304
3377
-189
-1327
3642
-679
-2025
2838
-2082
-1488
2533
-5822
-2330
2186
-9403
-3484
717
-7321
-3462
-937
-5049
-2617
-1219
-2978
-1430
-1983
-1488
-520
-2794
-658
289
-2652
-609
545
-2321
-1319
-412
-1399
-3525
-2008
-1091
-7717
-4059
260
-8977
-4515
1261
-8258
-4068
1833
-4483
-2557
2634
-2081
-1519
3149
-991
-1001
3431
-176
-3280
2731
-425
-1554
2056
-2267
-1638
2215
-8513
-3343
1483
-9100
-3658
60
-5859
-2997
-81
-4471
-2453
-234
-2905
-1753
-1245
-1571
-792
-2222
-355
142
-3081
-421
378
-3336
-1626
-280
-2299
-3757
-1715
-1480
-6422
-3561
229
-8558
-4284
1538
-8925
-4557
1755
-5323
-3157
2608
-2785
-1500
2975
-1134
-681
2895
-200
-921
2620
-530
-922
2207
-1743
-1190
2310
-7559
-2832
1746
-10174
-3861
-127
-6699
-4047
-1398
-3893
-3196
-960
-2354
-2227
-1221
-1711
-1430
-2119
-687
-254
-3061
-443
509
-2999
-1822
96
-2585
-4086
-1422
-1453
-6636
-2413
-62
-7719
-3405
1970
-9185
-3690
2448
-6837
-2749
2397
-2832
-1651
2557
-1475
-1047
2210
-683
-1164
1784
-467
-1662
1764
-1361
-1698
2373
-5919
-2909
1932
-9795
-4146
230
-7173
-4140
-909
-4442
-3202
-751
-2279
-2346
-1493
-1501
-1413
-2210
-371
66
-3040
-632
704
-3698
-2200
437
-2864
-3620
-527
-467
-7173
-2352
1626
-9293
-3337
2813
-9978
-3479
2381
-5999
-2709
2231
-2665
-1640
1890
-1009
-1257
1364
-382
-1336
1226
-656
-1829
1463
-1420
-2104
2388
-5262
-2950
2026
-7741
-3793
893
-6688
-3807
704
-5049
-3212
526
-3319
-2481
-636
-2409
-1201
-2221
-1145
35
-3745
-189
805
-3394
-895
697
-1860
-3010
-602
-677
-6936
-2235
892
-10475
-3139
2509
-9313
-4044
1872
-5375
-3712
2364
-2665
-1861
2601
-1407
-1046
2200
-443
-1016
1905
-312
-1179
2038
-905
-1206
2899
-4502
-1902
3020
-10271
-2492
1235
-9045
-2533
-71
-6217
-2701
-755
-3645
-2185
-1773
-2355
-1487
-2885
-1131
-511
-3349
175
683
-3066
-443
504
-2205
-2285
-841
-1011
-6283
-2338
57
-8507
-3620
2008
-8841
-3751
2434
-6693
-3391
2359
-3612
-2307
2581
-1746
-1347
2822
-300
-1204
2934
-276
-1870
2581
-1292
-1754
2871
-3909
-2054
2609
-9341
-3161
1276
-8928
-3282
-313
-6589
-2912
-658
-4038
-1872
-1668
-2266
-740
-2850
-1077
311
-2935
-329
740
-2612
-477
416
-2146
-1555
-433
-1741
-5181
-1722
-1833
-9657
-4256
962
-9581
-4174
3435
-7128
-3286
3938
-4121
-2340
3158
-1671
-1559
2338
-312
-1331
1977
-205
-1178
1366
-1488
-1590
2118
-5643
-2325
1768
-10809
-3577
-777
-6449
-2590
-299
-4156
-2661
243
-3543
-2078
-792
-2202
-1267
-1452
-1207
-762
-2177
-666
-194
-3059
-343
-249
-2766
-1273
-1326
-1788
-4799
-2994
-1218
-7795
-4002
326
-9346
-4164
1811
-7758
-3724
2102
-4443
-2481
2254
-2215
-1425
2120
-626
-1047
1950
24
-1301
1991
-310
-1954
2295
-2542
-2272
2291
-8287
-4257
1331
-8697
-4669
-685
-5967
-3998
-595
-3995
-3245
-805
-2274
-2142
-1432
-1239
-1154
-1796
-514
-292
-2403
-508
-106
-2096
-1447
-478
-772
-4328
-1901
-971
-7260
-4331
245
-7338
-3713
2324
-7041
-4024
2074
-4161
-3115
2398
-1925
-1842
2532
-1112
-3496
1901
-466
-1295
1771
-901
-1626
2030
-2643
-2189
2033
-7257
-4257
1622
-7822
-4969
-400
-6033
-4518
-497
-4452
-3249
-733
-2559
-2027
-1657
-1159
-850
-2364
-515
337
-3082
-502
491
-3706
-891
-436
-2454
-3819
-1760
-1579
-8002
-4009
1294
-9892
-4193
3121
-8050
-3851
2397
-3850
-2672
2082
-1709
-1586
1658
-403
-1137
821
-99
-1947
503
-449
-2078
1183
-1804
-2277
1989
-7654
-3779
1102
-8374
-3226
440
-5748
-3390
1386
-5169
-2714
756
-3408
-1775
-287
-2568
-1562
-1766
-1588
-954
-3697
72
514
-3936
-286
465
-2394
-2658
-1162
-2310
-6505
-3046
-224
-9442
-3966
2818
-8878
-3926
2829
-5508
-2576
3296
-2900
-1540
2851
-1336
-1299
2103
-261
-1597
1904
-495
-2255
2101
-2515
-2293
2171
-7598
-3341
1692
-8648
-3847
-94
-6441
-3448
-252
-4497
-2659
-546
-2788
-1773
-1468
-1529
-720
-2596
-450
434
-3327
-331
927
-3203
-1218
33
-2605
-3961
-1787
-1711
-7776
-4035
947
-9567
-4629
1988
-8085
-4192
2203
-4405
-2652
2819
-2397
-1622
2842
-860
-1120
2210
-7
-1423
2159
-793
-1683
2769
-2605
-1617
2979
-8712
-3279
1904
-9153
-3599
161
-6117
-3548
-617
-3845
-2585
-955
-1872
-1673
-2214
-1321
-802
-2892
-565
304
-2959
-846
550
-2623
-2045
-481
-1725
-3985
-1882
-461
-7066
-4397
446
-9844
-5157
1638
-8594
-4787
2376
-4588
-2965
2649
-2122
-1650
2958
-866
-1300
2927
125
-1526
2494
-321
-1591
1917
-2392
-1547
2190
-7444
-2893
1822
-9718
-4121
120
-7086
-4175
-526
-4369
-2790
-733
-2145
-1773
-1815
-1263
-757
-2337
-250
556
-1876
-131
921
-1955
-1363
-548
-1818
-3809
-2672
-1497
-6192
-4216
-50
-7851
-4879
1928
-8152
-4807
2164
-5319
-3188
3042
-2390
-1520
3582
-1322
-744
3625
-220
-766
2934
-344
-1120
2168
-1668
-1499
2568
-7558
-2865
1981
-11362
-4955
-1248
-8011
-4360
-2624
-5197
-3044
-1351
-2524
-1584
-1924
-999
-263
-2950
-96
667
-3191
-198
1192
-2997
-1311
515
-1370
-4356
-1409
34
-7912
-3727
959
-9972
-4380
2789
-8872
-4247
1417
-4975
-3046
1175
-1588
-1700
1083
-533
-1073
1183
-320
-798
1329
-118
-1438
1953
-934
-1874
2975
-5202
-3222
2352
-9174
-4570
592
-8168
-4435
-428
-6029
-3636
-255
-3463
-2642
-979
-1748
-1426
-1818
-661
40
-2860
-211
1111
-2875
-458
919
-2064
-2591
-1441
-1260
-6556
-3878
434
-9174
-5195
2685
-8316
-5476
2374
-5131
-3433
2416
-2107
-2089
2487
-482
-1161
2134
510
-898
2040
-109
-1297
2485
-2630
-2071
2722
-7974
-4090
2238
-8530
-5017
-269
-5920
-4719
-1041
-3923
-3238
-1035
-2418
-2142
-1619
-1125
-920
-2580
-65
348
-3082
-73
1065
-2484
-1359
236
-1748
-4524
-2304
-1655
-7549
-5166
351
-8375
-5071
2664
-8176
-5043
2079
-4759
-2993
2320
-1636
-1747
2380
-458
-1337
2056
-281
-1316
1941
-885
-1853
1981
-2384
-2608
2730
-5362
-3777
3185
-6983
-5150
1048
-6295
-5097
-283
-4984
-3570
-300
-2919
-2476
-1750
-1282
-976
-2814
-719
292
-2912
-831
824
-2365
-1411
353
-1163
-3727
-1900
299
-6132
-4621
1451
-7417
-4900
2258
-8218
-5383
2577
-5972
-3875
2025
-3128
-2884
2493
-651
-1943
2419
358
-1517
2578
-2
-1473
2419
-1189
-1496
3473
-6460
-3139
2864
-10469
-4432
450
-6942
-4029
-299
-4529
-2650
-487
-2510
-1390
-1450
-1438
-294
-2658
-302
729
-3237
-660
631
-2887
-1154
-565
-1787
-2629
-2160
-1461
-6736
-4914
60
-9690
-5735
1905
-7930
-5102
2064
-4393
-3565
2291
-2104
-2234
2864
-587
-1363
2625
67
-997
1998
-810
-1046
1923
-2430
-1542
2406
-7380
-3226
2051
-8435
-4088
777
-6299
-4079
161
-4710
-3075
-500
-2672
-1989
-1784
-997
-979
-2839
-335
-250
-3110
-696
-65
-2761
-1103
-712
-2657
-3988
-2244
-1812
-7789
-3597
280
-9222
-4204
1292
-8246
-3408
2013
-4580
-2019
2591
-2366
-1047
2426
-1085
-391
2330
-121
-532
2105
-428
-1076
1918
-1063
-1612
2624
-5065
-2811
1380
-10320
-3857
98
-8500
-3971
466
-5884
-3588
-447
-3691
-2428
-1243
-1927
-1519
-1501
-1117
-737
-2423
-24
296
-2726
121
757
-2175
-1090
-176
-1459
-4692
-2425
-1359
-9589
-4899
989
-9962
-4963
1794
-7064
-3871
1753
-3464
-2460
2078
-1836
-1587
2178
-708
-1085
2006
-342
-1204
1936
-594
-1702
2154
-1743
-1841
2469
-6601
-3430
2017
-9093
-4393
394
-6971
-4337
-311
-4715
-3444
-725
-2356
-2406
-1656
-1185
-1216
-2237
-624
-351
-2592
-669
325
-2747
-1208
353
-1851
-2595
-1265
-1229
-5862
-3299
-625
-8012
-4576
1174
-8349
-4683
1862
-7110
-3724
2157
-3111
-2033
3102
-432
-867
3089
-109
-942
1885
-505
-1406
1738
-2031
-1797
2077
-6464
-3278
1602
-8679
-3452
911
-6530
-3312
513
-5020
-2783
406
-2873
-1799
-369
-1855
-1305
-1050
-1283
-593
-1754
-959
-79
-2635
-1042
-250
-3086
-1287
-1002
-2344
-4501
-2512
-1920
-8687
-4599
403
-9676
-4517
1621
-7596
-3931
1637
-4177
-2493
2287
-2095
-1176
2361
-585
-485
2150
142
-662
2384
-174
-1112
2673
-1332
-1343
3036
-7937
-3627
1606
-10431
-4271
379
-6673
-3429
125
-4191
-2551
-762
-1900
-1516
-1825
-951
-771
-2459
-338
196
-3141
-403
709
-2731
-1172
728
-1795
-3724
-954
-2383
-8910
-4503
-549
-10074
-5736
1535
-8383
-5906
1517
-5285
-3662
1685
-2315
-1468
2113
-905
-383
2052
-393
-378
2511
12
-863
2663
-599
-1212
2501
-4822
-2581
1300
-10879
-4469
418
-8386
-4316
-67
-5513
-3613
-762
-3493
-2504
-1319
-1535
-1327
-1892
-553
-293
-2697
38
530
-2907
-363
635
-2930
-1590
-875
-1963
-3896
-3079
-931
-6475
-5102
348
-8306
-6357
1311
-8291
-5524
1837
-4913
-3551
2059
-2163
-2164
2399
-856
-1422
2583
-295
-1348
2765
-149
-1575
2378
-1627
-1641
2036
-6660
-3205
1706
-9657
-4259
412
-7215
-4239
-343
-5462
-3314
-740
-3397
-2022
-1575
-1318
-595
-2560
-741
168
-2838
-318
340
-2872
-351
-114
-2349
-1705
-1373
-1981
-5703
-4224
-1136
-8810
-5617
1285
-8482
-5181
2032
-5484
-3904
2209
-2546
-2247
2186
-1421
-1464
2036
-644
-1133
2126
-606
-1375
2170
-1437
-1860
2217
-4322
-2987
1773
-8958
-4758
1317
-8324
-5175
-466
-7143
-4555
-1190
-4235
-2796
-1460
-1460
-1234
-2112
-419
-293
-2491
81
623
-2534
-227
847
-2916
-1284
-392
-2477
-4181
-2696
-1808
-7401
-4730
67
-9511
-5557
1343
-8013
-5253
1647
-4088
-3485
1860
-2117
-2022
2067
-995
-1342
1593
-324
-1781
1569
-419
-2054
2012
-1475
-1830
2358
-5610
-3320
1786
-10048
-4213
329
-8444
-3740
-407
-4958
-2970
-602
-2907
-1959
-1408
-1750
-937
-1973
-942
-44
-2857
-176
534
-2680
-870
315
-2024
-2250
-1014
-961
-5728
-2660
-463
-9239
-4122
1208
-9365
-3996
2002
-6468
-3420
1636
-3521
-2425
1768
-1822
-1551
1834
-747
-1300
1391
-709
-1717
1635
-1363
-1881
2319
-3594
-2116
2229
-8867
-4290
684
-8128
-4417
-1174
-5518
-3730
-789
-3205
-2794
-1390
-1574
-1612
-2094
-829
-803
-2495
-601
-203
-3081
-929
31
-3031
-3952
-395
-1788
-4995
-2458
-977
-8212
-3833
957
-9110
-4483
2302
-7558
-4137
1928
-4083
-2753
2055
-1756
-1897
1926
-506
-1607
1923
-233
-1679
1964
-960
-1862
2046
-2424
-1822
2125
-8058
-3681
1625
-9932
-4673
20
-7017
-4211
-574
-4421
-3162
-956
-2263
-1543
-1778
-971
-350
-2511
-436
561
-2814
-404
936
-2253
-1069
-93
-1078
-3744
-2318
-737
-7855
-4560
813
-8501
-4758
2057
-7808
-4847
1806
-5040
-3578
2109
-2380
-2152
2437
-696
-1554
2112
259
-1475
2206
-337
-1668
2546
-1732
-1759
2751
-6723
-3504
2274
-8787
-4264
546
-7084
-3970
-483
-4451
-3078
-896
-2197
-1930
-1419
-1223
-1009
-2302
-485
-369
-2857
-289
29
-2675
-1211
-387
-1617
-3482
-1755
-773
-6301
-3675
219
-8860
-4129
2050
-8503
-4158
2162
-5355
-3721
2458
-2671
-2268
2638
-853
-1270
2466
-254
-1238
2461
-321
-1598
2258
-1043
-1503
3007
-5143
-2574
2764
-10031
-3924
1156
-7861
-4105
227
-5442
-3439
-58
-3162
-2191
-1199
-1700
-1129
-1933
-888
-232
-2406
-258
509
-2535
-599
424
-1878
-2056
-580
-764
-5420
-3248
-231
-8621
-5466
1225
-8026
-5990
1520
-5123
-4951
1628
-2725
-3032
1892
-1391
-1162
2379
-908
-471
2450
-1005
-978
2464
-1192
-1235
3174
-4178
-2472
2201
-10253
-4300
546
-7721
-3807
284
-4719
-3090
-109
-2997
-2102
-1206
-1671
-1507
-1912
-1140
-654
-2546
-396
208
-2634
-449
-14
-2897
-1702
-1190
-2499
-4977
-3190
-966
-8314
-5002
696
-8934
-5059
1430
-6537
-4021
1865
-3820
-2521
1872
-1927
-1018
1982
-492
-166
2384
-475
-512
2531
-641
-1116
2685
-2350
-1938
2623
-8282
-4326
1760
-9475
-5225
0
-6428
-4656
-271
-3980
-3486
-963
-2334
-2246
-1714
-1079
-1096
-2177
-129
-42
-2277
-401
277
-1788
-3280
-469
-1156
-2944
-1742
-914
-5864
-3764
-800
-6996
-5093
1009
-7292
-5132
1509
-6256
-4625
1374
-3401
-2482
2137
-1808
-1075
2284
-1082
-670
2525
-644
-821
2978
-925
-1552
2916
-3177
-2691
2276
-7746
-4611
1519
-8105
-5226
-2624
-6019
-4496
-658
-3515
-3298
-807
-1759
-2263
-1486
-1052
-1093
-2105
-547
-83
-2227
-830
302
-2353
-1618
-779
-1398
-3195
-2488
-404
-6122
-4091
546
-7758
-4626
2302
-8019
-4284
2179
-4637
-3350
2060
-1889
-1963
2421
-409
-1170
1868
-53
-1412
1666
-991
-1823
1982
-2631
-2075
2510
-8359
-4200
1775
-8572
-4043
408
-5493
-3857
335
-4190
-2957
-145
-1949
-1635
-1271
-1083
-1318
-1830
-1096
-657
-2730
-920
162
-2882
-1256
-265
-1509
-2531
-1404
-388
-5906
-3384
367
-8631
-4912
2078
-9208
-4717
2308
-6767
-3730
2108
-2935
-2038
2148
-1132
-1175
2065
-420
-913
2168
-182
-1121
2202
-670
-1648
2867
-2939
-2242
2886
-8451
-4123
1829
-8408
-4388
321
-6229
-4013
-37
-3782
-3045
-647
-1797
-1953
-1587
-1313
-1164
-2177
-1273
-370
-2625
-1127
98
-2408
-1154
-249
-1419
-3125
-2016
-1062
-6707
-4318
406
-9265
-5067
2026
-8312
-4617
1699
-3817
-3384
2040
-1300
-1949
2041
-509
-1161
2021
-155
-1204
2379
-1175
-1871
2272
-2675
-1961
3113
-5833
-2727
3473
-7341
-3516
1633
-8234
-3699
-36
-5800
-2724
-513
-2373
-1367
-1169
-1247
-392
-2145
-1165
196
-2966
-1318
380
-3251
-1689
-574
-2624
-3658
-2292
-1204
-5446
-3772
0
-8036
-4885
1811
-8593
-4637
2565
-5503
-3412
2466
-2895
-2106
2424
-1190
-1132
2219
-122
-827
2706
-236
-921
2745
-780
-977
2767
-3695
-2039
3060
-8880
-3896
2237
-9149
-4684
24
-7109
-4285
-788
-4018
-2966
-1619
-1749
-1861
-2257
-986
-794
-2723
-661
-229
-2937
-744
71
-2557
-1111
-451
-1224
-3001
-1779
-74
-6258
-3812
859
-8714
-4695
2676
-8538
-4263
2417
-5279
-3606
2228
-2439
-2365
2230
-659
-1685
1794
-173
-1475
1769
-690
-1535
1784
-1589
-1744
2281
-3451
-2239
2712
-8380
-4123
1792
-8577
-4676
-195
-6169
-4080
-312
-3620
-2834
-845
-1601
-1579
-1813
-1075
-749
-2282
-680
166
-2375
-673
783
-2121
-1282
121
-986
-3665
-2256
-613
-7171
-4609
1005
-9494
-5368
2389
-7925
-4969
2011
-4449
-2837
1806
-2187
-1312
2019
-1086
-729
1700
-846
-988
1203
-707
-1584
1405
-1388
-1988
2454
-5169
-2973
2293
-9624
-6192
1014
-7645
-3883
345
-5698
-3502
47
-3493
-2050
-808
-1816
-929
-1681
-1134
-59
-2668
-349
871
-2865
-322
607
-2245
-1445
-1124
-1097
-5596
-3645
-886
-8833
-5068
1587
-8841
-4589
2478
-7273
-3650
1968
-3574
-2314
1930
-1993
-1630
1666
-949
-1103
1310
-570
-1086
1422
-995
-1513
2014
-2012
-1673
2534
-6743
-3312
1775
-9742
-4917
-89
-7057
-4530
-873
-4180
-3393
-454
-2106
-2456
-860
-1394
-1679
-1410
-918
-757
-2318
-612
1
-2969
-866
5
-2677
-1252
-794
-2095
-4021
-3112
-2078
-7969
-5513
34
-9184
-5775
1785
-7586
-4568
1937
-4073
-3022
2158
-2072
-1918
2241
-661
-1248
1963
-304
-1173
1866
-439
-1534
2098
-1553
-1984
2302
-6563
-3678
1994
-9263
-4669
718
-7449
-4561
271
-5367
-3783
-363
-3225
-2741
-1371
-1412
-1425
-1795
-960
-570
-2530
-597
176
-2990
-524
517
-2517
-1392
-510
-1417
-3903
-2620
-1642
-7624
-4799
128
-8823
-4945
1984
-8203
-4793
2196
-4561
-3081
2563
-2119
-1905
2545
-1098
-1410
2446
-649
-1489
2561
-1007
-1762
2283
-2268
-1720
2233
-6716
-3349
1806
-8754
-4515
509
-6497
-4300
400
-5547
-3560
-283
-3382
-2577
-1684
-1508
-1220
-2706
-528
-478
-3416
-23
106
-3337
-494
152
-2623
-2166
-3160
-1437
-5950
-3504
35
-8707
-4844
2115
-8439
-4882
2735
-6244
-4048
2689
-3234
-2290
2590
-1374
-1580
2768
-621
-1450
2961
-528
-1757
2790
-1436
-1683
2606
-4307
-2341
2380
-9052
-3830
1326
-9358
-4431
-11
-6304
-3630
-382
-3512
-2511
-1266
-1677
-1270
-2000
-751
-316
-2565
-269
403
-2819
-462
506
-2873
-1252
-257
-1810
-4150
-2588
-1029
-8063
-5977
271
-8500
-5785
2173
-6441
-4493
2292
-3728
-3228
2117
-2528
-1998
2178
-1198
-1113
2020
-608
-884
2129
-580
-1221
2264
-1324
-1780
2798
-5478
-3331
2472
-9747
-4923
1025
-7483
-4832
351
-5903
-3926
-213
-3698
-2493
-1280
-1582
-1489
-1928
-467
-784
-2651
5
88
-2947
-380
194
-2700
-1699
-778
-2013
-4750
-3392
-1824
-6946
-5598
-395
-7200
-6317
505
-6830
-5364
1118
-4020
-3107
1726
-2751
-1870
2191
-2135
-959
2031
-1068
-718
2142
-849
-947
2576
-1490
-1516
2765
-4189
-2926
1872
-9009
-4940
706
-8424
-5366
-657
-5063
-4451
-667
-3015
-3524
-1309
-1580
-2421
-1631
-768
-1310
-1906
-330
-26
-2452
-603
692
-2523
-1744
-224
-1642
-3877
-2286
-1499
-6731
-4198
-540
-7825
-5265
1663
-8189
-4875
1682
-5566
-3414
2159
-2837
-2059
2672
-1665
-1328
2322
-894
-1104
1891
-679
-1590
1685
-1237
-1573
2082
-3758
-2016
1978
-8801
-3676
1024
-9021
-4278
67
-6595
-3744
102
-4029
-2816
-814
-2176
-2068
-1687
-1318
-1336
-2082
-892
-479
-2945
-249
128
-2775
-529
-356
-2284
-1498
-1195
-1617
-4577
-2857
-1103
-9106
-4940
800
-9366
-4293
2134
-6608
-3473
2033
-3805
-2433
2029
-2054
-1471
1858
-738
-1073
1675
-603
-1106
1322
-1147
-1547
1327
-1839
-2018
2552
-6374
-3868
1852
-10782
-4162
-562
-7017
-3024
504
-4266
-2731
678
-3747
-1967
-371
-2849
-1486
-1014
-2016
-1121
-1846
-3216
-357
-2823
-584
192
-2650
-464
-126
-1526
-1870
-1613
-1085
-5569
-3988
-775
-9541
-5579
1761
-9407
-4981
2005
-5556
-3671
1784
-2887
-1988
2193
-1694
-944
2164
-792
-378
2104
-874
-523
2409
-1495
-931
2732
-2727
-1539
2439
-6925
-3147
1808
-9373
-4299
-67
-7176
-4350
-473
-4414
-3439
-1021
-1839
-2158
-1501
-1010
-1177
-1982
-864
-376
-2517
-781
94
-2711
-1388
-328
-2191
-2478
-1804
