-1751
4019
461
-1196
3419
403
-1092
3247
574
-1409
3479
511
-1466
3553
536
-1491
3807
546
-1568
3981
547
-1371
3730
656
-1247
3602
752
-1021
3703
912
-980
3746
922
-1303
3629
730
-1523
3541
559
-1420
3598
604
-1441
3632
640
-1454
3630
661
-1458
3665
675
-1422
3666
753
-1385
3592
818
-1420
3596
845
-1468
3612
800
-1491
3612
722
-1500
3588
682
-1478
3588
684
-1444
3608
660
-1421
3635
645
-1404
3680
674
-1383
3663
705
-1380
3652
726
-1386
3643
716
-1451
3627
659
-1465
3587
611
-1463
3596
605
-1467
3624
616
-1480
3671
630
-1457
3667
689
-1431
3635
720
-1436
3616
698
-1466
3624
645
-1478
3610
605
-1482
3622
590
-1472
3637
590
-1453
3640
615
-1435
3642
635
-1427
3653
640
-1426
3655
630
-1450
3649
599
-1442
3635
604
-1449
3625
606
-1455
3629
615
-1457
3635
617
-1444
3656
627
-1426
3673
628
-1408
3660
607
-1391
3632
592
-1374
3611
612
-1392
3648
631
-1426
3659
642
-1438
3630
626
-1449
3607
626
-1465
3614
634
-1447
3666
659
-1440
3686
645
-1383
3642
617
-1373
3631
604
-1404
3656
624
-1466
3662
632
-1455
3632
657
-1459
3613
668
-1470
3614
664
-1448
3645
644
-1439
3648
643
-1425
3637
636
-1415
3628
630
-1429
3638
638
-1444
3645
642
-1437
3635
646
-1417
3632
641
-1425
3640
614
-1427
3639
621
-1411
3637
623
-1425
3635
641
-1439
3638
639
-1458
3642
636
-1448
3642
654
-1456
3627
663
-1451
3650
659
-1458
3648
670
-1451
3622
674
-1421
3633
680
-1433
3639
671
-1431
3638
672
-3496
3637
668
-1450
3615
658
-1432
3607
664
-1428
3636
666
-1418
3646
651
-1386
3634
645
-1401
3617
633
-1421
3635
643
-1457
3654
656
-1454
3628
680
-1449
3614
653
-1433
3633
625
-1421
3656
609
-1405
3662
620
-1397
3645
614
-1406
3632
609
-1419
3643
612
-1448
3655
613
-1452
3662
618
-1424
3653
628
-1421
3655
615
-1417
3661
610
-1434
3653
598
-1418
3627
615
-1439
3626
621
-1452
3655
635
-1448
3667
627
-1413
3644
632
-1395
3633
623
-1408
3640
616
-1409
3655
619
-1426
3635
636
-1428
3639
640
-1426
3636
650
-1430
3631
640
-1429
3639
634
-1414
3644
633
-1406
3636
630
-1407
3644
632
-1411
3655
639
-1426
3656
623
-1401
3638
635
-1410
3629
641
-1414
3636
640
-1431
3650
619
-1424
3639
619
-1404
3637
608
-1395
3631
603
-1407
3644
618
-1412
3644
635
-1423
3656
633
-1426
3644
614
-1420
3638
608
-1420
3638
622
-1424
3645
635
-1426
3651
636
-1437
3646
630
-1432
3643
621
-1439
3646
615
-1413
3639
617
-1423
3638
625
-1426
3650
624
-1433
3659
615
-1406
3648
616
-1406
3644
614
-1403
3647
613
-1424
3649
610
-1437
3644
624
-1438
3637
630
-1435
3638
632
-1437
3644
627
-1439
3643
618
-1426
3645
615
-1431
3643
616
-1424
3639
612
-1427
3651
627
-1446
3643
617
-1424
3634
618
-1433
3632
607
-1448
3650
619
-1451
3669
603
-1437
3655
608
-1401
3633
616
-1406
3637
611
-1411
3659
592
-1444
3656
595
-1445
3629
611
-1440
3632
620
-1437
3649
615
-1434
3668
595
-1405
3656
580
-1389
3630
587
-1386
3642
609
-1420
3652
626
-1446
3656
624
-1466
3636
623
-1446
3614
622
-1449
3623
617
-1445
3622
623
-1473
3618
606
-1497
3608
610
-1524
3599
611
-1522
3621
619
-1512
3635
614
-1487
3633
604
-1464
3629
603
-1472
3626
610
-1505
3631
630
-1536
3627
639
-1551
3626
640
-1547
3634
633
-1512
3634
618
-1468
3646
598
-1428
3666
596
-1405
3676
588
-1376
3663
593
-1395
3656
594
-1408
3657
613
-1434
3643
623
-1431
3577
651
-1454
3530
638
-1465
3520
589
-1467
3500
557
-1514
3468
521
-1531
3494
515
-1534
3541
492
-1556
3612
464
-1547
3732
459
-1532
3763
445
-1500
3728
434
-1476
3729
416
-1459
3707
391
-1429
3563
353
-1455
3417
341
-1522
3431
328
-1598
3428
276
-1697
3393
232
-1786
3439
183
-1904
3535
157
-1983
3635
181
-2022
3643
218
-2163
3693
252
-2269
3755
334
-2166
3859
410
-2101
3976
378
-1990
3965
327
-1844
3874
271
-1790
3734
193
-1707
3571
152
-1621
3503
153
-1562
3518
91
-1499
3588
89
-1402
3788
17
-1407
3828
-139
-1416
4194
-329
-1188
3695
-258
-942
3001
-80
-1281
3225
75
-1048
3677
307
-802
4328
580
-1036
4556
866
-1619
3927
998
-1550
3327
1108
-1153
3312
1418
-899
3560
1573
-974
3644
1525
-1375
3474
1293
-1628
3388
1077
-1527
3444
1023
-1418
3527
939
-1413
3731
834
-1350
3886
766
-1308
4129
721
-1356
4150
625
-1457
4053
456
-1587
4303
298
-1812
4819
167
-2069
5583
57
-1882
4884
47
-1446
3747
52
-1361
3689
30
-1331
4102
-45
-1083
3991
14
-898
3625
57
-939
3077
-47
-1082
2731
-64
-1166
2846
119
-1158
3046
339
-1132
3143
571
-1008
3295
677
-1041
3595
718
-1305
4167
753
-1557
4867
825
-1804
5615
986
-1587
5714
913
-1173
5776
573
-1802
5718
287
-1995
3370
235
-1696
2050
295
-1961
2291
80
-1556
2768
-45
-941
3005
153
-1135
3149
453
-1471
3517
572
-1306
4048
825
-682
4382
1134
201
4242
1403
796
3868
1677
-524
3419
917
-801
3345
963
-1187
3813
987
-1601
3874
706
-1252
3849
684
-1491
3725
687
-1889
4163
763
-2294
5643
907
-1970
5077
936
-804
3763
732
-831
4671
636
-1289
5249
401
-1100
4791
76
-1020
3754
-160
-1172
2957
-285
-1494
2787
-393
-1215
2768
-401
-999
2542
-137
-1092
2358
63
-1173
2549
178
-1199
3282
361
-1244
4165
660
-1235
4878
1115
-1009
5424
1353
-1060
6189
1466
-1347
5701
1186
-1458
3571
785
-1497
3332
586
-1700
3704
150
-1846
3682
-20
-1851
3428
77
-1825
3053
348
-1633
3112
594
-1575
3189
844
-1496
3361
1085
-1379
3317
1238
-1171
3426
1556
-1050
3809
1734
-660
4277
1451
-617
3844
1064
-1361
3520
962
-2193
3921
863
-2513
5007
995
-1880
4023
951
-1106
4346
494
-1159
5528
400
-951
5604
706
-784
5151
614
-982
4148
-17
-1521
3360
-367
-1661
3140
-366
-1439
2819
-214
-1222
2276
175
-995
1989
379
-941
1867
414
-1086
2210
438
-1374
3166
511
-1444
4151
712
-1370
4930
889
-1014
5163
1122
-950
5658
1311
-1218
6307
1202
-2226
6424
702
-1944
3827
896
-1385
2602
829
-2174
2695
440
-2137
3403
307
-1603
3820
276
-1465
3915
235
-1456
3160
540
-1091
3050
698
-660
3320
671
-308
3798
794
-68
4026
897
-395
3827
984
-808
3958
952
-992
4103
820
-1066
3715
686
-1191
3522
645
-1241
3660
621
-1520
4251
588
-1982
5526
603
-1900
5271
657
-999
3959
470
-997
4214
293
-1577
4432
267
-1392
4238
341
-851
3778
248
-907
3309
67
-1197
2975
51
-1251
2909
114
-1106
2980
247
-1042
2826
389
-1111
2721
552
-1189
2978
708
-1195
3689
790
-1362
4596
879
-1839
5192
948
-1667
5067
878
-1275
5044
832
-1260
4963
627
-1638
5497
310
-1916
4363
145
-1743
2575
231
-1872
2355
248
-2107
2970
132
-1578
3598
329
-1527
3464
649
-1719
3075
973
-1347
3152
1075
-654
3658
1148
18
4201
1322
83
4183
1354
-15
3885
1177
-44
3604
1034
-507
3630
1144
-1443
3957
909
-1562
3813
754
-1252
3594
823
-1556
3801
854
-2069
4703
821
-2028
5095
814
-1211
3992
728
-918
3905
573
-1528
4667
410
-1614
4824
348
-1052
4214
284
-1010
3505
59
-1323
2880
81
-1387
2796
194
-1223
2796
374
-1036
2666
580
-1029
2753
628
-1229
3010
651
-1316
3405
759
-1367
4201
940
-1393
4660
988
-1199
4746
991
-1131
5014
920
-1358
5292
694
-1777
6010
606
-1652
3731
608
-1473
2578
581
-2155
2680
354
-1935
3294
489
-1192
3679
763
-1382
3271
1123
-1842
2862
1278
-1560
3132
1343
-840
3775
1436
-308
3944
1474
-676
3664
1415
-1119
3419
1181
-1126
3405
1025
-1257
3360
957
-1323
3501
933
-1371
3599
956
-1518
3685
997
-1755
3890
1133
-1836
4604
1124
-1513
4802
1026
-1014
3864
890
-1194
3543
661
-1572
3544
570
-1547
3645
428
-1341
3776
390
-1166
3829
410
-1063
3444
366
-1230
2923
337
-1460
3035
423
-1492
3251
504
-1348
3200
683
-1378
3406
720
-1560
3915
686
-1584
4468
715
-1499
4566
755
-1538
4274
757
-1483
4227
654
-1589
4820
601
-1495
4375
763
-1327
3334
706
-1752
2788
544
-1817
3039
658
-982
3549
735
-3304
3746
738
-1696
3202
874
-1795
2835
1063
-1473
3148
1098
-1341
3469
984
-1501
3765
894
-1619
3803
827
-1552
3845
647
-1518
3961
529
-1643
4029
541
-1671
3838
616
-1479
3816
660
-1287
3740
662
-1467
3776
689
-2085
4650
685
-2377
4608
581
-1939
3878
424
-1561
3743
364
-1605
4013
291
-1645
4413
100
-1752
4266
-118
-1786
3820
-389
-1705
3473
-450
-1664
3378
-301
-1575
3511
-281
-1344
3616
-157
-1155
3528
79
-1131
3368
381
-1169
3266
594
-1082
3437
672
-841
3839
842
-906
4324
1239
-778
4960
1438
-803
5491
1287
-1048
4285
1483
-1122
2872
1325
-1031
3156
927
-1140
3978
806
-1282
3993
709
-1624
3659
538
-1872
3160
523
-1884
3057
515
-1575
3387
536
-1327
3490
661
-1266
3356
740
-1579
3150
734
-1283
3492
982
434
4395
1950
-497
4243
1433
-1588
4207
737
-1722
4448
826
-1778
4891
860
-1696
3759
839
-1295
3215
631
-869
4350
739
-958
5147
620
-1250
4674
248
-1367
3805
-88
-1422
3198
-221
-1664
3085
-294
-1354
3130
-308
-1127
2855
32
-1015
2656
355
-1115
2708
444
-1168
2932
369
-1339
3438
481
-1640
4288
812
-1645
5074
1100
-1138
5662
1185
-1217
6228
1151
-1410
3932
1316
-1156
2518
1064
-1532
2715
726
-1545
3250
720
-1600
3553
726
-1777
3393
724
-1920
3226
732
-1675
3508
700
-1384
4088
698
-1030
3996
675
706
3528
671
1927
3100
958
377
3623
999
-1572
4446
1336
-2484
4318
513
-1938
4149
372
-1536
4869
1013
-1654
4728
1018
-1511
3550
574
-725
3747
214
154
4697
644
-61
4936
949
-1386
4320
129
-1777
3655
-311
-1609
3344
-347
-1424
3177
-343
-1222
2919
-233
-1209
2528
-63
-1180
2370
33
-1301
2370
105
-1476
2733
302
-1646
3845
705
-1921
5273
1216
-1556
5768
1425
-659
6011
1743
-546
5643
1651
-1077
3487
1192
-1443
2474
907
-1480
2657
785
-1438
3020
607
-1443
3314
340
-1818
3125
266
-2188
3143
481
-1975
3517
608
-1546
3906
471
-993
3725
695
676
3406
1256
721
3220
1209
-600
3855
1079
-2075
4513
1075
-1963
4343
584
-1544
4901
758
-1933
5124
1092
-1545
3531
747
-1021
3266
265
-841
4013
576
-1278
4896
822
-1346
4627
526
-807
3809
72
-856
3238
-336
-1482
3061
-481
-1756
3089
-431
-1590
2808
-262
-1200
2618
-20
-1093
2841
282
-1158
3153
515
-1347
3751
689
-1665
4765
1019
-1817
5626
1321
-1354
5764
1650
-2552
3456
1510
-1245
2779
615
-2090
3278
629
-2184
3702
923
-1918
3534
1029
-1929
3382
997
-2114
3446
880
-1739
3775
796
-1265
4066
909
-819
3836
339
740
3421
-561
1907
3427
655
-202
4690
1337
-2784
4330
862
-2383
3800
169
-1134
4028
786
-1899
4846
902
-2402
4190
-46
-1364
3863
-62
-1028
3854
212
-1378
3625
39
-1596
3417
-68
-1739
3329
-86
-1452
3355
-26
-1296
3135
103
-1514
3295
210
-1568
3576
230
-1341
3730
262
-1059
3726
429
-1103
3685
564
-1203
4085
612
-1071
4386
526
-1148
4211
659
-995
4901
729
-1057
4844
814
-835
3100
990
-722
2602
829
-665
3392
715
-1123
3963
425
-1696
3673
395
-1679
3204
588
-1330
3187
586
-1290
3308
539
-1136
3558
696
-1153
3605
912
-1381
3524
982
-1225
3687
914
-912
3730
933
-1016
3703
884
-1205
3758
804
-1353
3841
747
-1551
4263
893
-1624
5148
1039
-1790
5126
1021
-1126
3733
769
-570
3699
641
-1005
4485
661
-1350
4808
462
-1341
4226
166
-1189
3639
-141
-1244
3203
-351
-1420
2936
-379
-1301
2997
-326
-1149
2758
-178
-1061
2543
-9
-1129
2638
101
-1255
3147
197
-1464
4178
419
-1612
5087
869
-1468
5761
1172
-1106
6266
1419
-1142
5854
1296
-3624
3268
1023
-1258
2277
917
-1788
2694
681
-2060
3189
601
-1926
3413
554
-2079
3393
693
-2213
3402
893
-1831
3682
765
-1533
4250
717
-1165
4324
869
1301
4018
7
3422
3121
324
1250
3937
901
-1999
5255
1653
-3187
4464
256
-2072
4770
327
-1172
4484
1274
-1038
3738
1094
-1368
3765
473
-1599
4490
274
-1306
4580
237
-1044
3843
158
-1020
3194
-34
-1231
2883
-172
-1443
2843
-271
-1255
2839
-165
-1127
2707
38
-1099
2907
134
-1183
3543
159
-1287
4280
246
-1711
4978
688
-1750
5262
1098
-1354
6100
1261
-564
4710
1319
-889
2923
905
-1459
2924
658
-1536
3303
438
-1743
3343
302
-2083
3176
445
-2203
3185
988
-2006
3250
1273
-1743
3588
1359
-1338
3673
1429
-1232
3450
1490
-1524
3449
1488
-1718
3946
1406
-1470
4315
1199
-1296
4397
1023
-1472
4694
814
-1773
5098
765
-1666
3980
662
-1155
3637
539
-1184
4340
340
-1198
4729
128
-1118
4057
91
-1034
3139
64
-1089
2646
-22
-1309
2646
-93
-1187
2714
-32
-1102
2627
218
-1114
2778
384
-1304
3335
312
-1445
4247
325
-1765
5223
830
-1788
5482
1423
-1317
5881
1435
-842
5235
1293
-722
3151
1064
-1190
2686
863
-1523
3163
590
-1737
3601
397
-1876
3580
315
-2140
3128
752
-1971
3029
1130
-1932
3298
1158
-1586
3634
1209
-1114
3480
1380
-1161
3151
1490
-1660
3362
1416
-1764
4166
1265
-1402
4491
1143
-1499
4810
904
-2054
5689
801
-1825
4882
798
-1199
4128
579
-1198
4577
394
-1121
4707
151
-996
4056
63
-1011
3332
63
-1148
2912
-72
-1198
2592
-159
-1013
2407
-108
-1005
2151
113
-1106
2171
219
-1276
2827
205
-1340
3872
365
-1635
5077
837
-1779
5931
1321
-1543
6540
1639
-720
5516
1471
-482
3797
927
-1400
3680
898
-1798
3177
546
-1733
3001
343
-2204
2886
843
-2231
2671
1188
-2025
2875
1258
-1745
3428
1260
-1548
3710
1248
-1397
3685
1214
-1596
3962
1274
-1829
4693
1087
-1740
5281
960
-1560
5424
838
-1642
5747
721
-1180
4992
783
-1191
4324
357
-1347
4131
107
-1284
4099
44
-1002
3786
54
-779
3056
-98
-889
2611
-119
-1254
2461
-84
-1249
2332
-1
-1043
2184
262
-1122
2703
404
-1349
3751
366
-1338
4759
638
-1306
5600
1061
-1555
6317
1154
-1368
5873
1191
-709
3457
1085
-1277
3203
1121
-1755
3733
951
-1532
4061
894
-1591
3512
1056
-1832
2760
1451
-1955
2634
1569
-1679
3070
1530
-1444
3553
1514
-1514
3466
1542
-1752
3399
1541
-1881
3829
1378
-1568
4407
1123
-1276
4715
953
-1751
5639
721
-1412
4746
697
-1148
3945
836
-1568
4512
499
-1653
4823
260
-1007
4132
290
-699
3363
97
-1036
3061
-104
-1469
2941
-230
-1389
2921
-189
-1163
2722
-41
-1075
2749
0
-1183
3335
44
-1306
3955
227
-1627
4737
576
-1725
5616
812
-1383
5485
1256
-723
3522
1584
-732
3486
1424
-1486
3872
990
-1226
3484
938
-1295
3298
1066
-2030
3260
1114
-2232
3252
1336
-1698
3438
1508
-1133
3724
1359
-1038
3743
1217
-1277
3733
1211
-1279
3770
1121
-1286
3772
930
-1239
3525
693
-1584
3837
596
-2056
5104
634
-2016
5037
915
-1161
3676
833
-860
4778
445
-1123
5577
254
-880
5015
340
-952
3803
160
-1087
3058
-131
-1380
2712
-402
-1362
2532
-465
-1130
2338
-193
-936
2368
-5
-977
2671
16
-1193
3371
-33
-1394
4332
75
-1746
5304
581
-1909
5574
1044
-1422
6212
1059
-918
5460
1161
-707
3252
1397
-1179
2790
1073
-1717
3102
641
-1991
3266
602
-2088
3129
1045
-1869
3126
1488
-1781
3343
1539
-1599
3698
1504
-1492
3802
1421
-1426
3548
1464
-1414
3485
1446
-1543
4057
1274
-1314
4552
1073
-1025
4385
860
-1512
4930
547
-1812
4377
442
-1466
3625
507
-1292
4136
477
-1340
4786
303
-1052
4386
257
-913
3411
169
-1046
2879
165
-1294
2734
137
-1225
2703
164
-1077
2527
294
-1152
2593
312
-1333
3106
240
-1315
4110
246
-1604
5179
700
-2006
5478
1295
-1485
5152
1308
-600
5846
1240
-969
4833
959
-1149
2729
1099
-1369
2455
768
-1783
2960
420
-1897
3384
220
-1937
3296
334
-1907
3132
553
-1662
3168
530
-1669
3646
522
-1474
3978
601
-1197
3720
850
1505
3777
1953
2388
3656
2020
-1276
4237
1235
-2367
5002
1277
-2204
5163
431
-1661
4975
901
-1126
3452
1005
-1281
3601
823
-1629
4498
601
-1439
5062
426
-1033
4623
217
-955
3826
-53
-1084
3304
-135
-1427
3170
-79
-1199
3111
89
-1161
2642
215
-1162
2342
328
-1159
2338
467
-1177
2597
409
-1557
3308
629
-1827
4226
1088
-1939
5341
1226
-1624
6841
1258
-808
6110
1574
-118
3323
1391
-867
2791
796
-2108
3182
548
-2278
3527
653
-1752
3403
900
-1644
3104
1092
-2226
3096
1183
-2153
3509
1204
-1653
4037
1290
-1208
3811
1336
-1137
3496
1262
-1436
3351
938
-1607
3593
681
-1557
3714
616
-1416
3875
472
-1681
4528
270
-2129
4828
260
-1694
3268
305
-1425
3325
279
-1795
4427
257
-1612
4900
278
-1173
4379
243
-1138
3566
-13
-1351
3096
-170
-1698
3174
-240
-1521
3547
-123
-1063
3553
392
-977
3509
646
-1129
3368
441
-1212
3496
482
-1456
4011
817
-1596
4306
970
-1520
4784
1150
-1285
4981
1279
-731
2917
1299
-795
2604
1063
-1311
3553
839
-1566
4005
744
-1447
3707
886
-1737
3319
898
-1818
3319
809
-1567
3389
823
-1271
3459
966
-1203
3350
970
-1440
3187
953
-1588
3557
924
-1510
4077
855
-1480
4072
751
-1782
4314
715
-2250
5173
787
-2003
4476
894
-1320
3577
739
-1294
4128
481
-1411
4867
361
-1151
4583
455
-1025
3730
270
-1086
3199
-26
-1316
3012
-134
-1369
3017
-127
-1235
2948
43
-1123
2766
228
-1154
3090
288
-1235
3531
440
-1344
4095
696
-1408
4768
877
-1478
5836
1077
-1312
4494
1606
-794
2580
1358
-900
3184
770
-1265
3968
685
-1543
4051
918
-1737
3412
1187
-1894
3200
1170
-2081
3305
1124
-1722
3507
1156
-1423
3545
1271
-1307
3428
1371
-1387
3452
1273
-1467
3956
1131
-1423
4131
871
-1467
4026
780
-1721
4505
903
-1986
5005
869
-1730
4508
1018
-1306
4056
854
-1217
4823
465
-1146
5022
265
-1108
4424
273
-1118
3558
247
-1140
3077
69
-1272
2930
-139
-1093
2771
-83
-1015
2491
163
-1064
2188
373
-1143
2238
421
-1268
2903
351
-1260
3873
521
-1444
5191
824
-1865
6603
1072
-1853
7193
1512
-797
4157
1749
-501
2853
964
-1389
3433
710
-1754
3755
800
-1662
3096
853
-1730
2782
718
-2053
3023
798
-2126
3221
1061
-1689
3557
1127
-1466
3664
1289
-1159
3577
1449
-1201
3679
1455
-1381
4038
1270
-1426
4140
1089
-1524
4109
1095
-2065
4872
1071
-2283
4648
1040
-1833
4158
888
-1235
4925
493
-841
5194
418
-775
4544
416
-1054
3558
321
-1272
2836
115
-1341
2380
-97
-1220
2245
-62
-1109
2200
213
-1071
2217
493
-1102
2668
632
-1336
3643
594
-1549
4720
755
-1581
5712
931
-1697
6363
998
-1376
4598
1583
-747
3233
1495
-973
3492
1015
-1120
3543
759
-1495
3395
828
-1922
2891
1095
-1918
2851
1284
-1739
3120
1488
-1560
3428
1461
-1462
3612
1607
-1246
3488
1719
-1502
3638
1791
-1559
4027
1673
-1591
4317
1467
-1811
4755
1491
-2228
5169
1382
-1773
4162
1071
-1407
4444
741
-1342
5083
488
-1122
5200
353
-966
4163
261
-860
3176
170
-1140
2847
-30
-1335
2731
-193
-1059
2365
-129
-2968
1929
106
-1061
1967
224
-1348
2647
422
-1388
3478
764
-1403
5107
1092
-1487
7498
1529
-1801
6992
2652
-518
3440
2296
120
3076
1027
-768
3237
568
-1630
3642
339
-1963
3670
661
-2132
2584
755
-1694
2404
888
-2203
2687
973
-2510
3178
1170
-1753
3275
1422
-906
3406
1740
-1014
3911
1673
-1546
4253
1385
-2267
4684
1487
-3176
5427
1168
-3441
4916
618
-2185
4555
331
-1534
5127
61
-1597
5573
267
-1398
4995
212
-861
3746
-36
-1030
2986
-213
-1459
2607
-189
-1271
2398
62
-1093
2135
382
-949
1962
589
-959
2220
670
-1034
2769
677
-1285
3858
500
-1457
5285
421
-2042
6548
889
-1949
4338
1853
-756
3592
1388
-370
4667
850
-648
4928
516
-1375
4061
442
-2231
2825
549
-2130
2611
498
-2196
2702
573
-1982
3236
928
-1789
3470
1376
-1477
3598
1680
-2004
4056
1916
-1551
4371
1695
-1780
4183
1698
-2247
4627
1391
-2010
4163
1104
-1780
4708
788
-1525
6043
600
-1206
6184
412
-773
4785
-28
-503
3620
-90
-1092
3293
-92
-1762
3030
-514
-1542
2523
-456
-1117
1893
31
-911
1613
287
-1027
1797
481
-1033
2633
587
-1209
4035
539
-1516
5877
447
-1842
6732
946
-1438
4358
1771
-770
4526
1277
-678
4861
874
-1028
4496
746
-1606
3669
1009
-1972
2835
1182
-1937
2645
1131
-2157
2926
1340
-1902
3381
1491
-1568
3216
1692
-1739
3426
1799
-2131
4224
1837
-1773
4735
1609
-1673
5143
1563
-2094
5423
1460
-1715
4670
1052
-1249
4899
626
-1199
5331
306
-1146
5255
277
-938
4337
309
-842
3238
122
-1104
2716
-31
-1180
2500
8
-981
2185
235
-926
1918
433
-993
1999
529
-1161
2720
630
-1355
3581
646
-1914
4680
734
-2261
5501
620
-1916
6295
625
-1404
4580
1608
-640
2973
1473
-878
3656
705
-1612
4158
430
-1992
4178
518
-1871
3431
837
-1817
2952
1062
-2429
3041
1251
-2115
3352
1335
-1706
3323
1412
-1750
2995
1684
-2104
3476
1698
-2214
4408
1631
-1676
4550
1629
-1712
5022
1511
-2108
5510
1315
-1502
4530
1006
-1106
4430
860
-1364
4875
464
-1264
5011
456
-825
4402
503
-776
3426
368
-1025
2914
257
-1306
2802
106
-1155
2475
243
-951
1988
438
-983
1967
404
-1241
2435
287
-1363
3166
366
-1487
4205
536
-1885
5842
684
-1875
6844
1162
-564
4563
1686
-184
3366
860
-1338
4260
476
-2079
4307
602
-1711
3988
885
-1344
3344
914
-1489
2855
789
-2607
2937
1057
-2398
3352
1595
-1791
3313
1919
-1601
3227
2272
-2102
3888
2134
-2042
4343
1826
-1668
4549
1361
-2066
5328
1181
-1615
4545
1034
-1187
4503
773
-1293
5146
368
-3336
5193
223
-931
4336
279
-759
3165
259
-958
2517
226
-1288
2361
176
-1138
2156
296
-1007
1934
530
-1019
2084
777
-1134
2728
852
-1370
3834
981
-1381
4781
1131
-1384
5703
1107
-1318
6375
1179
-1117
5607
1518
-880
3431
1306
-1000
3139
855
-3344
3349
538
-1518
3382
403
-1793
3071
364
-1890
2705
558
-1794
2937
973
-1907
3314
1096
-1782
3586
1288
-1552
3402
1701
-1493
3525
2021
-1581
4210
1922
-1413
4620
1675
-1745
4589
1710
-2288
5147
1631
-1765
4257
1188
-1148
3905
952
-1426
4713
604
-1405
5146
358
-1048
4309
320
-820
3318
127
-1030
2731
-113
-1386
2540
-191
-1257
2578
-170
-1033
2473
-30
-939
2722
56
-1187
3478
87
-1399
4176
348
-1566
4961
790
-1520
5636
1079
-3312
5187
1331
-682
3740
1479
-812
3819
1183
-1090
3896
717
-1492
3574
633
-1974
2993
849
-2078
2918
975
-1761
3266
1222
-1456
3331
1361
-1493
3180
1283
-1682
3110
1403
-1889
3691
1576
-1604
4265
1511
-1397
4110
1370
-2048
4913
1298
-2319
5059
1168
-1669
4006
933
-1173
4286
818
-1388
5279
532
-1268
5451
409
-936
4218
238
-746
3178
-67
-1144
2727
-301
-1620
2503
-425
-1308
2296
-314
-993
2068
-52
-1014
2320
34
-1258
3258
57
-1468
4371
312
-1818
5463
871
-1734
6141
1296
-1096
5601
1529
-353
3375
1399
-861
3337
1150
-1549
3689
1000
-1614
3812
820
-1943
3494
890
-2178
3034
1031
-2083
3115
1061
-1804
3433
1099
-1486
3458
1006
-1414
3203
967
-1662
3201
978
-2001
3742
957
-1811
3981
912
-1616
4089
684
-2039
4791
543
-2439
5083
636
-1726
4181
486
-1075
4387
482
-1445
4975
455
-1238
4669
392
-931
3782
86
-1040
3070
-190
-1543
2760
-386
-1802
2792
-564
-1551
2896
-488
-1341
2836
-206
-1290
3283
-142
-1316
3892
-93
-1383
4734
322
-1336
4927
859
-862
4645
1158
-80
4534
1173
292
3326
1388
-653
3770
1665
-1830
4126
1126
-1160
3709
1289
-1358
3182
1296
-1640
3278
979
-1437
3394
927
-1379
3471
912
-1503
3484
701
-1563
3229
601
-1715
3478
656
-1882
3834
627
-1646
4063
555
-1501
4507
450
-1978
5232
479
-1910
4240
597
-1472
3584
371
-1566
4314
255
-1555
4906
292
-1330
4554
299
-1206
3601
146
-1233
3068
-8
-1409
3046
-129
-1241
3147
-124
-1045
3122
86
-1007
3254
101
-1122
3692
-48
-1115
4055
-78
-1184
4397
116
-1223
4238
461
-1416
4870
721
-750
4143
979
-2288
2774
1182
-778
3627
1140
-1269
4291
1142
-1733
3738
802
-1477
3299
1123
-1844
3293
1041
-1940
3471
1142
-1588
3574
1389
-1393
3377
1435
-1567
3412
1526
-1822
3981
1561
-1646
4412
1411
-1111
3849
1100
-1533
4364
994
-2210
4900
698
-1390
3852
588
-530
3597
775
-1614
4164
585
-2003
4812
217
-1318
4691
306
-1054
3810
132
-1181
3281
-199
-1603
2952
-277
-1801
3126
-381
-1517
3450
-364
-1126
3489
-134
-914
3748
70
-786
4014
456
-1106
4780
772
-900
3982
1445
173
3797
2135
607
3518
1761
252
3077
935
-1009
3885
822
-1590
4433
1174
-1523
3970
1445
-1959
3457
1453
-2331
3476
1420
-1955
3756
1508
-1254
3843
1606
-453
3873
1156
-387
3768
481
-1302
4323
-24
-1816
4351
-416
-1153
3724
-823
-1237
3876
-919
-1533
3555
-892
-1342
3643
-858
-1261
3793
-548
-1406
4457
-511
-1392
4090
-300
-1401
3831
-55
-1404
3900
-75
-1400
3456
-48
-1348
3275
55
-1449
3363
96
-1677
3570
120
-1793
3742
258
-1761
3385
576
-1535
3670
676
-1295
4394
532
-1161
4309
724
-1047
3623
926
-1231
3397
969
-1000
3624
986
-820
3825
914
-1195
3751
715
-1476
3592
528
-1470
3486
510
-1385
3540
572
-1404
3600
565
-1456
3647
536
-1498
3589
569
-1520
3575
614
-1532
3620
649
-1500
3651
698
-1477
3651
739
-1452
3654
792
-1443
3674
819
-1380
3684
840
-1338
3696
800
-1384
3679
722
-1427
3656
672
-1398
3624
663
-3440
3605
641
-1429
3640
583
-1482
3624
660
-1502
3666
775
-1462
3625
915
-1432
3665
875
-1419
3632
792
-1323
3608
675
-1367
3634
615
-1339
3595
621
-1256
3601
667
-1247
3658
725
-1158
3675
804
-1215
3689
815
-1364
3688
798
-1480
3644
767
-1430
3638
785
-1403
3639
782
-1429
3642
753
-1408
3680
712
-1364
3651
699
-1350
3671
651
-1371
3758
642
-1320
3821
718
-1217
3589
789
-1212
3430
723
-1251
3368
640
-1391
3296
598
-1542
3471
618
-1600
3739
666
-1656
3956
714
-1645
3836
728
-1684
3644
748
-1681
3519
789
-1550
3463
836
-1524
3554
783
-1585
3618
665
-1590
3633
567
-1585
3644
515
-1554
3634
503
-1501
3574
532
-1481
3527
538
-1501
3553
564
-1524
3625
596
-1541
3689
667
-1487
3699
693
-1476
3693
673
-1533
3613
608
-1518
3576
595
-1500
3589
588
-1511
3626
571
-1522
3660
571
-1519
3666
565
-1487
3657
559
-1479
3634
546
-1461
3641
543
-1446
3637
552
-1438
3634
590
-1428
3640
601
-1445
3643
607
-1465
3672
611
-1462
3639
626
-1460
3621
613
-1480
3617
603
-1495
3647
596
-1496
3622
590
-1508
3623
585
-1500
3600
588
-1511
3621
597
-1497
3646
602
-1492
3647
600
-1484
3633
597
-1439
3632
611
-1457
3638
612
-1434
3638
616
-1444
3649
619
-1441
3652
618
-1468
3645
601
-1464
3629
609
-1475
3637
608
-1490
3623
588
-1507
3654
596
-1482
3621
600
-1483
3632
614
-1469
3605
614
-1469
3597
618
-1489
3621
613
-1491
3689
635
-1442
3641
592
-1466
3633
548
-1404
3592
559
-1457
3621
583
-1454
3648
602
-1475
3669
618
-1499
3640
616
-1501
3666
613
-1500
3651
605
-1517
3637
568
-1493
3610
563
-1492
3628
557
-1503
3655
573
-1485
3644
568
-1480
3636
565
-1446
3623
582
-1445
3631
608
-1471
3669
624
-1488
3677
659
-1495
3636
680
-1482
3632
686
-1485
3622
675
-1503
3614
642
-1503
3598
617
-3544
3596
609
-1513
3609
574
-1504
3615
588
-1490
3612
603
-1483
3605
630
-1459
3630
658
-1444
3618
672
-1454
3615
674
-1453
3626
681
-1468
3639
685
-1488
3636
688
-1487
3629
675
-1492
3627
666
-1496
3628
657
-1501
3630
663
-1510
3632
652
-1494
3623
670
-1477
3620
651
-1467
3613
647
-1459
3627
621
-1464
3629
616
-1449
3621
621
-1449
3610
639
-1444
3630
643
-1454
3634
653
-1468
3628
653
-1471
3621
647
-1475
3607
655
-1485
3627
659
-1489
3627
662
-1492
3618
669
-1488
3621
671
-1484
3619
684
-1498
3635
671
-1482
3625
671
-1477
3628
665
-1463
3628
658
-1472
3644
640
-1456
3648
657
-1440
3618
648
-1438
3584
649
-1439
3622
645
-1470
3663
659
-1475
3666
668
-1471
3605
657
-1482
3589
646
