219
3890
-78
184
3882
-76
156
3855
-75
154
3884
-81
152
3895
-47
154
3870
-85
252
3843
-126
307
3859
-95
280
3869
-90
294
3833
-76
252
3876
-82
180
3938
-69
182
3878
-82
197
3857
-76
192
3898
-61
233
3934
-46
281
3887
-36
283
3862
-51
264
3848
-67
196
3868
-93
165
3884
-94
182
3880
-63
201
3874
-62
225
3880
-66
247
3877
-66
240
3882
-64
241
3893
-42
209
3904
-41
229
3878
-61
253
3887
-74
251
3868
-73
209
3878
-62
152
3888
-78
166
3885
-58
183
3894
-41
228
3897
-50
279
3870
-32
247
3874
-37
224
3879
-29
197
3882
-41
211
3855
-22
246
3864
-24
281
3860
-31
267
3879
-29
271
3873
5
281
3911
1
262
3873
-16
231
3877
-3
234
3862
-21
262
3879
-7
288
3894
-4
287
3911
-10
239
3874
-6
244
3861
-7
249
3878
-35
265
3865
-27
271
3861
1
275
3885
34
290
3885
5
277
3878
-9
287
3876
11
296
3874
13
286
3876
3
257
3865
-10
240
3868
-25
229
3883
-10
239
3885
-9
232
3878
4
230
3890
3
231
3881
2
243
3903
2
242
3869
6
240
3880
-1
246
3881
-6
224
3881
2
239
3875
-19
272
3875
-19
262
3859
-10
270
3871
11
282
3886
1
250
3879
-15
262
3872
9
279
3869
-4
275
3885
-12
264
3892
-6
249
3878
1
237
3887
-3
250
3907
1
262
3869
4
261
3865
-8
272
3883
3
282
3889
5
270
3867
-1
265
3882
0
260
3865
-8
251
3870
-11
249
3885
-6
288
3884
8
277
3869
14
282
3884
16
260
3875
2
228
3888
-2
244
3871
10
266
3882
23
264
3888
10
242
3869
6
219
3876
7
264
3895
22
282
3884
32
244
3875
16
265
3877
8
260
3878
26
254
3869
15
266
3889
6
261
3878
33
238
3875
14
235
3882
3
238
3873
21
255
3888
14
275
3877
12
257
3868
37
233
3888
17
230
3882
-7
249
3886
16
231
3867
23
250
3885
3
240
3881
11
228
3874
28
237
3885
10
251
3886
12
223
3882
21
232
3877
13
228
3882
10
221
3871
12
267
3884
15
238
3889
22
208
3886
5
225
3874
7
220
3871
14
231
3905
5
228
3872
6
226
3882
15
235
3893
12
212
3885
4
224
3876
12
223
3874
22
236
3905
-16
227
3884
14
215
3877
16
205
3883
11
217
3892
-1
217
3878
15
218
3871
12
236
3880
18
219
3890
18
212
3894
-2
211
3884
7
210
3875
21
217
3887
-4
216
3872
20
215
3900
14
228
3879
8
199
3874
27
207
3889
13
227
3880
17
218
3888
23
219
3878
14
241
3893
12
213
3880
16
207
3872
32
228
3890
22
240
3890
17
213
3877
7
183
3882
2
202
3879
14
241
3880
20
243
3900
22
199
3875
15
181
3885
9
198
3883
15
213
3877
20
228
3904
4
226
3860
32
213
3882
32
205
3888
18
208
3884
2
214
3877
30
221
3876
36
211
3897
16
190
3877
6
191
3877
28
209
3899
27
209
3879
31
198
3882
25
201
3871
16
218
3876
16
222
3880
28
228
3890
27
216
3877
20
208
3883
34
228
3875
41
225
3896
28
212
3903
14
201
3856
49
211
3892
29
233
3895
27
215
3871
28
217
3875
25
214
3881
28
209
3890
25
197
3870
30
199
3872
12
235
3888
28
236
3883
32
197
3885
26
210
3867
15
241
3883
29
240
3877
41
234
3894
39
212
3885
28
220
3881
26
220
3872
20
222
3882
26
223
3900
20
207
3863
35
207
3888
49
200
3907
19
195
3885
37
217
3865
64
238
3882
30
233
3897
30
220
3861
51
228
3881
42
222
3887
20
211
3883
26
193
3874
40
216
3879
48
232
3887
31
227
3880
24
216
3870
35
204
3886
30
201
3897
30
189
3892
19
266
3882
-13
293
3838
-11
243
3849
-20
197
3907
-33
166
3898
-28
163
3898
-16
186
3882
-35
223
3896
-52
190
3902
-44
170
3896
-30
168
3915
-21
173
3915
-34
186
3890
-26
168
3884
-37
166
3909
-1
156
3898
35
127
3948
89
33
3898
146
-42
3895
193
-23
3934
263
56
3821
275
134
3808
154
140
3865
74
218
3855
144
253
3858
185
224
3918
87
145
3850
36
119
3727
-34
128
3885
-179
147
4025
-316
187
3945
-303
242
4057
-264
216
4032
-229
178
3819
-110
209
3692
12
200
3677
-1
212
3770
-20
242
3981
-23
298
4075
-18
370
3986
3
351
3870
4
318
3936
-37
352
3900
-5
400
3787
42
396
3700
46
395
3654
90
329
3778
116
274
4397
-13
13
4734
-143
207
3965
155
-70
4205
221
-590
4002
41
-735
3625
57
-475
3626
157
-433
3752
77
-526
3888
38
-288
3778
90
-13
3735
123
101
3661
203
118
3551
249
178
3817
227
138
4051
157
125
3969
155
250
3696
205
223
3875
101
122
4131
-20
245
4001
12
363
3851
84
389
4420
-44
318
4980
-198
277
4208
-293
292
3697
-392
295
4216
-605
71
4318
-868
19
4114
-921
-67
4078
-935
-24
3810
-903
16
3758
-860
-6
3862
-826
-22
4019
-756
34
3786
-594
98
3552
-384
129
3404
-194
156
3379
-27
90
3632
-17
75
3898
29
55
4116
106
15
4740
-19
77
4501
89
281
3311
392
304
3163
469
-123
4015
179
-246
4659
130
182
4002
368
328
3642
456
116
3749
293
16
3946
209
167
3968
286
228
3657
261
195
3649
218
193
3926
131
217
4232
57
294
4262
80
368
4511
65
318
4907
-2088
271
4540
-23
284
3403
2
253
3367
-27
71
4246
-256
-74
4318
-458
1
3761
-404
5
3489
-302
77
3410
-269
99
3614
-265
9
3756
-286
24
3614
-261
131
3481
-86
146
3653
-10
125
4114
-61
140
4269
-3
164
4812
-63
180
4821
-46
214
3617
154
311
3076
396
-157
3804
89
-335
4344
-82
99
3869
308
350
3555
374
305
3656
308
239
3737
337
322
3826
366
416
3843
356
382
3753
339
322
4035
247
269
4429
131
209
4524
52
295
4765
37
312
4994
-1
367
3947
94
369
3262
141
274
4007
90
69
4267
-65
-28
3852
-150
60
3433
-103
91
3410
-113
63
3514
-215
58
3567
-256
82
3359
-198
129
3210
-84
119
3767
-77
3
4362
-177
33
4528
-30
104
4967
-37
153
4775
-43
245
3491
270
394
3171
530
221
3739
410
-61
4275
245
97
3984
427
419
3348
535
322
3377
463
127
3662
384
238
3793
415
368
3750
433
301
3779
350
300
4105
283
321
4449
217
301
4673
242
301
5124
290
195
4709
282
71
3365
275
-4
3451
279
-181
4135
115
-415
4160
-54
-387
3744
-34
-337
3731
-30
-387
3862
-132
-359
3544
-108
-277
3439
-46
-126
3630
-29
-125
3794
15
-68
3896
9
11
4047
37
-100
4640
-91
-154
4608
-44
-17
3631
196
35
3179
172
-53
3505
14
-83
4140
33
53
4617
176
384
3983
413
435
3318
532
345
3673
555
230
4160
505
343
4132
581
424
3895
625
363
3846
528
336
4068
439
326
4397
396
284
4438
351
273
4555
271
227
4577
277
209
4104
434
8
3678
406
-239
3973
454
-220
4474
239
-294
4505
-16
-287
4043
-103
-8
3525
177
11
3323
76
-124
3215
-132
-90
3078
24
129
3272
222
210
3407
182
221
3873
189
285
4534
301
244
4913
37
321
4763
-21
511
4177
313
686
3197
566
263
3928
168
236
4592
113
448
3981
398
461
3188
314
369
3316
227
517
3689
324
628
3879
410
600
3637
537
677
3791
653
734
4449
675
592
4958
590
435
5032
590
466
4694
699
657
4094
788
607
3655
720
300
3814
492
78
4398
283
-108
4805
50
-105
3972
-62
113
3430
66
214
3367
12
121
3267
13
20
3180
17
87
2974
50
162
3237
114
81
3856
151
21
4375
164
9
5578
-21
77
5354
123
499
3286
774
533
3030
1055
-121
3709
440
-205
4205
240
142
3906
551
316
3608
611
266
3554
545
166
3744
510
218
3982
542
346
3888
610
401
3852
629
463
4222
576
573
4492
564
672
4993
681
703
5462
625
469
4292
400
486
3553
403
407
4134
326
98
4393
19
-47
4033
-114
28
3907
-106
136
3969
-216
127
3732
-285
60
3307
-2168
140
3078
-10
198
3419
36
65
3807
51
-121
4445
-27
-183
5562
-167
41
4438
150
374
2705
655
427
2760
619
-9
3876
192
-293
4561
-25
105
4417
368
422
4070
514
359
3935
452
88
4154
390
139
4136
461
429
3862
564
527
3910
556
423
3892
479
357
3992
402
360
4092
352
248
4183
291
-354
4709
92
-803
4973
-181
-1098
4715
-343
-1093
3464
-355
-875
3040
-158
-922
3839
-340
-1098
4211
-581
-799
4010
-633
-297
3641
-564
-348
3459
-370
-212
3576
-388
-100
3761
-428
-2
3833
-366
59
3738
-283
174
3734
-133
90
3831
-141
-49
4081
-251
-34
4456
-285
-126
5039
-421
-161
4822
-340
209
2854
236
163
2355
378
-352
3164
-77
-745
4355
-431
-589
4677
-314
-84
3957
21
20
3563
44
-37
3630
-154
-75
3812
-176
131
3761
-127
252
3768
-147
194
3898
-211
134
4257
-301
106
4289
-394
188
4523
-421
228
5350
-542
262
5003
-601
391
3092
-521
529
3453
-579
545
4431
-758
367
4572
-1015
217
4253
-1066
289
4053
-859
374
4001
-792
377
4014
-805
248
3996
-800
178
3762
-717
173
3453
-524
220
3323
-272
290
3573
-143
242
3811
172
74
4158
291
-2
4390
339
144
3462
601
433
2991
794
513
3627
721
212
4485
437
162
4329
462
392
4094
659
416
4159
548
180
4363
407
142
4155
371
266
3803
494
317
3659
399
295
3896
254
264
4456
140
250
4620
-10
391
4735
44
399
5118
49
389
4469
38
301
3217
63
200
3450
-40
96
4408
-239
11
4956
-442
-55
4403
-565
81
3787
-405
38
3696
-313
94
3709
-424
37
3723
-466
34
3420
-348
91
3167
-128
108
3534
-41
60
4028
-50
-82
4314
-3
16
4624
35
140
4760
2
395
3390
309
507
3117
603
154
4097
331
-271
4599
-87
-99
4261
175
279
3775
470
455
3812
381
353
3875
363
303
3785
433
430
3762
489
366
4091
483
327
4360
395
355
4667
450
338
5127
444
314
5495
370
288
4443
314
264
3121
296
203
3702
269
-40
4576
-56
-42
4597
-245
-67
4191
-285
-25
3812
-286
79
3643
-237
97
3559
-245
67
3335
-164
97
3052
-115
138
3371
-11
82
3823
-5
26
4102
44
-59
4538
-9
-3
4970
-78
147
3992
168
492
3717
601
228
4372
547
-206
4253
16
112
3729
373
369
3706
558
392
3967
441
238
4274
431
257
4137
555
304
3820
560
391
3815
512
404
4095
404
337
4143
386
402
4286
437
467
4836
366
341
4921
263
230
3577
183
304
3636
240
339
4615
142
191
4869
-95
69
4223
-232
77
3667
-161
105
3543
-49
209
3586
-84
127
3535
-197
73
3269
-179
126
3340
-83
25
3936
-111
-23
4246
-93
-98
4567
-63
13
4856
-74
174
3831
203
417
2994
488
455
3727
642
-44
4538
270
-264
4293
96
162
3686
528
373
3866
608
318
4220
418
309
3989
537
448
3659
697
543
3609
713
510
3979
657
364
4398
616
240
4605
464
237
5054
349
340
5041
302
324
3847
220
365
3609
271
245
4548
204
-51
4858
-100
-134
4205
-265
-16
3802
-145
123
3729
-31
149
3689
-167
71
3442
-190
69
3104
-143
120
3116
-78
118
3547
-18
-4
3996
-35
-34
4111
-79
31
4823
-142
80
4934
-142
301
3513
238
542
3638
667
240
4371
436
-228
4514
14
-119
4242
300
313
4021
480
597
4056
555
458
3902
489
358
3645
541
451
3612
601
550
3931
568
422
4319
451
292
4639
397
234
5406
398
248
4907
317
194
3911
197
123
4108
128
4
4690
90
-45
4586
-56
-129
4060
-196
-57
3848
-212
75
3651
-124
71
3562
-87
56
3404
-130
123
3108
-53
139
3250
24
68
3695
30
38
3936
97
64
4049
251
14
4673
61
84
4817
29
292
3590
433
440
3786
703
134
4626
441
-233
4562
-52
98
3981
256
362
3855
431
439
4069
373
322
3917
292
393
3795
474
485
3717
500
446
3979
437
395
4487
356
394
4593
357
442
4975
451
422
5421
451
288
4317
338
247
3161
274
232
3732
247
44
4815
-20
-87
4871
-334
-180
4404
-360
-103
3999
-342
78
3758
-261
145
3658
-297
28
3388
-274
53
3132
-159
117
3229
-57
81
3586
-14
54
4025
49
-6
4261
77
-10
4838
-82
51
4545
-18
379
3379
405
446
3936
697
104
4603
264
-173
4496
96
111
3862
485
331
3744
586
316
4037
419
197
4086
440
292
3795
522
474
3652
575
364
4028
483
239
4418
321
200
4626
250
205
5051
279
261
5221
245
315
4233
214
224
3345
144
216
3803
145
233
4440
-7
230
4316
-251
174
4166
-305
106
3986
-308
164
3725
-261
265
3646
-317
264
3472
-243
174
3272
-125
119
3462
-77
57
4027
-75
39
4060
-18
9
4163
17
17
4789
-104
196
4145
53
417
2968
469
391
3512
605
-91
4846
65
32519
5362
-244
223
4283
307
546
3725
598
392
4076
302
192
4189
188
372
3993
469
543
3704
544
511
3826
513
372
4169
417
360
4344
318
409
4844
312
286
5596
216
216
4515
63
222
3523
-63
149
4216
-90
123
4907
-250
-26
4629
-512
-83
4179
-583
-133
4040
-545
-6
3965
-477
121
3727
-462
123
3358
-400
94
3103
-344
116
2998
-182
176
3143
-41
248
3620
109
233
4272
166
34
5098
-72
92
4840
75
449
3461
497
718
3454
713
493
4308
379
-21
4984
67
-23
4581
336
389
3918
574
523
3942
480
416
3922
311
296
3779
379
432
3472
375
521
3443
312
437
3867
219
273
4468
93
244
4826
12
221
5660
-71
244
5842
-214
82
4136
-372
58
3353
-521
-20
4018
-616
112
4387
-735
-22
4175
-932
-234
3629
-997
-24
3573
-837
128
3591
-751
190
3595
-767
212
3441
-661
161
3372
-513
138
3700
-403
78
4084
-256
1
4209
-195
-79
4352
-25
-181
4510
58
-213
4883
60
86
3908
343
369
2820
693
247
3383
700
-199
4619
263
-376
5192
114
87
3939
496
243
3538
491
156
3869
183
1
4031
49
142
3703
63
155
3451
64
-31
3530
-44
-327
3872
-287
-435
4099
-425
-347
5274
-409
-456
5612
-485
-510
3758
-306
-580
3134
-227
-614
4033
-2552
-759
4256
-773
-927
3777
-809
-765
3405
-592
-572
3301
-653
-397
3596
-662
-394
3769
-646
-227
3722
-617
15
3733
-545
143
3611
-493
102
3610
-532
29
4134
-703
22
4301
-689
21
4253
-459
-52
4513
-413
-154
5101
-655
-45
4770
-384
340
3160
594
-40
3276
689
-1141
3660
-390
-1185
3684
-285
-326
3633
232
-84
3888
103
-390
3987
-248
-535
4028
-567
-372
3759
-633
-169
3736
-600
-114
3906
-733
-7
3951
-889
100
3783
-850
163
4210
-921
201
4942
-1084
202
4906
-1042
167
3860
-922
223
3539
-943
142
4260
-1079
55
4442
-1202
-144
4175
-1304
-145
3836
-1170
-71
3788
-1015
-6
4058
-1030
-83
3823
-1009
-64
3615
-810
38
3618
-576
89
3527
-429
-7
3574
-325
-107
3683
-264
-133
3869
-100
-75
3931
15
-69
4482
14
-185
4831
-76
-37
3865
218
159
3571
639
-12
4305
622
-438
4622
241
-303
3948
392
75
3680
678
19
3759
523
-74
3897
384
-36
3948
312
178
3818
241
158
3799
233
154
3914
119
125
4057
6
173
4199
34
211
4834
123
122
4840
122
77
4033
55
10
4036
9
-180
4418
-70
-141
4015
-123
-74
3687
-169
-12
3743
-217
-28
3669
-277
48
3679
-274
49
3557
-148
41
3265
-92
22
3524
-84
-54
3915
-78
-112
4268
-71
8
4671
-81
-87
5238
-162
-198
4443
-80
119
3800
397
27
4405
485
-347
4305
144
-170
3546
265
137
3329
394
217
3678
314
237
4061
288
267
4024
335
418
3705
495
467
3672
604
314
4186
559
235
4562
475
172
4966
473
-9
5403
462
230
4816
508
297
3371
442
294
3195
436
226
4125
332
-16
4872
-144
-205
4804
-394
-215
4381
-407
-150
4155
-401
8
4000
-257
48
3770
-215
52
3434
-301
44
3095
-123
110
3152
104
140
3555
156
125
3871
282
36
4493
166
-44
5095
-101
160
4078
129
416
3699
671
407
4205
574
103
4218
33
-41
4105
32
381
4319
412
497
4407
509
544
4087
594
422
3752
658
372
3651
575
381
3799
402
383
4190
218
365
4161
136
465
4451
213
558
5118
72
233
5108
-245
56
4099
-544
-92
4352
-605
-115
4746
-571
-139
4679
-748
-209
4390
-766
-68
4149
-647
26
3964
-602
96
3752
-551
112
3452
-456
146
3100
-262
134
3101
-143
110
3652
-9
69
3994
133
-11
4121
189
-111
4650
27
-52
4703
30
146
4036
291
411
4023
703
237
4536
641
-222
4300
269
-176
3990
423
204
4053
686
361
4234
668
401
3982
691
409
3616
778
356
3446
659
299
3912
462
264
4484
298
224
4750
85
295
5151
4
413
5402
113
443
4270
107
296
3334
108
137
4056
60
80
4870
-76
-43
4714
-302
-124
4075
-392
25
3826
-326
146
3643
-221
142
3433
-297
40
3220
-319
-81
3461
-267
-66
3940
-197
-152
4176
-65
-211
4693
-123
-130
4844
-95
72
3857
274
286
4020
708
175
4472
554
-8
3950
139
-82
3685
410
13
3977
568
294
4303
479
437
4384
661
474
3910
726
382
3842
737
310
4177
607
312
4468
374
314
4573
233
454
5016
369
554
4881
415
520
3627
310
387
3625
421
191
4749
406
-138
5285
-30
-406
4691
-294
-332
4512
-277
-11
4256
-191
110
3873
-118
145
3466
-79
118
3183
-103
9
3442
-66
-70
3753
-28
-87
3872
11
-30
4340
-15
-7
4196
31
153
3216
217
339
3673
431
214
4611
408
23
4685
133
-9
3986
196
276
4128
495
197
4531
362
296
4781
450
411
4332
701
489
3881
804
377
4019
670
414
4400
614
213
4563
453
173
5170
323
143
5382
299
214
3954
171
160
3702
103
112
4306
24
49
4570
-18
-192
4159
-229
-82
4139
-219
-95
4140
-215
-113
3797
-266
-5
3507
-176
68
3279
-91
25
3329
-30
11
3790
-18
-88
4154
3
-92
4345
12
-43
4518
-2
161
3770
111
403
3802
437
469
4474
623
140
4282
227
87
3608
230
249
3646
451
466
3839
433
378
4119
404
316
3966
511
316
3724
588
319
3916
488
262
4418
363
187
4572
239
135
5079
287
55
5383
271
-98
3992
129
18
3065
169
92
3875
173
10
4362
-121
-101
3906
-276
8
3720
-222
114
3818
-183
144
3702
-166
65
3601
-166
75
3512
-117
104
3506
-58
114
3840
-6
27
4273
5
4
4361
129
15
4571
186
30
4623
139
129
3671
335
262
3022
524
153
3683
435
-262
4320
-13
-160
4023
104
173
3442
365
356
3448
233
230
3820
214
186
3945
291
383
3759
474
409
3817
549
234
4268
409
115
4756
319
94
4878
316
198
5155
329
186
5105
280
196
3379
211
228
3283
268
112
4351
135
-23
4163
-235
-8
3475
-251
98
3465
-186
195
3595
-246
194
3567
-304
190
3576
-181
196
3367
-23
224
3530
35
60
4064
26
-179
4633
-58
-223
4835
-96
-239
5238
-154
-136
4608
-60
193
2531
489
86
2629
653
-485
3747
146
-614
4542
-152
-112
4179
311
272
3531
568
215
3507
452
75
3775
357
44
3760
380
286
3604
581
382
3938
574
252
4546
464
100
4883
351
177
5139
403
271
5051
443
226
3838
298
152
3325
176
93
4130
141
134
4285
-23
64
3730
-61
11
3491
-16
33
3605
-51
16
3739
-133
71
3654
-136
61
3361
-87
101
3383
-23
81
3705
-23
-38
4277
-22
-108
4367
52
-37
4760
83
34
4524
113
120
3386
392
403
3472
609
211
4321
504
-228
4300
153
56
3575
365
347
3433
513
283
3724
403
176
3962
388
159
3774
506
343
3574
625
357
3824
610
173
4317
415
144
4695
340
153
5300
283
88
5235
313
129
3824
225
150
3225
242
97
4050
261
-92
4354
-19
-192
3925
-202
-79
3637
-114
59
3636
-69
123
3630
-156
60
3507
-193
57
3346
-164
106
3343
-108
67
3671
-83
-18
4061
-67
-83
4240
0
-96
4559
-6
-2112
4938
-56
97
3996
110
367
3097
534
284
3786
634
-304
4577
93
-363
4160
22
189
3408
415
399
3398
479
241
3712
315
100
3910
327
204
3798
430
301
3766
503
236
4017
491
132
4143
399
112
4361
279
143
5086
263
193
4863
256
252
3836
159
222
3864
133
120
4185
153
-7
3890
-28
39
3541
-105
86
3593
-180
170
3716
-196
97
3693
-210
190
3527
-179
215
3427
-97
126
3484
-75
48
3765
-36
-53
4156
-20
-106
4131
37
-102
4651
27
-157
4803
-78
-28
3754
197
151
3288
564
-125
4088
424
-463
4382
121
-153
3849
338
225
3432
477
248
3595
336
106
3934
363
91
3953
423
263
3793
527
236
3846
529
174
4004
413
112
4315
361
154
4132
315
269
4337
350
217
4698
255
50
4308
198
20
3572
148
56
4071
136
113
4397
71
-3
4184
-6
-138
3742
-79
-102
3633
-87
68
3758
-55
103
3730
-44
36
3569
-94
65
3460
-47
130
3330
7
104
3615
44
27
4122
59
-74
4295
79
-168
4775
12
-77
5109
-34
130
4041
279
355
2718
562
213
3255
496
-271
4150
22
-202
4513
25
263
3900
382
487
3406
478
330
3519
400
143
3760
353
182
3877
482
357
3849
559
271
3965
528
173
4390
446
246
4509
451
179
4829
390
51
5020
341
17
4092
329
-80
3395
258
-223
4132
147
-53
4437
49
-98
4135
-48
-155
3772
-73
-60
3740
-49
75
3791
-54
30
3638
-63
-14
3384
-86
18
3224
18
-3
3162
79
7
3620
121
-110
4282
117
-159
4681
98
-158
5151
78
-73
4595
183
262
3071
540
197
3175
586
-379
4019
134
-473
4664
28
-72
4073
342
229
3473
452
116
3569
364
-2
3924
321
161
4091
374
382
3789
484
440
3544
571
278
4016
515
131
4477
411
146
4406
500
358
4627
591
275
4846
520
21
4325
423
55
3340
489
135
3575
538
-50
4314
357
-269
4596
176
-303
4385
61
-265
3884
-31
-118
3613
47
-9
3592
173
-86
3566
133
-136
3558
79
-22
3394
180
55
3406
295
65
3618
268
-31
3906
185
-57
4703
30
2
5292
-94
136
4677
68
316
3201
384
293
3138
335
11
4048
-1
-262
4776
-127
5
4295
56
377
3546
380
236
3626
419
84
3885
312
75
4054
395
211
3867
573
269
3616
709
167
3866
788
60
4239
717
92
4249
845
170
4385
950
90
4623
852
-41
4300
581
-148
3304
403
-136
3751
493
-2216
4653
245
-275
4525
-62
-310
4027
-94
-207
3726
37
55
3723
125
135
3743
159
71
3640
111
81
3408
203
210
3371
280
294
3331
328
326
3446
316
326
3738
289
296
3736
279
270
4184
182
200
5039
47
35
5159
30
189
4089
264
232
3479
351
39
3460
194
-76
3976
249
-61
4339
246
11
3983
310
79
3277
386
46
3506
356
-62
4022
234
5
3981
245
116
3737
441
-14
3559
500
-196
3754
464
-256
4036
332
-215
4456
282
-257
5386
286
-197
3984
252
-40
3035
443
-201
3365
427
-463
4041
157
-747
4524
-190
-676
4065
-231
-588
3587
-175
-405
3583
-168
-375
3755
-258
-340
3853
-272
-238
3894
-214
-84
3907
-87
21
3877
21
11
3928
13
57
3970
49
152
3934
8
280
4097
9
214
3912
23
249
3662
174
371
3745
323
271
3842
293
169
3855
293
245
3916
299
394
3947
296
394
3886
299
320
3880
293
254
3865
335
233
3894
389
165
3859
372
90
3885
312
113
3898
259
94
3894
191
68
3899
155
97
3867
153
126
3868
178
131
3923
203
122
3932
238
119
3953
288
73
3907
324
54
3853
321
40
3879
244
56
3901
155
68
3863
132
65
3831
125
60
3878
124
81
3881
156
115
3899
192
150
3930
216
141
3921
215
115
3895
214
109
3871
200
115
3870
199
125
3899
207
127
3912
216
87
3898
225
76
3885
224
84
3877
222
132
3884
226
134
3850
227
135
3898
222
105
3877
220
52
3830
218
97
3880
215
121
3906
225
123
3910
238
84
3887
237
45
3876
215
58
3894
207
55
3882
210
36
3892
208
30
3902
210
30
3894
230
59
3889
216
92
3889
209
126
3883
206
122
3875
201
99
3886
202
68
3915
205
68
3901
197
67
3863
213
97
3891
194
109
3901
189
99
3895
195
100
3875
200
100
3891
204
117
3908
214
123
3896
214
115
3897
206
107
3898
206
85
3891
201
56
3881
195
70
3881
205
107
3897
223
143
3908
237
146
3885
253
153
3883
252
155
3858
226
125
3870
199
110
3853
212
117
3887
241
119
3909
255
97
3900
268
71
3876
265
75
3875
241
104
3902
236
109
3874
270
116
3867
275
134
3885
247
132
3889
247
125
3873
262
108
3883
266
100
3881
261
104
3894
254
107
3889
265
103
3879
261
103
3879
266
102
3918
262
98
3908
247
75
3862
258
97
3871
261
122
3894
257
128
3895
260
120
3875
272
125
3874
265
121
3898
256
116
3877
262
122
3883
254
124
3893
260
118
3885
275
119
3875
281
133
3868
272
132
3891
258
114
3895
248
101
3887
254
77
3886
244
77
3876
248
111
3900
254
131
3907
260
94
3860
274
69
3864
264
97
3894
256
131
3895
264
142
3891
279
131
3885
277
123
3885
268
115
3894
269
109
3870
275
133
3874
272
133
3887
269
115
3895
262
108
3881
265
133
3885
273
139
3888
273
129
3881
280
133
3885
274
117
3877
275
101
3885
277
103
3878
283
129
3913
281
123
3870
299
111
3866
298
112
3883
281
115
3897
298
120
3888
325
136
3866
320
139
3882
296
142
3866
293
154
3876
291
168
3870
303
163
3855
315
125
3881
321
85
3901
322
103
3884
305
130
3861
304
143
3870
314
143
3892
307
123
3878
293
128
3873
287
121
3883
265
153
3881
251
144
3849
250
126
3845
256
113
3885
261
120
3902
276
129
3896
300
