338
3800
-567
332
3803
-563
325
3798
-561
315
3789
-564
340
3805
-569
346
3807
-569
326
3818
-563
315
3807
-568
314
3801
-551
323
3811
-559
343
3812
-578
332
3807
-562
316
3798
-549
329
3798
-554
338
3798
-560
336
3801
-555
322
3798
-545
312
3801
-533
305
3802
-537
312
3799
-549
315
3811
-574
334
3811
-572
337
3813
-567
330
3807
-567
322
3794
-571
322
3790
-566
344
3799
-573
350
3803
-586
337
3797
-581
335
3793
-566
340
3799
-561
330
3805
-572
325
3810
-568
333
3808
-567
333
3803
-568
341
3798
-559
337
3801
-565
332
3803
-558
333
3803
-566
327
3811
-541
317
3807
-523
317
3802
-510
322
3799
-530
334
3795
-543
344
3813
-545
331
3811
-544
316
3801
-531
309
3804
-514
326
3804
-533
339
3821
-537
317
3845
-538
322
3826
-507
348
3739
-514
363
3767
-514
382
3817
-573
380
3839
-578
327
3820
-518
297
3787
-492
322
3808
-512
355
3825
-536
361
3809
-543
352
3805
-527
337
3804
-515
331
3818
-513
315
3776
-484
307
3763
-485
332
3792
-473
349
3822
-532
373
3841
-551
376
3826
-581
387
3796
-543
397
3775
-517
376
3798
-500
353
3827
-572
292
3960
-1187
483
4077
-1739
238
4008
-2789
-95
3970
-2832
-150
3970
-3017
-204
3527
-2740
-112
3180
-2511
-31
2804
-2125
-70
2772
-1990
158
3377
-1664
115
2839
-1631
48
3469
-1682
-365
3256
-1208
-355
2800
-1721
-501
2461
-2025
-672
1884
-2330
-1002
1164
-2532
-1281
782
-2390
-1596
617
-2984
-1835
-125
-4070
-2230
-383
-4976
-2897
-357
-5465
-2821
-844
-5939
-2513
-1356
-5261
-2210
-389
-4773
-1764
342
-4726
-1867
1553
-3722
-1224
1876
-4063
-1252
1942
-3428
-995
2222
-3542
-1240
2539
-2483
-655
2822
-2585
-791
2955
-2510
-984
2723
-1807
-519
2764
-2096
-239
3532
-1048
-177
3734
-1619
118
2844
-1449
131
3244
-1902
-8
3247
-1557
-38
3215
-2068
405
3377
-1189
513
3607
-1785
139
3604
-1495
372
3905
-1548
92
3953
-2133
-524
4627
-2550
968
4137
-824
1514
3224
585
637
3283
575
319
3981
189
3
4299
14
-58
4115
-149
99
3861
-132
288
3780
-161
415
3806
-127
535
3768
-67
590
3787
-150
554
3764
-251
547
3796
-310
593
3840
-356
576
3808
-358
563
3762
-306
559
3775
-274
562
3830
-266
552
3823
-292
524
3792
-322
524
3788
-290
524
3778
-264
560
3784
-295
566
3814
-348
551
3819
-357
531
3813
-337
512
3782
-308
516
3780
-302
536
3806
-309
545
3812
-334
550
3793
-374
565
3788
-378
569
3779
-369
578
3784
-346
587
3796
-357
584
3784
-384
585
3782
-410
603
3773
-414
602
3759
-368
598
3775
-346
587
3773
-338
565
3782
-348
550
3778
-357
573
3781
-348
586
3780
-359
581
3801
-372
600
3804
-363
593
3780
-360
576
3764
-361
567
3824
-394
553
3814
-334
497
3794
-396
607
3872
-791
732
3843
-1015
483
3671
-1430
557
3744
-1797
444
3576
-2149
246
3046
-1979
117
2405
-2218
104
2040
-2201
-14
2523
-2015
-94
3424
-1955
-431
2928
-1953
-576
3510
-2619
-566
4116
-3102
-852
4615
-2738
-696
4017
-1908
-443
2865
-1785
-283
2383
-1641
-415
1907
-1645
-684
1090
-2728
-1532
732
-4013
-2133
820
-5472
-3215
382
-5744
-3006
62
-5116
-2174
956
-5167
-2448
1781
-4140
-2020
2335
-4009
-1938
2398
-3678
-1171
2437
-3497
-837
2771
-3156
-766
2697
-2305
-322
2592
-3186
-695
2722
-1350
359
3212
-2586
-63
3436
-1203
246
3163
-1556
539
2918
-903
864
3059
-1722
11
3083
-1286
280
2797
-641
913
2631
-956
1274
3074
-1276
1052
3975
-1076
941
4254
-1094
995
4767
-3463
1594
4402
-3484
2025
2913
793
1398
2934
1399
613
3552
956
626
4058
182
133
4204
-202
56
4050
-38
333
3867
87
566
3833
60
736
3773
48
845
3739
80
859
3743
49
777
3803
20
767
3771
-51
756
3739
-69
743
3727
-78
793
3763
-32
782
3767
-5
732
3716
-37
741
3759
-43
719
3792
-71
736
3801
-117
777
3774
-137
788
3762
-109
807
3766
-82
780
3768
-61
721
3754
-76
710
3752
-66
708
3750
-66
727
3792
-57
717
3794
-45
695
3783
-73
714
3786
-77
695
3768
-125
742
3770
-114
783
3764
-149
778
3801
-255
823
3844
-511
817
3845
-766
837
3763
-1085
1011
3774
-1204
958
3695
-1402
912
3230
-1473
865
2528
-1739
723
2018
-1805
652
2191
-2209
857
2779
-2677
453
3354
-2818
150
3980
-3233
234
4607
-3112
2
4782
-2566
-344
4658
-2051
-162
3604
-1650
-48
3014
-1829
-356
2197
-2544
-821
1377
-2262
-973
461
-3455
-2104
-225
-4681
-2013
-612
-4979
-2161
-1439
-5385
-1758
-471
-4808
-1394
969
-4634
-1400
2187
-3930
-720
2441
-3504
-391
2187
-4077
-896
2545
-3177
-183
3038
-2865
-215
3321
-2801
-200
2852
-2720
41
2929
-2264
427
3369
-1502
558
3532
-1635
376
2600
-1791
297
2269
-1483
576
2425
-1316
241
2240
-1781
383
2899
-1855
575
4023
-1220
986
4558
-947
1206
3844
-1137
1348
3560
-1161
956
4003
-1253
-1049
4758
-858
-65
4073
-1028
1376
3670
471
663
3558
376
636
3563
309
608
3667
160
510
3811
-120
361
3971
-390
258
3991
-560
514
3905
-365
682
3778
-238
670
3737
-152
688
3759
-142
679
3727
-197
646
3747
-258
656
3804
-364
636
3836
-462
651
3838
-463
655
3801
-339
644
3789
-207
589
3761
-135
550
3765
-110
519
3780
-160
512
3792
-198
537
3811
-215
557
3788
-186
534
3840
-127
535
3833
-129
536
3807
-141
549
3822
-167
606
3800
-136
613
3826
-104
519
3824
-124
508
3810
-106
429
3707
-127
445
3779
-138
489
3832
-207
524
3854
-258
613
3907
-277
666
3834
-271
608
3739
-233
535
3770
-176
702
3839
-83
1204
3923
-294
9
3818
-839
-2104
3860
-1450
77
3945
-2324
-212
3843
-2320
-234
3840
-2239
-122
3314
-2016
-73
2552
-1855
106
2548
-2046
43
3202
-1990
-237
2932
-2388
-149
3557
-2361
-241
3627
-2444
-404
3555
-2599
-308
3349
-2454
-418
2973
-2248
-121
2633
-2122
-189
1578
-2041
-698
530
-2733
-1399
-93
-3455
-1563
-127
-4360
-2260
-611
-5367
-2540
-1149
-5470
-2287
-1319
-5250
-2440
-387
-5001
-1980
782
-4592
-1472
2018
-4235
-1200
1925
-3367
-677
1945
-3361
-693
2367
-2956
-481
2791
-2883
-328
2962
-2515
-272
2866
-2591
29
2866
-2145
94
3105
-1663
-120
3486
-1771
145
3335
-1506
91
3147
-1868
494
2749
-1337
564
3224
-1629
341
2978
-1214
671
3128
-1103
1034
3811
-985
1043
4177
-1171
950
4627
-3343
1489
4844
-3778
2408
3612
230
1336
3303
923
876
3305
724
868
3690
457
919
3942
268
765
3931
209
460
3833
-29
252
3829
-241
195
3751
-309
377
3726
-234
619
3756
-212
841
3733
-267
934
3772
-184
1048
3735
-160
1104
3689
-202
1027
3654
-255
980
3689
-374
1059
3894
-413
1114
4052
-421
1077
4170
-733
838
4007
-646
535
2988
-409
551
2682
-199
1041
3249
-293
1086
3420
-262
1171
4022
-212
1184
4319
-261
628
4255
-344
237
4082
-704
167
3873
-633
467
3684
-354
620
3634
-208
729
3604
-142
841
3698
-133
800
3719
-202
779
3774
-325
753
3815
-444
641
3810
-424
597
3767
-391
611
3728
-301
686
3732
-266
735
3727
-258
748
3738
-257
753
3758
-309
747
3784
-365
756
3837
-400
754
3822
-420
753
3800
-382
703
3776
-292
648
3737
-193
605
3678
-135
598
3707
-186
575
3802
-476
651
3901
-875
775
4017
-1753
560
4014
-1938
390
3915
-2055
308
3614
-2367
133
3074
-2270
180
2930
-2316
129
2891
-2153
72
3363
-2152
-57
3456
-1959
-42
3084
-1887
77
3276
-2329
-181
3416
-2223
-512
3352
-1977
-726
2694
-2225
-526
2134
-2138
-488
2027
-2183
-650
1059
-2293
-681
51
-3066
-1345
190
-4259
-1757
-210
-5362
-2375
-71
-5675
-2403
-1089
-5585
-1870
-280
-4612
-1489
347
-5173
-1733
1712
-4278
-1457
1982
-3987
-1229
1851
-3534
-838
1912
-3849
-1001
2433
-3449
-809
2928
-2877
-678
2862
-3249
-868
2117
-2146
-344
2320
-2421
-327
2749
-1562
-219
2729
-1807
33
2507
-1624
-149
2373
-1474
231
2713
-1471
-123
2723
-1576
180
3502
-1288
291
3704
-1548
337
4086
-1492
651
4002
-1572
716
3879
-1582
631
3687
-1599
511
3758
-1478
186
4009
-1627
-78
4338
-1729
678
4017
-736
778
3771
-164
502
3685
-55
610
3737
-29
654
3677
-6
559
3742
-144
383
3861
-322
121
4016
-434
-125
3948
-503
25
3831
-317
321
3758
-230
537
3773
-262
651
3729
-439
605
3790
-569
547
3893
-531
439
3869
-376
341
3816
-248
319
3769
-244
416
3801
-290
410
3852
-424
411
3824
-441
413
3799
-355
377
3809
-288
377
3817
-317
378
3813
-331
393
3810
-366
426
3816
-367
439
3814
-375
433
3823
-376
418
3828
-380
421
3823
-384
425
3838
-379
435
3821
-342
424
3787
-333
398
3786
-336
386
3793
-349
419
3823
-363
441
3820
-372
387
3775
-460
394
3792
-590
417
3876
-757
406
3847
-895
450
3861
-1180
367
3752
-1347
369
3444
-1654
310
3000
-1989
167
2686
-2069
149
2331
-2040
235
2484
-2064
79
2835
-2176
-119
3194
-2331
-80
3683
-2378
-65
3930
-2600
-248
4013
-3152
-414
4210
-2602
-504
3895
-2711
-800
3296
-2367
-760
2528
-2230
-669
1949
-2039
-813
1005
-2139
-1152
231
-3078
-1774
204
-3524
-1864
15
-4312
-2219
-405
-4975
-2112
643
-5428
-1967
2045
-4720
-1827
2750
-4874
-1744
2873
-4200
-1374
2734
-4443
-1205
2251
-3790
-640
2626
-3553
-830
2658
-2662
-452
2557
-2492
-366
2855
-2159
-569
2549
-1914
-315
2814
-1690
-25
2868
-1659
-139
3013
-1606
209
2811
-1556
-29
2744
-1715
339
2853
-1577
104
2961
-1683
384
3638
-1766
-110
3861
-1554
213
4197
-1085
411
4007
-841
327
3576
-823
392
3623
-758
232
3603
-735
133
3649
-614
320
3987
-714
283
4070
-653
-32
3982
-640
-82
3951
-413
285
3818
-57
434
3807
-16
501
3802
-52
516
3719
-67
494
3765
-128
489
3865
-223
418
3848
-292
345
3860
-340
287
3848
-411
371
3817
-354
464
3822
-297
510
3832
-258
494
3841
-279
477
3811
-321
444
3804
-342
426
3835
-302
433
3836
-279
444
3792
-266
421
3778
-254
426
3799
-253
440
3819
-281
431
3803
-300
428
3798
-309
445
3788
-297
462
3826
-319
461
3831
-319
427
3826
-338
431
3820
-350
447
3813
-342
458
3831
-319
454
3824
-332
434
3801
-316
424
3797
-296
428
3824
-281
425
3821
-299
417
3818
-309
412
3817
-333
431
3840
-324
425
3822
-305
419
3825
-297
413
3822
-271
389
3818
-259
394
3813
-236
427
3820
-225
458
3853
-239
330
3846
-443
394
3873
-565
398
3949
-978
237
4127
-1403
130
4083
-1789
175
4102
-2124
330
3991
-2297
217
3527
-2206
165
2718
-2248
301
2496
-2174
313
2897
-2163
43
2995
-2065
39
2941
-1931
374
2960
-2318
-34
2877
-2196
11
3111
-1979
-41
3019
-2181
-196
2261
-2095
-121
1699
-1825
-155
1141
-2304
-1108
261
-2846
-1116
147
-4034
-1464
-279
-4753
-1743
-664
-5688
-2022
-917
-5678
-1657
564
-5453
-1433
2195
-5147
-1037
2964
-6400
-636
2787
-3768
-349
2655
-3785
-203
2687
-3263
155
3146
-3242
-200
3172
-2572
-15
3492
-3012
-392
3118
-1848
164
3332
-2144
31
3053
-1207
194
3223
-1458
181
3075
-1318
-86
2932
-1783
-7
2628
-1213
129
3268
-1168
-177
3474
-804
-49
3809
-878
-108
3666
-929
12
3664
-883
219
3803
-702
483
3825
-762
617
3771
-837
585
3683
-768
314
4061
-920
197
4196
-796
366
4095
-245
292
3811
42
324
3682
96
293
3623
74
318
3726
-22
391
3856
-130
388
3873
-194
359
3827
-268
433
3812
-235
540
3822
-178
525
3796
-183
414
3832
-208
361
3859
-211
359
3836
-203
423
3839
-180
440
3829
-178
424
3830
-201
419
3830
-221
434
3840
-224
437
3837
-187
429
3832
-175
396
3821
-176
391
3822
-195
444
3832
-190
455
3829
-183
425
3813
-186
419
3820
-197
424
3823
-212
434
3828
-231
442
3853
-287
435
3970
-508
324
3908
-704
136
3599
-1156
255
3702
-1211
343
3788
-1422
266
3560
-1600
261
3586
-1617
205
3575
-1639
156
3277
-1728
206
3228
-1751
143
3000
-1728
10
3272
-1748
-51
3059
-1509
16
3009
-1662
98
2855
-2003
-108
2980
-2020
-244
3055
-2162
-407
2909
-2367
-341
2290
-2982
-764
2201
-3020
-794
1937
-2943
-810
1480
-2898
-1165
1095
-3396
-1640
849
-4040
-1916
1105
-4646
-2151
535
-5008
-1883
1118
-4997
-1587
2470
-4367
-1371
3470
-3953
-1263
3373
-3473
-1192
3311
-3603
-1300
3552
-2929
-754
3893
-2882
-732
3704
-2410
-294
3742
-2165
-310
3358
-1927
-252
3508
-1347
-74
3505
-1502
-165
3610
-1456
-367
2859
-1387
0
3056
-1366
106
2858
-1123
-29
3000
-1350
115
3066
-982
57
3495
-919
44
3541
-800
124
3624
-825
127
3611
-710
304
3786
-675
301
3736
-764
334
3684
-667
263
3872
-632
426
3940
-436
774
3891
54
658
3794
206
504
3739
111
423
3756
124
373
3846
94
264
3926
-44
128
3875
-130
185
3873
-148
345
3861
-112
457
3812
-193
610
3769
-214
680
3729
-194
638
3793
-161
541
3866
-120
387
3834
-124
300
3801
-102
360
3816
-117
473
3805
-175
545
3843
-203
542
3837
-192
492
3827
-140
443
3812
-141
434
3798
-151
427
3820
-139
438
3819
-164
473
3840
-185
468
3886
-343
502
3936
-626
228
3837
-877
12
3749
-1385
230
3780
-1751
279
3344
-1936
79
2848
-1853
44
2911
-1968
38
2824
-1996
194
3120
-1840
179
3169
-1871
157
3029
-1768
301
3143
-1815
246
3174
-1908
65
3233
-2214
-130
3221
-2698
-373
2967
-2880
-423
2676
-2899
-314
2386
-3279
-860
2298
-3359
-745
1990
-3528
-1145
1535
-3491
-1167
743
-3828
-1187
765
-3721
-1452
547
-4353
-1644
185
-4000
-1736
286
-4486
-1781
1141
-4055
-1556
2269
-4058
-1474
3065
-3912
-1450
3204
-3728
-1320
3332
-3653
-1069
3234
-3456
-830
3074
-2818
-848
2968
-2951
-863
2806
-2337
-409
2967
-2257
-398
3083
-2272
-453
3149
-1867
-110
3226
-1547
114
3333
-1593
129
2984
-1547
39
3115
-1723
210
3054
-1393
-72
3335
-1694
-83
3103
-854
474
3392
-1033
365
3207
-835
223
3418
-881
-150
3515
-811
-363
3560
-808
-238
4038
-693
23
4467
-675
203
4195
-705
230
3898
-425
248
3747
-195
392
3693
-218
668
3614
-221
841
3668
-117
932
3843
-110
895
3927
-124
762
3862
-138
697
3861
-21
612
3820
21
521
3723
75
475
3696
120
507
3737
89
568
3770
-31
675
3814
-150
751
3858
-203
750
3824
-198
707
3809
-169
642
3772
-152
615
3773
-133
608
3789
-141
620
3779
-143
634
3797
-150
634
3777
-166
645
3753
-176
665
3768
-169
648
3815
-118
552
3824
-46
509
3809
-86
543
3797
-137
602
3790
-152
649
3819
-131
643
3811
-119
601
3778
-168
586
3799
-175
605
3807
-177
621
3795
-156
603
3796
-134
594
3792
-126
603
3788
-106
587
3790
-112
568
3808
-119
562
3792
-128
534
3779
-102
562
3789
-114
600
3832
-146
632
3837
-199
635
3805
-229
626
3811
-377
702
3904
-704
431
3934
-1246
164
3822
-1415
274
3736
-1777
358
3429
-1755
209
2962
-1806
103
2845
-1973
84
2779
-1864
58
3061
-1809
-120
3133
-2228
-248
3458
-2045
-82
3568
-2280
-131
3608
-2420
-155
3771
-2654
-458
3418
-2881
-434
3071
-2583
-207
2701
-2005
-414
1680
-2231
-1033
765
-2552
-1017
274
-3940
-1697
224
-4058
-1637
-472
-4028
-1578
-952
-4537
-1911
-557
-4368
-1463
964
-5167
-2123
2298
-4186
-1974
2528
-3895
-1680
3032
-3089
-1197
3145
-3922
-1156
3453
-2781
-476
4020
-3240
-885
3959
-2760
-410
3572
-2706
-506
3455
-2144
-497
2995
-2014
-206
2994
-1279
175
2953
-1671
7
2849
-1543
208
2708
-1730
132
2789
-1390
231
3340
-1501
154
3647
-1112
185
3998
-1157
193
3684
-1101
354
3668
-1109
193
3473
-858
224
3330
-689
273
3488
-550
593
3789
-546
716
3944
-570
461
3922
-242
351
3954
-102
442
3961
-129
505
3873
-107
516
3794
-44
476
3783
-37
399
3814
-61
362
3861
-66
341
3865
-139
372
3886
-212
445
3918
-227
481
3880
-212
508
3815
-218
471
3726
-207
490
3696
-167
528
3751
-162
487
3788
-170
432
3825
-223
414
3885
-307
432
3867
-374
472
3820
-393
486
3784
-362
524
3777
-303
559
3821
-282
531
3803
-267
486
3817
-261
437
3806
-256
433
3807
-280
461
3814
-284
473
3817
-254
463
3799
-225
479
3809
-224
467
3811
-223
425
3805
-222
413
3814
-201
436
3816
-240
492
3824
-292
531
3830
-311
523
3815
-264
477
3814
-233
436
3817
-198
416
3813
-219
448
3800
-246
540
3817
-219
542
3859
-232
431
3896
-391
371
3892
-524
64
3867
-1115
106
3921
-1518
122
3814
-2016
60
3424
-1951
51
3010
-1942
109
2690
-1868
129
2839
-1900
25
3109
-1938
-113
3139
-2102
-130
3477
-2140
81
3445
-2300
106
3499
-2277
-66
3331
-2711
-324
3306
-2594
-538
2809
-2648
-577
2462
-2703
-593
2087
-2788
-855
1356
-3363
-1442
1042
-3358
-636
65
-4346
-1399
-449
-4457
-1941
-1198
-5113
-1941
-916
-5550
-1991
751
-4914
-1872
1164
-5155
-2038
1741
-4042
-1418
1673
-4129
-1395
1739
-3154
-993
1756
-3426
-924
2329
-3246
-906
2210
-2628
-365
2378
-2811
-499
2135
-2295
-240
2573
-2296
-398
2551
-1735
19
2774
-1825
108
2993
-1596
340
2992
-1953
317
2412
-1667
875
2708
-1528
551
3248
-1529
541
3338
-1820
389
4170
-1456
199
4160
-1507
459
3645
-1569
614
3782
-1459
405
3848
-1407
452
3965
-1287
637
3960
-1021
417
4148
-654
193
3932
-447
384
3735
-136
467
3794
136
419
3796
161
390
3737
56
318
3783
-3
197
3800
-85
264
3940
-156
384
4020
-245
424
3926
-220
424
3797
-212
458
3766
-214
504
3796
-205
517
3817
-202
463
3836
-219
394
3847
-203
401
3832
-211
464
3799
-227
517
3808
-228
498
3820
-277
476
3851
-260
454
3830
-218
436
3793
-213
431
3798
-229
477
3821
-216
490
3834
-205
434
3812
-212
411
3813
-227
457
3825
-225
462
3821
-209
441
3842
-219
416
3823
-209
421
3805
-190
429
3819
-194
435
3825
-204
437
3843
-186
432
3841
-170
392
3815
-172
347
3797
-165
420
3799
-198
405
3816
-490
80
3744
-999
189
3860
-1142
305
3906
-1458
335
3749
-1506
323
3511
-1643
211
3153
-1607
263
2878
-1654
221
3014
-1873
-26
2716
-1882
-53
3200
-2224
-103
3271
-2183
-22
3467
-2405
-110
3615
-2593
-79
3768
-3093
-417
3896
-2492
-657
3144
-2856
-291
2748
-2571
-37
2031
-2869
-405
1773
-2175
-497
573
-2681
-1018
-521
-4250
-1652
-763
-4889
-1577
-591
-5337
-1682
-548
-5186
-1279
942
-4799
-1256
1786
-4829
-1212
2019
-4280
-603
2164
-4274
-880
2305
-3490
-655
2164
-3906
-856
2669
-2855
-142
2696
-3640
-510
2548
-2961
-335
2235
-3061
-324
2320
-1882
117
2277
-2380
-21
2463
-1659
78
2440
-1924
117
2329
-1853
167
2474
-1791
113
2706
-1683
195
3051
-1720
129
3501
-1813
154
3580
-1749
420
3675
-1618
444
3638
-1424
550
3781
-1127
640
4137
-874
628
3806
-771
626
3628
-830
595
3894
-638
447
3933
-610
431
3968
-647
518
3892
-646
420
3882
-604
291
3926
-530
271
3875
-427
321
3836
-243
454
3847
-137
523
3849
-45
563
3781
-37
607
3770
-92
623
3801
-192
587
3827
-231
556
3849
-230
495
3849
-223
447
3823
-199
439
3786
-161
455
3807
-138
478
3827
-161
479
3816
-135
476
3808
-186
518
3807
-231
565
3806
-249
565
3808
-240
610
3825
-275
583
3800
-283
543
3790
-273
557
3800
-244
527
3783
-247
524
3797
-258
533
3787
-212
531
3778
-189
501
3778
-182
498
3758
-195
516
3822
-193
502
3817
-203
494
3809
-185
474
3824
-199
489
3853
-242
510
3888
-250
525
3849
-284
546
3819
-276
550
3805
-234
542
3828
-235
452
3931
-548
429
3995
-998
576
3812
-1570
675
3786
-1848
601
3750
-1874
496
3512
-1929
441
2796
-1771
535
2323
-2100
489
2693
-2019
259
3054
-1938
3
3074
-2097
-68
3313
-2050
4
3396
-2316
57
3401
-2574
-155
3785
-2494
-212
2877
-2746
-227
2608
-2618
-334
1419
-2400
-691
864
-2798
-1140
669
-3812
-2144
340
-4326
-2070
-580
-4691
-1823
-421
-4954
-2109
852
-5512
-2011
2177
-4424
-1428
2740
-4190
-1258
2641
-3912
-940
2882
-3812
-929
2939
-3457
-716
2663
-3581
-539
2938
-3351
-572
2627
-2841
-47
2934
-2445
-84
2676
-1899
198
2611
-1687
281
2582
-1754
189
2650
-1447
646
1996
-1404
565
2536
-1839
-125
2712
-1602
235
3231
-1732
491
3740
-1578
388
4020
-1396
512
3996
-1408
627
3848
-1233
564
3690
-896
427
3821
-691
396
3983
-519
498
3535
-546
615
3449
-652
599
3803
-520
413
3928
-339
474
3906
-312
530
3878
-314
509
3890
-330
523
3855
-339
473
3795
-307
488
3777
-279
542
3794
-236
596
3798
-243
625
3784
-266
631
3801
-273
634
3805
-310
637
3818
-330
618
3797
-358
620
3799
-380
615
3832
-380
649
3824
-388
651
3800
-362
582
3748
-344
531
3725
-322
522
3746
-288
523
3764
-280
516
3763
-328
565
3796
-404
664
3812
-479
781
3823
-510
744
3806
-547
592
3731
-653
598
3729
-752
730
3808
-917
706
3855
-1102
663
3843
-1283
582
3693
-1356
510
3535
-1437
482
3300
-1591
422
3126
-1713
322
3121
-1844
280
3212
-2127
147
3034
-2276
259
3064
-2572
317
3148
-2468
217
3083
-2294
233
3067
-2373
49
2743
-2718
-190
2863
-2567
-410
2609
-2846
-485
2448
-2635
-366
2146
-2777
-511
1697
-3169
-886
1263
-2651
-1129
431
-3132
-1918
-498
-3998
-2505
-795
-4939
-2509
-1890
-4997
-2069
-1039
-4946
-1968
970
-4789
-2088
1574
-4484
-1815
1773
-3893
-1234
2155
-3739
-1282
2263
-3252
-956
2362
-3308
-1114
2632
-2877
-766
2822
-3248
-1002
2789
-2688
-433
2617
-2514
-246
2740
-2334
-157
2587
-2218
-26
2733
-1895
297
2384
-1401
552
2428
-1751
67
2220
-1395
333
3113
-2038
547
3558
-1582
560
3683
-1785
628
3644
-1492
720
3578
-1216
680
3833
-1001
603
4053
-761
535
4025
-795
457
3969
-810
335
4008
-689
251
3953
-633
354
4003
-457
238
3926
-515
143
3881
-471
366
3929
-174
445
3848
-77
490
3809
-17
575
3794
30
592
3733
57
639
3725
34
603
3751
-27
523
3821
-89
455
3867
-148
404
3867
-194
385
3873
-228
394
3831
-196
443
3799
-193
541
3785
-166
590
3802
-110
604
3815
-109
626
3792
-121
602
3786
-128
512
3831
-172
464
3849
-185
435
3842
-177
472
3813
-143
493
3806
-98
515
3807
-98
504
3790
-113
495
3824
-216
472
3885
-520
464
3882
-760
462
3903
-1016
364
3870
-1276
287
3663
-1457
353
3477
-1766
312
3517
-1948
252
3357
-2015
326
3152
-2200
230
3139
-2104
-5
3223
-2172
-16
3340
-2016
-33
3536
-2018
-252
3149
-2191
-301
3055
-2127
-264
3088
-2173
-677
2628
-2554
-873
2465
-2941
-631
2279
-3241
-880
1884
-2921
-1047
861
-3101
-1310
-23
-3760
-1705
72
-4550
-2523
-345
-4683
-2629
-1541
-4138
-1691
-1960
-5077
-2238
668
-4635
-1909
855
-4229
-1592
1434
-3502
-1020
1683
-3989
-1409
1909
-3328
-1114
2003
-3771
-1343
2299
-3349
-911
2560
-3645
-823
2426
-3137
-395
2138
-3050
-305
2075
-2417
-209
2298
-2487
-186
2203
-1945
36
2348
-1881
75
2368
-1713
434
2586
-1866
415
2692
-1978
473
2837
-2006
738
3341
-1760
582
3867
-1821
681
3669
-1531
668
3350
-1784
636
3310
-1524
695
3714
-1106
601
3906
-1207
670
4017
-1248
658
4069
-1053
322
3866
-899
266
3945
-778
254
4036
-666
237
3996
-555
282
3953
-273
335
3839
-126
444
3848
-143
470
3812
-171
528
3782
-189
548
3809
-243
540
3811
-271
460
3800
-235
432
3783
-204
476
3805
-167
478
3799
-187
455
3754
-190
441
3802
-217
460
3853
-254
456
3864
-259
414
3823
-246
414
3797
-227
458
3807
-193
461
3815
-216
421
3832
-261
406
3856
-276
419
3840
-287
426
3825
-266
433
3823
-282
453
3818
-334
428
3854
-443
538
3931
-718
389
3891
-1040
182
3866
-1185
141
3813
-1399
99
3596
-1694
116
3341
-1835
8
2953
-2024
-153
2691
-2073
-176
2923
-2011
-175
3276
-2180
-372
3385
-2249
-285
3699
-2496
-281
3730
-2706
-92
3771
-2739
-309
3595
-2254
-513
3093
-2105
-1074
2622
-2025
-736
2144
-2020
-968
1340
-2079
-1214
508
-2773
-1896
-271
-3820
-2946
-455
-4953
-3189
-530
-4742
-2323
-1808
-5090
-2509
-54
-5248
-2683
1317
-4884
-2093
1464
-4377
-1571
1986
-4414
-1950
2165
-3344
-1542
2209
-3421
-1695
2225
-2844
-1740
2249
-3385
-1419
2289
-2195
-707
2412
-3383
-1080
2094
-1942
-496
2254
-2369
-500
1844
-2223
-604
1797
-2023
-472
1957
-1672
-395
2309
-1821
-245
2382
-1741
241
2812
-2189
-18
2938
-1714
55
3522
-2141
431
3523
-1621
840
3549
-1982
336
3593
-1411
282
3851
-1032
473
4090
-1115
526
3911
-1187
491
3875
-1095
345
4014
-977
200
4056
-886
368
3925
-918
436
3877
-901
355
3968
-1031
469
4056
-882
543
3890
-456
446
3777
-252
525
3846
-197
566
3816
-138
529
3723
-142
509
3742
-178
463
3749
-215
412
3782
-244
408
3810
-310
417
3812
-365
431
3832
-377
481
3821
-397
552
3782
-387
570
3780
-374
577
3805
-358
549
3821
-343
512
3814
-373
456
3801
-361
439
3814
-369
470
3818
-364
490
3800
-359
499
3805
-375
520
3813
-388
514
3817
-363
488
3802
-433
416
3796
-647
353
3828
-864
399
3854
-1127
312
3905
-1344
228
3722
-1367
161
3284
-1607
171
3389
-1742
1
3526
-1991
-146
3291
-2081
