3868
184
140
3874
176
129
3882
192
141
3878
192
144
3859
172
124
3873
184
142
3883
180
154
3883
188
145
3870
195
121
3885
170
106
3889
165
120
3868
199
129
3863
199
136
3882
199
127
3880
180
107
3867
144
127
3868
150
160
3874
173
164
3902
204
131
3869
180
110
3864
156
138
3862
173
156
3862
154
135
3900
167
123
3868
189
122
3844
138
134
3881
168
126
3907
230
106
3865
225
127
3843
198
137
3879
194
112
3867
187
114
3863
171
141
3873
187
137
3891
188
139
3882
172
149
3857
188
160
3857
196
171
3873
176
147
3876
182
152
3868
159
171
3884
165
135
3883
222
120
3893
233
168
3879
226
170
3852
178
131
3862
166
142
3881
176
158
3875
219
151
3855
205
147
3868
186
173
3869
201
160
3871
193
157
3867
215
156
3857
198
183
3867
223
191
3868
215
149
3949
220
78
3904
288
68
4008
502
-17
3987
635
-305
3988
869
-511
4053
1259
-850
4256
1283
-1284
4489
1801
-1409
4630
2191
-1417
4748
2041
-1672
4874
2012
-1478
4703
2095
-1210
4487
1699
-1150
3926
1395
-1072
3132
1464
-920
2753
1089
-925
2435
797
-1144
2102
607
-1454
1932
438
-1734
1370
331
-2032
1104
368
-2352
1007
5
-2737
871
-269
-2899
869
-460
-3037
672
-514
-3069
365
-457
-2873
241
-429
-2958
176
-801
-3102
85
-778
-3415
107
-752
-3637
224
-952
-3765
406
-1083
-4034
590
-1117
-4026
618
-1085
-4568
468
-1366
-4563
623
-1188
-4621
554
-1507
-4268
548
-860
-4240
642
-1219
-4451
662
-1413
-4352
842
-1228
-4347
603
-1219
-4076
902
-1291
-4400
929
-1225
-4597
1014
-1348
-4857
1234
-1569
-5007
1296
-1339
-4904
1366
-1658
-4603
1400
-1596
-4475
1676
-1461
-4157
1747
-1171
-4071
2012
-1139
-3514
2182
-904
-2806
2230
-191
-2589
2158
-157
-2176
2229
350
-2267
2163
503
-2048
2115
1111
-2368
2355
696
-1434
2421
1009
-1275
2267
824
-966
2735
1147
-1062
2894
1453
-880
2812
1059
-821
3202
913
-556
3860
747
-377
4223
896
-384
4452
1188
-314
4345
1399
-415
4449
1709
-616
4593
1452
-717
4789
1049
-791
4599
947
-963
4134
151
-755
4110
-120
90
3794
157
749
3679
-208
695
3772
-412
472
3992
-576
61
3905
-307
142
3860
144
421
3867
72
480
3808
-73
274
3905
-253
283
3878
-219
356
3874
-151
357
3885
-154
327
3892
-117
287
3890
-146
340
3879
-120
341
3902
-181
345
3875
-189
332
3904
-115
343
3894
-155
312
3869
-108
354
3895
-154
355
3892
-189
332
3898
-162
349
3876
-140
358
3875
-174
340
3894
-120
324
3876
-178
356
3887
-93
350
3882
-169
360
3887
-141
341
3868
-77
338
3904
-106
364
3905
-165
376
3859
-173
298
3865
-151
341
3885
-94
375
3906
-97
337
3933
-207
344
3895
-214
435
3843
-165
333
3888
-95
393
3820
-121
304
3950
-48
387
3875
-129
419
3879
-245
362
3826
-164
246
3920
167
3
4007
655
-158
4212
1072
-434
4382
1272
-667
4486
1989
-655
4542
2520
-685
4650
2042
-594
4729
2222
-634
4670
1772
-837
4513
1675
-851
4083
1314
-872
3428
1036
-1055
3169
764
-986
3179
522
-1066
2902
355
-1252
2453
429
-1385
1840
286
-2011
1600
13
-2233
1461
179
-2486
1271
-102
-2824
1241
-187
-2817
1004
-233
-3116
763
-199
-2997
586
-429
-3146
493
-616
-3270
678
-517
-3152
744
-679
-3473
784
-629
-3691
728
-734
-4022
696
-875
-4357
739
-826
-4404
870
-734
-4717
801
-766
-4445
700
-619
-4614
616
-753
-4461
572
-668
-4345
514
-730
-4253
572
-720
-4168
576
-889
-4236
573
-856
-4297
689
-872
-4409
747
-1076
-4594
722
-1012
-4691
832
-1265
-4717
901
-1150
-4654
1028
-1111
-4673
996
-1080
-4536
953
-989
-4407
1076
-862
-4220
1261
-719
-4162
1446
-653
-4074
1389
-551
-3990
1546
-294
-3875
1831
-317
-3438
1736
-62
-3154
1782
-139
-2737
1570
88
-2730
1401
276
-2486
1571
564
-2278
1918
663
-1768
1962
597
-1543
2184
638
-1221
2195
841
-813
2536
919
-785
1913
1087
-986
2549
1319
-1019
3440
1400
-876
4665
1399
-821
4663
1482
-743
4207
2024
-578
4187
1637
-603
4477
1529
-594
4580
1376
-614
4727
1264
-699
4416
1027
-903
4231
838
-838
4169
657
-546
4087
521
-179
3949
170
88
3829
-216
394
3766
-416
536
3837
-512
634
3813
-376
704
3908
-399
629
3922
-311
305
3952
-252
-18
4039
-104
15
3917
-139
515
3832
-135
659
3820
-154
391
3884
-207
215
3905
-118
408
3864
-115
475
3864
-109
397
3919
-249
393
3900
-230
362
3854
-187
373
3855
-186
378
3881
-192
415
3888
-175
429
3866
-177
379
3900
-173
417
3886
-207
421
3887
-169
438
3871
-170
339
3863
-202
360
3903
-191
421
3938
-230
394
3889
-80
276
3884
10
247
4031
134
122
4230
240
-59
4253
974
-582
4310
1618
-1063
4625
2401
-727
4750
2259
-537
4914
2004
-391
4824
1881
-49
4479
1905
-180
4227
1468
-477
3884
1396
-550
3347
1274
-696
2697
960
-951
2277
806
-992
2350
639
-1002
2209
519
-1292
1854
248
-1936
1348
89
-2590
1363
205
-2738
1555
-48
-3080
1552
-124
-2924
1550
53
-2789
1273
-320
-3200
1242
-573
-3341
1065
-746
-3605
963
-969
-3656
1005
-633
-3457
1075
-557
-3396
884
-718
-3518
942
-806
-3736
947
-985
-4084
999
-977
-4201
1013
-823
-4077
913
-838
-4145
924
-894
-4071
841
-836
-4153
900
-823
-4259
1016
-960
-4564
971
-1078
-5065
1074
-1244
-5589
1387
-1305
-5619
1540
-1419
-5418
1491
-1093
-5104
1364
-1004
-4584
1433
-834
-4259
1472
-691
-3713
1442
-509
-3711
1845
-328
-3174
2279
59
-3092
2163
-12
-2670
2163
235
-2467
1819
237
-2197
1715
371
-2063
1999
837
-1833
2240
1045
-1640
2554
1026
-1630
2424
1178
-1454
2569
1265
-1395
2389
1285
-1293
2832
1479
-1091
2944
1481
-906
3307
1517
-1044
3469
1512
-902
3639
1543
-813
3923
1368
-759
3984
1267
-613
4020
1217
-374
3974
1177
-348
3999
1178
-485
3939
900
-514
4069
947
-360
4270
843
-222
4116
422
-225
3996
185
-341
3915
141
-312
3975
277
77
3960
225
183
3926
13
-155
3979
63
-42
4023
208
109
3938
-221
316
3894
-309
577
3900
-89
529
3908
-86
391
3869
-132
257
3925
-69
348
3880
-18
496
3870
-70
428
3889
-139
396
3855
-142
374
3870
-45
462
3875
-17
425
3858
-88
415
3856
-36
430
3850
0
418
3890
-52
437
3902
-86
378
3864
-156
379
3879
-49
443
3885
-108
397
3880
-74
358
3894
-87
440
3895
-162
429
3862
-166
372
3894
-65
412
3920
-48
446
3861
-146
366
3841
-141
409
3888
-98
460
3897
-155
400
3868
-150
384
3876
-139
410
3887
-158
404
3895
-126
368
3893
-110
361
3949
-64
335
4055
224
271
4108
684
-35
4152
1141
-308
4201
1320
-265
4341
1698
-285
4309
1801
-196
4444
1948
-342
4449
1810
-673
4692
1792
-821
4599
1467
-835
4129
1255
-883
4073
983
-866
3583
924
-971
3318
681
-1232
2690
608
-1478
2299
470
-1822
1926
243
-2139
1779
364
-1996
1540
99
-2234
1240
-213
-2657
1038
-318
-2622
1033
-462
-2750
704
-341
-2666
406
-400
-2736
552
-633
-2981
689
-669
-3326
453
-621
-3420
615
-578
-3415
629
-340
-3680
645
-852
-4320
777
-946
-4928
910
-949
-5135
1038
-734
-5063
989
-596
-4854
815
-602
-4825
802
-791
-4821
971
-767
-4951
1094
-735
-5000
1215
-796
-5110
1254
-818
-4997
1136
-681
-4722
1216
-789
-4515
1443
-740
-4335
1500
-675
-4132
1561
-741
-3989
1730
-613
-3888
1902
-367
-3420
1852
40
-3216
1998
-155
-2951
1765
267
-2792
1739
473
-2123
1738
769
-1669
1915
697
-1230
2153
1174
-1326
2445
1070
-1137
2088
1013
-1230
2323
1134
-1364
1789
1601
-1376
2403
1597
-1256
3351
1316
-1015
4219
1187
-902
4105
1215
-656
3763
1587
-729
3697
1446
-582
4113
1392
-445
4447
1120
-379
4662
958
-192
4648
819
-156
4268
675
-503
4105
481
-578
4174
275
-581
4081
166
-568
3962
127
-928
4196
-125
-635
4008
288
698
3782
-623
939
3722
-490
613
3955
-446
-102
3997
-231
172
3869
-238
473
3846
-199
300
3908
-180
285
3937
-180
356
3895
-269
362
3798
-243
260
3876
-212
318
3955
-177
416
3842
-217
311
3868
-272
291
3884
-242
375
3879
-259
338
3899
-224
306
3886
-253
316
3897
-228
334
3890
-249
322
3896
-204
339
3938
-207
366
3888
-275
294
3868
-214
306
3866
-254
355
3863
-190
324
3895
-189
345
3896
-241
371
3872
-238
338
3849
-181
297
3885
-56
344
3950
-229
324
3880
-355
306
3884
-161
344
3888
-247
400
3836
-201
222
3893
-57
273
3910
19
318
3945
252
55
4020
554
6
4141
1008
-23
4304
1380
-204
4386
1744
-376
4430
2066
-203
4432
2176
-464
4280
1504
-521
3976
1613
-646
3863
1114
-767
3626
1131
-649
3420
1026
-1006
3230
807
-1225
3024
512
-1374
2844
411
-2077
2768
177
-2145
2539
70
-2288
2312
33
-2149
2013
-292
-2192
1386
-467
-2143
727
-563
-2388
571
-691
-2604
471
-1060
-2994
430
-913
-3617
578
-1040
-3972
464
-1076
-4372
569
-1426
-4699
409
-1104
-4444
377
-868
-4568
486
-916
-4697
632
-967
-4704
864
-1160
-5262
1198
-1411
-5654
1410
-1533
-5989
1527
-1551
-5682
1388
-1477
-5245
1498
-1122
-4687
1583
-978
-3946
1593
-419
-3560
2003
-317
-3019
2154
108
-3026
2067
413
-2492
1734
795
-2154
1942
1070
-1807
1940
1135
-1430
1593
1201
-1370
1918
1045
-1043
2181
1040
-579
1952
1466
-786
2245
1254
-524
2599
1471
-450
3030
1629
-264
3923
1313
-266
4576
1323
-479
4410
1479
-534
4409
1492
-542
4303
1396
-491
4407
1209
-576
4503
1333
-600
4772
1094
-698
4696
739
-723
4341
158
-825
4157
-180
-867
3883
-1100
-835
3884
-427
305
3866
-427
792
3766
-311
965
3782
-466
599
3930
-391
22
4033
-385
248
3972
-393
472
3785
-421
522
3796
-294
407
3901
-287
347
3897
-237
517
3872
-359
441
3911
-416
357
3844
-303
378
3847
-284
464
3870
-309
423
3905
-379
367
3900
-362
420
3877
-361
421
3886
-322
364
3889
-327
343
3903
-287
408
3868
-397
431
3909
-352
382
3882
-380
361
3841
-341
394
3865
-323
449
3888
-292
385
3891
-344
406
3850
-369
380
3884
-299
448
3909
-437
435
3880
-328
387
3868
-339
388
3895
-330
441
3866
-391
400
3880
-303
330
3895
-377
444
3852
-389
475
3855
-327
402
3935
-364
401
3850
-365
395
3891
-208
382
3923
-332
405
3893
-303
354
3947
-40
313
4001
270
22
4234
904
-373
4271
1576
-470
4345
1321
-320
4316
1106
-714
4291
1759
-719
4137
1620
-500
4123
1177
-904
4037
1191
-929
3585
1079
-1091
4194
973
-1067
4085
760
-1019
3675
711
-1365
3123
556
-1639
2602
642
-1705
2370
515
-1989
1997
410
-2201
1751
435
-2197
1487
274
-2375
1117
125
-2557
886
86
-2806
1145
-76
-2980
975
-275
-2966
848
-208
-3129
939
-616
-3475
818
-625
-3517
815
-678
-3804
988
-769
-4039
916
-796
-4150
977
-732
-4477
1026
-959
-4890
1028
-1016
-4906
985
-1064
-5105
1047
-882
-5151
1091
-815
-4737
1058
-883
-4737
971
-1177
-4832
1105
-1178
-4768
1229
-1054
-4696
1244
-714
-4279
1391
-458
-4218
1753
-510
-4149
1948
-77
-3740
1934
-38
-3723
1866
36
-3173
1828
515
-2878
1576
475
-2797
1781
598
-2447
1785
743
-2079
2024
1022
-2033
2287
881
-1480
2427
1130
-1495
2206
1105
-1407
2425
1247
-1424
2520
1302
-1162
2511
1219
-1087
2655
1117
-933
3172
1272
-713
3685
1234
-416
3839
1268
-449
3883
1301
-418
4250
1436
-66
4553
1202
41
4667
1052
-243
4546
945
-452
4306
899
-689
4364
833
-803
4675
797
-685
4562
-167
-1649
4156
-543
-638
3664
9
654
3658
-1001
821
3669
-719
966
3966
-501
535
4089
-814
-5
3861
-764
44
3786
-604
485
3788
-470
525
3852
-488
357
3916
-595
297
3903
-549
371
3864
-636
451
3831
-489
385
3861
-508
339
3926
-581
358
3879
-654
409
3837
-568
420
3848
-642
370
3857
-521
345
3883
-615
336
3908
-537
427
3847
-598
409
3843
-572
358
3862
-596
363
3894
-580
358
3857
-509
366
3882
-623
405
3897
-628
414
3824
-597
338
3858
-660
362
3875
-618
405
3840
-663
382
3862
-599
357
3900
-648
392
3847
-603
359
3834
-582
337
3912
-635
398
3859
-586
393
3814
-624
354
3866
-599
309
3893
-612
386
3854
-659
417
3932
-643
451
3872
-683
395
3793
-616
314
3829
-641
321
3874
-661
397
3886
-555
403
3883
-596
357
3881
-503
348
3897
-551
389
3906
-249
301
4006
186
105
4089
439
-39
4203
913
-325
4455
1085
-215
4468
1381
-311
4360
1419
-904
4398
1799
-807
4548
1877
-823
4687
1272
-985
4358
981
-934
4068
856
-702
3785
847
-623
3242
520
-662
2756
786
-1015
2547
421
-1596
2489
314
-1947
2114
-225
-1892
1623
-113
-1792
1388
-273
-2116
1191
-629
-2277
1224
-510
-2496
1084
-624
-2382
722
-954
-2731
898
-1011
-3430
1027
-1272
-4192
1232
-1451
-4714
1187
-1387
-4797
1038
-1318
-5142
1055
-1423
-5037
1079
-1526
-5205
1307
-1332
-5050
1453
-1310
-5320
1468
-1678
-5295
1483
-1626
-5087
1541
-1747
-4541
1623
-1337
-3693
1988
-646
-3234
1962
-574
-2977
2247
68
-3288
2480
-110
-3156
2390
86
-3257
2433
111
-2632
2205
504
-2354
2338
441
-1641
2555
854
-1219
2287
1148
-798
2582
938
-481
2499
1195
-614
2321
1257
-689
2338
1656
-516
2935
1416
-339
3649
902
-565
4618
878
-340
4157
762
-552
4339
946
-583
4614
812
-485
4370
678
-616
4268
945
-612
4450
749
-527
4708
668
-875
4516
127
-1214
4265
-2
-974
4011
-615
-392
3592
-708
282
3683
-649
699
3961
-815
715
3951
-822
644
3857
-609
32
4023
-571
-348
3915
-386
285
3840
-516
616
3813
-601
537
3884
-667
301
3897
-618
323
3885
-547
425
3841
-458
417
3868
-457
366
3849
-545
335
3905
-500
339
3894
-534
405
3823
-515
355
3896
-463
357
3896
-557
369
3859
-478
374
3873
-487
371
3863
-559
363
3875
-558
352
3882
-485
361
3882
-629
400
3882
-530
384
3890
-544
374
3862
-483
388
3850
-591
404
3858
-544
377
3898
-540
438
3854
-546
378
3864
-478
383
3903
-521
420
3870
-517
404
3827
-496
365
3905
-444
364
3893
-495
362
3882
-559
417
3853
-496
418
3875
-513
336
3858
-438
291
3907
-347
368
3898
-180
171
4002
193
-162
4229
551
-262
4316
751
-307
4355
776
-399
4317
1110
-670
4554
1928
-301
4425
1929
-120
4366
1853
-365
4105
1276
-719
4122
1122
-682
4275
926
-722
3733
533
-1097
3311
576
-1053
2900
485
-1232
2620
252
-1408
2232
105
-1804
2098
110
-1798
1881
-42
-2022
1442
68
-2230
1458
-236
-2556
1251
-487
-3040
1302
-530
-2946
1009
-508
-2729
736
-491
-2746
987
-548
-2991
1007
-868
-3963
1302
-842
-4388
1292
-883
-4749
1092
-656
-4912
1023
-1064
-4816
1078
-1203
-4846
1258
-1224
-4866
1568
-1371
-4939
1523
-1417
-5173
1528
-1816
-5407
1762
-1456
-5250
1998
-1285
-4898
1899
-1399
-3965
1881
-1172
-3289
2216
-953
-2741
2375
-492
-2485
2717
126
-2241
2930
63
-1311
2761
662
-1317
2825
635
-908
2998
1025
-1364
2961
1055
-961
3270
1329
-700
3231
990
-419
3203
1153
-257
3323
1033
-524
3591
1224
-742
3704
1044
-621
3973
1178
-487
4275
939
-681
4511
671
-755
4335
659
-512
4220
597
-270
4129
293
-319
4184
97
-372
4338
-421
-220
3967
-882
-203
3776
-1001
-154
3765
-1153
-229
4065
-663
95
4001
-364
584
3795
-384
730
3792
-567
464
3885
-536
176
3912
-657
206
3901
-665
381
3870
-611
441
3860
-583
318
3838
-602
328
3828
-560
381
3855
-576
396
3866
-558
340
3879
-466
296
3880
-479
380
3884
-527
484
3824
-619
411
3847
-656
371
3866
-596
349
3893
-523
384
3861
-532
376
3869
-545
368
3909
-563
447
3879
-586
422
3861
-540
356
3880
-549
385
3862
-532
404
3880
-474
351
3907
-488
403
3877
-537
456
3850
-687
382
3863
-557
386
3882
-548
411
3876
-478
416
3839
-482
349
3902
-507
384
3878
-541
440
3844
-538
418
3866
-597
389
3883
-494
438
3864
-487
419
3866
-494
384
3874
-470
353
3891
-473
382
3879
-528
462
3907
-489
463
3859
-475
350
3892
-407
255
3885
-128
141
3990
219
-194
4118
548
-542
4392
866
-572
4513
715
-523
4653
1518
-664
4550
1440
-857
4595
1667
-790
4339
1228
-856
4168
1104
-694
3682
1001
-772
3755
734
-854
3509
476
-1050
3147
200
-1317
2742
156
-1480
2597
76
-1661
2301
-118
-1768
2098
-152
-2026
1931
-490
-2203
1603
-434
-2369
1307
-627
-2416
1229
-663
-2645
1021
-675
-2663
1072
-1036
-2953
1006
-893
-3331
1176
-1119
-3750
1331
-1319
-4376
1198
-1433
-4314
1110
-1244
-4313
907
-1467
-4410
984
-1301
-4580
1103
-1292
-4657
1360
-1362
-5138
1372
-1666
-5449
1397
-1919
-5624
1456
-1928
-5255
1625
-1705
-4693
1534
-1667
-4223
1612
-1334
-3626
1896
-967
-3526
2328
-699
-3442
2134
-271
-3276
2355
-206
-2682
2375
334
-2226
2130
720
-1721
2467
590
-1504
2468
610
-1518
2245
688
-1248
2518
671
-1061
2391
736
-1031
2692
1011
-755
2827
1070
-813
2807
910
-916
3512
1254
-843
4420
796
-456
4323
1163
-638
4127
1134
-619
4264
971
-747
4533
617
-685
4543
514
-508
4290
301
-508
4175
197
-442
4067
-3
-373
4033
-91
-524
4139
-221
-434
4181
-407
-459
3982
-573
-391
4002
-524
139
3837
-359
601
3788
-517
688
3910
-203
455
3951
-489
122
3833
-511
296
3906
-455
536
3898
-469
386
3843
-484
317
3866
-449
413
3882
-363
373
3915
-315
405
3866
-403
359
3843
-463
406
3874
-418
403
3891
-398
393
3870
-374
405
3872
-400
440
3875
-474
366
3878
-392
394
3872
-333
441
3874
-445
409
3913
-436
398
3903
-364
410
3862
-386
385
3855
-419
406
3858
-469
408
3927
-439
401
3864
-458
367
3843
-431
403
3876
-422
386
3891
-442
422
3840
-455
423
3900
-417
427
3913
-436
429
3859
-451
398
3865
-429
432
3904
-401
405
3900
-402
395
3897
-403
401
3890
-355
386
3920
-234
332
3945
-217
348
3924
-8
148
3998
216
-129
4239
551
-349
4380
628
-715
4507
937
-771
4349
1258
-441
4468
1444
-226
4380
1629
-276
4412
1455
-365
4153
1396
-291
4099
1391
-219
3849
962
-761
3425
972
-1037
3168
929
-1346
3041
516
-1656
2679
636
-1523
2457
300
-1806
1909
-107
-2157
1800
-285
-2232
1628
-420
-2457
1419
-381
-2343
1131
-509
-2318
1040
-410
-2286
1108
-834
-2204
1086
-926
-2610
1214
-1588
-2976
1101
-1187
-3794
1031
-1294
-3550
987
-1129
-3743
1374
-1588
-4255
1138
-1927
-4757
1227
-2322
-5649
1136
-2273
-5854
1296
-2176
-5946
1383
-2036
-5662
1287
-1692
-5212
1338
-1714
-4994
1381
-1527
-4837
1396
-1584
-4264
1437
-1402
-3766
1645
-1069
-3354
1979
-807
-2763
1957
-261
-2517
1866
-62
-2151
1650
295
-1960
1903
394
-1730
2130
352
-1782
2087
640
-1560
2653
929
-1045
3109
1226
-524
2308
1400
-604
2218
1231
-843
2325
1556
-926
3200
1284
-777
4370
1439
-534
4832
1125
-546
4560
1285
-440
4172
1544
-458
4099
1078
-551
4261
767
-458
4449
731
-298
4358
543
-257
4129
423
-234
4121
178
-104
3979
-166
-18
3831
-226
23
3944
-246
122
3995
-292
217
4000
-534
219
4003
-833
-48
3975
-866
171
3883
-397
533
3806
-327
654
3895
-330
413
3946
-422
286
3906
-599
454
3832
-628
534
3879
-572
459
3836
-484
325
3884
-449
410
3838
-513
454
3906
-512
414
3867
-516
388
3862
-621
416
3855
-535
425
3854
-487
427
3880
-480
410
3883
-580
439
3833
-482
434
3868
-537
437
3915
-504
415
3854
-528
454
3821
-608
438
3880
-499
450
3896
-520
427
3846
-527
402
3889
-500
415
3859
-498
387
3858
-544
393
3869
-596
430
3886
-536
414
3911
-493
399
3943
-452
479
3858
-536
404
3913
-476
307
3924
-463
476
3815
-488
366
3840
-376
239
4069
207
-122
4246
540
-309
4384
1014
-453
4381
1425
-387
4290
1806
64
4302
1685
-23
4392
1353
-474
4379
1720
-595
4535
1180
-980
4269
1106
-879
3802
559
-1250
3614
568
-951
3158
424
-903
2828
170
-1244
2407
84
-1595
2137
-45
-2020
2220
22
-2097
1615
-239
-2319
1430
-601
-2458
1087
-784
-2571
907
-773
-2478
835
-883
-2619
630
-998
-3436
735
-1055
-3653
865
-945
-4129
601
-744
-4351
644
-1086
-4487
587
-1281
-4593
598
-1460
-4666
798
-1360
-4965
695
-1517
-5002
826
-1598
-5254
887
-1685
-5249
856
-1525
-5167
1014
-1400
-4870
1354
-1377
-4320
1386
-1112
-3832
1711
-1099
-3528
1952
-849
-3630
2217
-636
-3358
2378
-111
-2886
2689
381
-2630
2603
345
-2437
2586
375
-2291
2540
595
-2145
2755
584
-1940
2859
981
-1456
2421
1206
-1507
2209
1100
-1023
2927
1140
-1086
3113
1113
-674
2916
1359
-415
2743
1043
-610
2940
877
-823
3610
892
-677
4299
835
-514
4653
895
-132
4441
958
-71
4228
829
-142
4273
847
-33
4470
806
-85
4297
491
-291
3891
154
-368
3920
-554
-630
4083
-694
-243
4076
-223
444
3992
-508
565
3841
-248
639
3832
-424
362
3845
-446
239
3868
-377
429
3912
-303
441
3891
-354
415
3854
-365
382
3865
-454
445
3824
-518
472
3885
-359
445
3920
-414
394
3910
-386
419
3852
-448
438
3854
-440
442
3891
-477
393
3893
-389
391
3862
-477
466
3836
-386
407
3875
-458
393
3865
-437
426
3910
-478
462
3858
-382
410
3851
-440
422
3876
-410
410
3904
-435
420
3890
-386
411
3882
-396
409
3866
-387
376
3883
-444
398
3870
-424
411
3891
-362
398
3916
-467
431
3872
-581
551
3788
-464
351
3852
-290
363
3921
-361
413
3914
-429
499
3813
-509
504
3910
-513
387
3927
-502
348
3899
-239
278
4002
79
156
4181
664
-25
4139
1298
-462
4330
1244
-816
4523
1362
-768
4524
1944
-718
4341
2091
-579
4319
1464
-792
4445
1356
-644
4777
1176
-524
4447
747
-507
3651
622
-769
2847
625
-1071
2746
618
-1303
2576
380
-1403
2368
444
-1467
2090
383
-1724
1468
145
-2141
1444
12
-2441
1085
-432
-2911
1274
-408
-2821
1086
-443
-2752
791
-708
-2928
631
-963
-3139
708
-1256
-3784
1025
-1428
-3991
820
-1328
-4372
897
-1238
-4257
842
-1137
-4699
1004
-1404
-4940
1153
-1366
-5202
1072
-1632
-5514
1253
-1414
-5465
1401
-1289
-5311
1468
-1237
-5034
1483
-846
-4726
1838
-829
-4054
2248
-726
-3894
2329
-885
-3300
2324
-740
-3119
2312
-633
-2744
2355
20
-2273
2314
550
-2067
2114
619
-1494
2438
708
-1079
2632
696
-949
2687
1140
-803
2624
1258
-824
3105
1256
-950
3162
1312
-845
3149
1027
-793
3487
1346
-406
3453
1193
-356
3766
980
-327
4188
818
-177
4532
634
-119
4640
617
-56
4417
645
-111
4377
615
-596
4353
508
-638
4299
102
-820
3937
-879
-1532
4125
-565
-399
3974
-425
626
3831
-633
1235
3828
-324
768
3843
-569
12
3964
-806
27
3902
-710
516
3776
-408
614
3910
-420
434
3858
-564
344
3886
-511
344
3907
-604
486
3851
-517
481
3815
-473
416
3913
-504
383
3890
-650
399
3884
-484
499
3847
-558
452
3849
-556
378
3866
-517
408
3883
-513
452
3858
-612
448
3872
-508
428
3894
-559
417
3842
-528
424
3858
-535
411
3870
-507
412
3878
-458
429
3870
-460
357
3932
-496
379
3871
-446
475
3863
-557
532
3798
-673
456
3843
-489
379
3901
-494
387
3879
-463
429
3859
-440
461
3915
-426
364
3921
-373
422
3853
-402
411
3927
-408
392
3982
-240
294
3992
19
3
4012
271
-246
4301
705
-229
4375
1210
-370
4620
1500
-358
4439
1840
-590
4466
1571
-753
4578
1549
-520
4429
1335
-594
3921
900
-621
3824
892
-559
3778
822
-805
3276
723
-982
2715
666
-1283
2455
431
-1508
2406
559
-1594
2227
311
-1806
1976
297
-2076
1580
18
-2350
1405
-150
-2483
1203
-240
-2806
1155
-639
-3194
1110
-610
-3169
919
-775
-3487
1014
-853
-3405
1077
-379
-3118
1091
-905
-3350
842
-1018
-3582
792
-1511
-4481
1034
-1498
-4759
968
-1163
-4550
1258
-1494
-4874
1231
-1886
-5549
1532
-2167
-5746
1454
-1909
-5106
1224
-2007
-4971
1435
-1983
-4812
1824
-1626
-4465
1817
-1026
-3680
1915
-886
-3216
2079
-606
-2688
2478
-61
-2346
2931
573
-2222
2987
1059
-1714
2857
1087
-1693
2910
781
-1688
2414
1328
-1578
3046
799
-1066
3063
965
-845
2902
864
-422
2993
1014
22
2889
916
-44
2869
876
61
3012
1245
172
3616
1124
256
4337
1080
384
5078
1101
401
4932
1447
451
4780
1124
443
4602
927
-81
3991
488
-445
3822
-232
-610
4014
-218
-1087
4201
-1069
86
3841
-479
627
3811
-650
919
3731
-456
890
3808
-783
363
3846
-1157
49
3908
-1048
278
3966
-591
780
3804
-360
735
3749
-1008
444
3750
-1053
388
3868
-969
416
3884
-852
462
3809
-788
543
3839
-803
485
3800
-926
384
3808
-787
428
3840
-822
480
3837
-879
449
3826
-886
426
3837
-925
485
3804
-861
470
3840
-897
431
3824
-858
395
3818
-907
448
3841
-897
436
3812
-854
406
3822
-879
419
3827
-1028
456
3822
-820
405
3811
-873
404
3800
-890
445
3853
-910
463
3843
-882
513
3808
-924
455
3819
-839
385
3849
-854
460
3870
-884
509
3802
-892
429
3793
-785
310
3913
-586
332
4068
-30
175
4024
650
-68
4446
846
23
4271
1053
-69
4339
988
-71
4297
1208
-276
4269
1630
-42
4194
1567
-348
4533
1543
-316
