3371
-1177
-1488
3453
-1252
-1494
3531
-1294
-1478
3590
-1241
-1459
3643
-1275
-1405
3624
-1250
-1362
3678
-1313
-1329
3675
-1300
-1337
3585
-1341
-1321
3551
-1423
-1296
3549
-1427
-1309
3542
-1498
-1313
3596
-1411
-1320
3657
-1359
-1314
3646
-1283
-3352
3665
-1270
-1345
3640
-1266
-1345
3596
-1222
-1339
3574
-1246
-1350
3550
-1232
-1353
3521
-1231
-1364
3518
-1221
-1346
3554
-1243
-1330
3567
-1229
-1331
3582
-1237
-1301
3568
-1260
-1288
3559
-1282
-1297
3581
-1311
-1277
3572
-1310
-1292
3581
-1308
-1290
3603
-1297
-1274
3615
-1310
-1292
3625
-1297
-1312
3599
-1288
-1301
3540
-1275
-1304
3531
-1280
-1297
3449
-1251
-1325
3457
-1164
-1284
3707
-1343
-1254
3849
-1363
-1333
3760
-1350
-1504
3566
-1436
-1624
3284
-1383
-1717
3057
-1488
-1816
3055
-1606
-1955
3031
-1575
-2048
3000
-1563
-2006
3233
-1426
-1862
3586
-1305
-1779
3791
-1349
-1842
3647
-1486
-1842
3467
-1840
-1904
3065
-2054
-1943
2762
-2466
-2063
2429
-2674
-2256
1893
-2672
-2387
1986
-2906
-2505
2224
-2770
-2392
2179
-3673
-2579
3199
-5816
-3318
3514
-5677
-3169
3089
-4839
-2509
2135
-3478
-1808
1219
-1926
-870
767
-1087
-334
1080
-548
-244
1399
-252
-380
2117
-918
-570
2748
-3087
-1744
3512
-6105
-3578
4299
-6967
-6320
3062
-5131
-3512
832
-2458
-2507
-353
-1765
-1889
-997
-902
-1723
-1436
-86
-1603
-1271
-458
-1708
-629
-2191
-2349
425
-6351
-3593
2269
-8824
-4424
2558
-8733
-3467
1417
-4940
-2054
559
-1847
-1190
593
-1195
-850
626
-666
-370
907
-449
-512
1631
-1036
-923
2281
-2618
-1700
3176
-5839
-3860
3477
-6978
-5251
2204
-5648
-4436
495
-3351
-3438
-114
-2114
-2685
-1070
-1166
-2134
-1682
-384
-1936
-1324
59
-1844
-927
-1266
-1821
-1024
-3809
-2300
-849
-8838
-3459
1465
-10659
-3110
1864
-7864
-1720
855
-3106
-753
438
-2077
-949
558
-1047
-813
589
345
-297
778
-219
-397
1440
-1066
-952
2215
-5705
-3039
4727
-10165
-5177
3369
-7888
-4159
1173
-3234
-3056
-333
-2270
-2725
-1150
-3344
-2311
-1678
-125
-1815
-1422
-170
-1663
-951
-911
-1749
-875
-1770
-1540
-1153
-4539
-2041
709
-11007
-3595
3509
-11752
-2888
2143
-6482
-1559
1216
-4280
-1390
970
-3564
-1230
708
-1551
-713
649
-475
-286
1099
-83
-253
1795
-557
-548
2367
-3140
-1838
4758
-8075
-4637
3589
-10001
-4580
1316
-4646
-3134
-201
-3002
-2823
-797
-2510
-2415
-1327
-846
-1808
-1284
13
-1467
-999
-386
-1460
-676
-1331
-1524
-516
-2957
-1657
-718
-8563
-2732
2690
-12088
-3325
2699
-9109
-1581
2113
-4849
-483
1554
-2829
-580
983
-936
-533
774
166
-123
1137
496
-66
1691
-591
-548
2875
-2838
-1403
3963
-7116
-3038
3926
-9795
-4546
2598
-7166
-3653
589
-3019
-2632
-510
-1894
-1989
-1510
-666
-1178
-2086
280
-3048
-1572
80
-1269
-1233
-1136
-1570
-1239
-3747
-2393
-413
-9867
-4089
2911
-11809
-3804
1590
-7189
-1932
1084
-3583
-1258
365
-2693
-1107
416
-1280
-822
480
-72
-216
773
529
314
1124
-13
94
1779
-3490
-1528
4840
-9372
-4111
4132
-11597
-4301
1241
-4640
-2936
-707
-1986
-2682
-1099
-1834
-2069
-1573
-343
-1404
-1605
200
-1226
-1332
-453
-1443
-1136
-847
-1298
-1304
-4248
-1455
553
-11982
-2937
3815
-13793
-2449
1809
-6943
-1189
463
-3262
-1224
706
-2984
-835
642
-444
-117
453
-61
-135
778
-695
-220
1273
-425
-155
2003
-3144
-1166
3304
-8837
-4506
3508
-11367
-4716
1102
-4928
-3081
-630
-2523
-2936
-1010
-2177
-2281
-1628
60
-1353
-3632
249
-1272
-1212
-649
-1289
-1291
-877
-912
-1541
-4410
-1097
-80
-12747
-1445
2792
-13683
-527
1013
-6833
-809
574
-3926
-525
528
-2896
-269
503
-2053
-208
617
-1389
-54
756
-874
-105
1144
-1269
-396
1260
-2235
-907
1232
-6046
-2326
2443
-11488
-3765
1313
-9532
-3180
-167
-3351
-1979
-1145
-1996
-1622
-1495
-1099
-1167
-1398
-563
-1056
-649
-1343
-1341
-809
-871
-1142
-1171
-711
-1100
-1749
-2710
-1445
-2423
-9814
-2966
2093
-15451
-2666
555
-8086
-983
-63
-2641
-727
15
-2923
-720
51
-3152
-161
243
259
358
839
-291
360
1128
-543
116
1389
-1882
-238
2180
-8475
-2181
3482
-15341
-3562
337
-7975
-2478
-966
-1404
-2175
-1206
-1467
-1584
-1662
-552
-1015
-1217
-733
-1250
-1053
-898
-1131
-1493
-960
-839
-2082
-3143
-1141
-2933
-9537
-1606
909
-14542
-1327
239
-8144
-856
157
-3322
-321
217
-2314
-164
347
-529
17
649
6
295
1131
-556
145
1485
-838
73
2052
-2535
-354
2152
-8392
-1775
3017
-13400
-3094
1150
-8874
-2143
-338
-3987
-1729
-1006
-2746
-1462
-1395
-1070
-3008
-1613
27
-818
-1244
-179
-1153
-1221
-429
-1234
-1261
-860
-934
-2146
-4009
-967
-1103
-13536
-1487
2428
-14346
-830
-165
-5904
-901
201
-3248
-656
208
-1701
-220
323
-416
-84
790
-330
100
1206
-189
184
1362
-716
42
1605
-2975
-783
2169
-9086
-2602
2969
-14008
-3694
569
-7039
-2288
-1071
-2391
-2079
-1638
-2037
-1740
-2076
-538
-1255
-1836
-430
-1314
-1457
-780
-1245
-1478
-584
-780
-1898
-2472
-888
-2194
-9150
-1529
2307
-15460
-1378
1078
-9033
-2976
327
-3045
-243
366
-2458
-232
220
-1016
-125
745
-582
121
1110
-942
10
1275
-1060
-61
1609
-2355
-439
1842
-6313
-1589
3337
-12687
-3552
1911
-10093
-2602
-17
-3039
-1824
-1112
-2405
-3904
-1482
-1609
-1569
-1598
-550
-1385
-1410
-733
-1293
-1352
-664
-1074
-1321
-1048
-849
-1791
-3196
-888
-1577
-10352
-1367
3145
-15403
-1290
862
-7340
-658
467
-3486
-449
253
-3148
-294
228
-1373
-16
490
-1002
163
893
-1219
-29
1019
-1136
-147
1158
-1993
-399
1705
-4792
-1469
3583
-11435
-3319
2401
-11649
-3166
80
-3597
-2265
-1141
-1999
-2214
-1325
-1911
-1711
-1520
-932
-1466
-1187
-1115
-1504
-1134
-1364
-1269
-1244
-1099
-754
-1570
-2921
-912
-1755
-8857
-1783
1324
-13516
-1676
491
-8520
-916
600
-5125
-513
708
-3935
-166
806
-1397
248
1013
-562
333
1115
-178
192
1280
-754
-238
1975
-1816
-719
2257
-5084
-1441
3067
-9792
-2699
2484
-11533
-3355
1487
-5902
-2267
-80
-3127
-1831
-656
-2226
-1516
-1066
-258
-2880
-1634
451
-748
-1573
-60
-1140
-1476
-656
-1214
-1567
-2062
-1022
-2872
-7202
-1449
399
-14796
-1430
2026
-11438
-726
399
-4107
-697
526
-3166
-692
828
-3912
-341
1006
-395
1
1516
-377
98
1447
-307
126
1890
-1313
-122
1733
-5088
-1247
2534
-12765
-3409
1663
-10912
-2794
-259
-3103
-2167
-1352
-2557
-2202
-1354
-1430
-1435
-1632
403
-1116
-1339
-235
-1383
-1279
-460
-1351
-1389
-1928
-1202
-1947
-7394
-1838
2038
-15291
-2020
1611
-10053
-979
192
-3050
-851
206
-3571
-796
346
-1906
-250
370
-360
106
692
-766
12
757
-678
-124
1324
-900
-235
1612
-2897
-864
2839
-9746
-2922
3156
-13455
-3571
819
-5949
-2101
-931
-3130
-2110
-1171
-2657
-1609
-1734
-819
-1285
-1702
-850
-1374
-1289
-853
-1184
-1322
-394
-850
-1228
-1723
-768
-2032
-6899
-1179
1818
-15486
-1288
1681
-10234
-592
272
-3048
-447
308
-3540
-493
412
-1431
-123
398
-576
28
866
-1422
-106
1165
-1179
-139
1737
-1943
-518
1824
-4987
-1749
3229
-10669
-3544
2231
-10250
-3100
117
-4333
-2528
-1291
-2952
-2131
-1627
-1839
-1384
-1703
-851
-924
-1320
-1069
-898
-3248
-649
-788
-1282
-1149
-840
-1776
-2879
-1120
-2176
-9560
-2081
2024
-15168
-1546
1681
-8242
-185
825
-3787
-383
293
-2797
-198
442
-971
328
604
-639
337
1112
-538
325
1051
-516
161
1642
-2000
-346
2272
-6703
-1179
3351
-13217
-2283
1812
-10542
-2420
-339
-3406
-1809
-1343
-2307
-1743
-1539
-1669
-1392
-1761
-1143
-1262
-1497
-982
-1021
-1462
-636
-672
-1676
-2331
-665
-2201
-7207
-564
1899
-14250
-240
1530
-10308
-415
194
-3773
-265
391
-2853
-150
368
-1185
-193
810
-740
-111
1474
-2472
-41
1437
-313
18
1583
-1488
-378
1415
-6354
-1484
3579
-13207
-2991
1424
-9754
-2284
-200
-3382
-1821
-1103
-2721
-1767
-1323
-1788
-1424
-1269
-519
-1134
-1224
-502
-1157
-1301
-652
-1148
-1273
-1333
-1073
-1466
-3709
-1225
-1363
-10955
-1739
2500
-14540
-1612
814
-6575
-810
435
-2999
-723
357
-2868
-643
594
-1042
-179
654
-407
175
911
-601
172
996
-567
225
1486
-2032
-189
1934
-5530
-1315
3280
-11501
-3063
1851
-11467
-2918
-50
-4804
-2267
-797
-2673
-1763
-1451
-1497
-1251
-1802
-525
-1049
-1350
-904
-1156
-1262
-923
-1303
-1288
-806
-1136
-1522
-2038
-992
-2532
-7424
-1481
1222
-14971
-1385
2014
-11623
-1035
243
-4015
-571
368
-2760
-480
106
-1861
-308
202
-812
-196
718
-698
-17
835
-739
-190
1075
-893
-585
1072
-2683
-1116
2423
-8455
-3440
3488
-11049
-4172
1830
-8574
-3306
-384
-3852
-2607
-1521
-2173
-2033
-1805
-1633
-1608
-1947
-160
-1154
-1857
136
-1242
-1595
-927
-1369
-1036
-2426
-1633
-1078
-4883
-2083
302
-10563
-3077
2982
-11595
-2696
998
-6017
-2304
691
-5700
-1849
792
-3190
-599
784
-972
55
1075
-506
322
1096
860
804
772
520
184
855
-1147
-1006
1854
-5921
-2224
5703
-16771
-3420
1176
-10971
-2627
-1491
-1514
-2361
-1191
-910
-1920
-1755
-354
-1842
-2111
-39
-1416
-1808
-181
-926
-2343
-1221
-565
-3022
-5669
-974
-743
-12373
-609
762
-12245
-417
-168
-5850
-437
-84
-4129
-414
-123
-2853
-368
302
-758
38
437
-465
76
669
-439
-47
727
-410
36
1273
-2487
-76
2056
-10463
-1709
2711
-16949
-2242
841
-6153
-1106
-313
-2124
-1579
-524
-2263
-1396
-1058
-432
-977
-1248
-359
-982
-1249
-258
-939
-1555
-385
-815
-1996
-1534
-550
-3624
-6254
-673
-1647
-14091
-85
1534
-11710
1
-178
-4197
7
168
-3270
-250
197
-2230
-423
705
-469
-102
1146
-575
17
1420
-1122
-46
1756
-1329
-109
1447
-4762
-705
1816
-11008
-1668
1002
-11909
-1904
-525
-6138
-1411
-1315
-2896
-1357
-1104
-2547
-1377
-1294
-829
-774
-1453
233
-579
-1216
-301
-1162
-1260
-1509
-1198
-1820
-2860
-621
-2760
-9034
-240
-189
-13187
-68
-167
-9607
240
201
-4816
317
101
-2353
284
104
-1439
21
530
-620
-136
1224
-443
25
1115
-1025
-75
1412
-2184
-376
965
-6459
-731
1479
-11678
-2211
536
-10181
-2420
-963
-3966
-1835
-1419
-2399
-1584
-1587
-1848
-1291
-1685
-722
-1121
-1406
-502
-1157
-1401
-649
-934
-1690
-1244
-639
-3102
-5078
-667
-2325
-12362
-472
319
-12170
66
31
-6459
27
-59
-3870
15
-58
-2248
163
42
-1068
113
638
-878
167
828
-1060
-42
1195
-1160
-130
1302
-3016
-503
989
-8622
-1761
1765
-12883
-2856
210
-7490
-1829
-1158
-2812
-1618
-1185
-2914
-1547
-1516
-1502
-1103
-1532
-474
-1037
-1483
-530
-1076
-1607
-555
-921
-1911
-1508
-659
-3380
-6079
-865
-1309
-13536
-891
722
-11989
-525
102
-5123
-181
435
-3603
-256
273
-2310
-17
627
-895
310
1090
-872
325
1072
-869
-78
1237
-1258
-394
1061
-4063
-823
1885
-9609
-2184
1748
-12726
-3129
62
-6145
-1981
-807
-3111
-2030
-1139
-2546
-1640
-1964
-594
-1313
-1858
-768
-1334
-1636
-997
-1052
-1701
-713
-687
-1884
-2035
-636
-3271
-6257
-871
-1192
-13113
-736
1266
-11984
-240
612
-5845
-1
643
-3391
-64
410
-2025
22
658
-872
207
1140
-897
28
1215
-1170
-308
1251
-1545
-557
1037
-4251
-1269
1362
-10135
-2576
1402
-11611
-2420
218
-5501
-1728
-702
-3857
-2132
-1032
-2538
-1586
-1393
-2664
-1073
-1472
-376
-1291
-1509
-673
-1345
-1972
-854
-1254
-2368
-3044
-1288
-3248
-7259
-1377
-1475
-10998
-1708
-133
-9309
-1429
366
-5758
-1045
866
-3920
-781
841
-1877
-367
932
-1362
-149
1214
-1075
69
1421
-1192
12
1391
-2370
-606
979
-5113
-1405
1137
-9206
-2516
130
-8933
-2692
-659
-5748
-2582
-1479
-3729
-2420
-2164
-1972
-1986
-2200
-868
-1643
-1878
-347
-1431
-1697
-359
-1295
-1904
-737
-1183
-2721
-3008
-1394
-3416
-9517
-2024
-1038
-12031
-1787
-931
-7633
-1545
19
-6130
-1381
471
-3745
-745
544
-1351
-150
594
-1059
2
900
-503
91
618
-767
-149
740
-2368
-797
254
-6070
-1712
1089
-9757
-2673
-130
-8179
-2823
-786
-5112
-2883
-1325
-3445
-2627
-1748
-1841
-2219
-1851
-1212
-1986
-1599
-920
-1809
-1687
-449
-1568
-2290
-884
-1232
-3478
-3222
-1294
-3807
-9346
-1829
-1275
-11526
-1646
-672
-7454
-1328
132
-5760
-1125
568
-3398
-501
735
-1699
-69
982
-1259
-28
1116
-706
-33
1183
-1327
-485
1385
-2841
-1110
931
-5739
-1852
1021
-9902
-2668
-164
-8920
-2701
-756
-5342
-2478
-1384
-3571
-2308
-1826
-2289
-2162
-2033
-1264
-2080
-2031
-624
-2011
-1874
-316
-1612
-1870
-817
-1211
-2411
-2992
-1116
-3270
-9834
-1722
822
-14780
-923
701
-7610
-291
199
-4783
-534
419
-3484
88
423
-1185
329
595
-1208
104
877
-999
-145
753
-821
-410
1248
-1915
-696
1673
-5573
-1533
2529
-12913
-3045
1225
-10395
-2099
-655
-2748
-1680
-1428
-2886
-2042
-1740
-2499
-1704
-1654
-902
-1268
-1252
-1099
-1239
-1294
-1245
-1185
-1293
-1442
-837
-2241
-4008
-658
-1897
-11459
-900
1187
-13557
-237
163
-5971
168
7
-3550
-227
53
-3256
-289
593
-1195
0
1197
-587
89
1218
-825
-344
1559
-1151
-562
1835
-2612
-775
2036
-5955
-1862
2070
-11936
-3491
951
-9910
-2672
-522
-3572
-1945
-1072
-3106
-1957
-1321
-1814
-1512
-1583
93
-1069
-1469
41
-1130
-1324
-481
-1073
-1557
-1229
-889
-2390
-5210
-1419
-1222
-12760
-1980
993
-13095
-1376
330
-4929
-749
413
-3230
-858
444
-2407
-556
839
-486
-36
1088
-233
132
1426
-494
-13
1329
-1118
-268
1470
-4444
-1013
2307
-12044
-2631
1535
-12396
-2400
14
-4532
-1926
-1423
-2562
-2038
-1759
-1893
-1698
-1881
-423
-1458
-1585
-64
-1399
-1375
-152
-1223
-1316
-661
-829
-2146
-3499
-636
-1930
-12102
-554
1913
-16045
-188
323
-7223
-119
333
-3136
-292
327
-2495
-211
444
-846
-112
676
-510
3
700
-586
-142
776
-476
-320
1164
-1924
-694
1174
-6471
-1483
1999
-13344
-3090
1159
-10769
-2191
-939
-2697
-1311
-1719
-2198
-1517
-1839
-1981
-1225
-2072
-574
-1010
-1672
-455
-1016
-1751
-1131
-920
-1738
-2144
-382
-3096
-6114
988
-1812
-12906
1865
1014
-11155
1335
-157
-5698
868
40
-3593
514
41
-2261
195
404
-1546
173
1138
-1193
157
1268
-894
80
1411
-1466
-254
1490
-4084
-598
1685
-9523
-1653
1609
-12858
-2796
-420
-5946
-1954
-1453
-2200
-1892
-1486
-2287
-1658
-1781
-971
-1209
-1350
-660
-1166
-1289
-1022
-1060
-1411
-983
-717
-1811
-2114
-643
-3149
-6552
-1044
-1433
-12709
-929
514
-11346
-603
362
-5719
-249
301
-3902
-311
336
-2649
-24
433
-1205
212
705
-909
142
766
-966
-150
886
-1000
-316
982
-2658
-801
810
-7922
-1809
1610
-13338
-2616
704
-8299
-1864
-713
-3033
-1869
-1350
-2714
-3920
-1751
-1271
-1637
-1511
-748
-1667
-1220
-1165
-1459
-1365
-720
-1009
-1492
-1955
-1009
-2301
-4646
-1161
-1819
-9819
-1663
984
-12536
-1404
216
-6762
-676
-119
-6256
-687
-280
-3730
-581
261
-1823
-2176
842
-616
305
1198
-284
374
1244
-727
41
1758
-1935
-319
1501
-6004
-985
2265
-12604
-2687
1645
-11014
-2035
105
-4322
-1537
-1224
-2981
-1794
-1415
-1796
-1357
-1579
248
-942
-1431
311
-1099
-1316
-337
-1241
-1363
-885
-1039
-2005
-3772
-1155
-2050
-11410
-1753
880
-14292
-1496
610
-6824
-757
281
-3855
-1004
215
-3152
-641
403
-757
-90
438
-63
234
889
-146
417
988
-683
346
1603
-2036
64
1831
-6802
-988
2747
-13518
-2426
917
-10587
-2094
-458
-4008
-1846
-1206
-2305
-1807
-1408
-1329
-1449
-1488
-84
-1291
-1065
-516
-1430
-906
-695
-1335
-1018
-1196
-949
-2165
-2983
-753
-2456
-8577
-1248
954
-12759
-959
46
-8945
-406
-135
-5169
-668
149
-4853
-697
17
-3050
-287
50
-1612
-122
259
-921
-19
421
-499
-5
968
-1114
-263
1203
-3326
-769
1538
-7386
-1971
1860
-11145
-3067
400
-7694
-2510
-775
-3182
-2235
-972
-2574
-2047
-1365
-1764
-1822
-1330
-869
-1740
-1032
-1410
-1687
-1089
-1388
-1494
-1111
-1432
-1236
-1882
-3772
-1377
-1582
-9288
-2083
449
-12290
-1764
515
-7369
-752
573
-3820
-387
571
-3006
14
579
-1224
301
959
-462
385
1159
-506
262
1241
-1292
-124
1470
-3592
-647
2254
-9461
-2015
2701
-12849
-2883
811
-5922
-2460
-522
-2250
-2529
-1054
-1784
-2105
-1522
-327
-1633
-1488
-108
-1533
-1264
-769
-1343
-1301
-1032
-856
-1529
-3668
-746
-1704
-12114
246
1005
-13185
1109
-23
-6807
914
-421
-5246
397
-81
-3533
493
-86
-1928
496
208
-1069
444
652
-428
476
758
-764
182
1387
-1894
-264
1841
-4773
-517
2466
-10742
-1446
2598
-12166
-1824
562
-5980
-1056
-328
-3561
-1219
-1079
-2408
-1170
-1678
-909
-1002
-1582
-329
-1198
-1529
-361
-1217
-1447
-683
-721
-1386
-1992
-462
-2398
-7060
-460
-354
-14414
50
1285
-10929
962
290
-4410
726
427
-3064
156
359
-1655
59
591
-419
288
1081
-362
268
1258
-430
77
1711
-1989
-321
2244
-7006
-684
2602
-12511
-1703
1227
-10438
-1705
281
-4372
-1299
-633
-2643
-1121
-1157
-1556
-1013
-1483
33
-1030
-1508
373
-1216
-1474
-359
-1113
-1675
-1908
-1000
-2455
-5741
-793
-1630
-12338
-902
1024
-12920
-762
-193
-5429
-318
263
-3264
-271
366
-2415
-229
322
-460
-168
825
-104
-63
1138
-381
-2056
896
-975
-209
943
-3500
-827
2111
-10216
-2336
1795
-12989
-2668
240
-5822
-1684
-993
-3111
-1644
-1263
-2684
-1389
-1537
-1140
-1086
-1550
-635
-1204
-1316
-845
-1367
-1396
-961
-1237
-1595
-1598
-853
-3037
-5472
-1005
-1408
-12460
-1382
850
-12657
-742
377
-5611
-191
204
-3104
-477
-27
-2327
-221
-109
-934
129
754
-629
-15
852
-749
-36
998
-1017
-358
921
-3104
-771
1733
-9457
-2154
2033
-14422
-2745
155
-6034
-1723
-1212
-2187
-1797
-1445
-2430
-1529
-1489
-731
-1106
-1188
-750
-1118
-1086
-1094
-1238
-1298
-698
-1124
-1475
-1459
-792
-2932
-5552
-979
-408
-14197
-936
956
-12375
-369
-29
-4762
-230
79
-3430
-202
-32
-1971
-36
316
-1027
101
828
-869
258
886
-764
77
1338
-1599
-266
1534
-3538
-584
1852
-7958
-2035
1742
-13771
-3178
47
-7757
-2212
-1323
-3019
-1951
-1652
-2345
-1499
-2132
-828
-1104
-1676
-934
-1073
-1142
-1141
-930
-1081
-931
-722
-1352
-1610
-719
-2025
-4001
-666
-1941
-10552
-1025
634
-13673
-638
-111
-7776
-324
281
-4185
-45
31
-2103
243
34
-1547
154
434
-1128
198
758
-650
144
739
-1190
-159
799
-2073
-206
1079
-7272
-972
2160
-13481
-2151
989
-11331
-1850
-616
-3759
-1890
-1416
-2375
-1659
-1640
-1247
-1231
-1496
-681
-1107
-1238
-871
-843
-1138
-944
-827
-1514
-2026
-686
-2005
-3282
-850
-3387
-8976
-1877
-829
-12516
-1096
327
-8201
-890
193
-5058
-658
126
-2082
-88
296
-1349
73
913
-811
218
1175
-616
179
1414
-1319
-145
1425
-3276
-842
1307
-7681
-2185
604
-10257
-3221
-307
-8247
-3502
-335
-5390
-2731
-1234
-2441
-1855
-1772
-1382
-1476
-1448
-253
-1218
-1255
448
-1177
-1356
-60
-1350
-1653
-1196
-1431
-2433
-4456
-1702
-2001
-11359
-2285
745
-13974
-1791
617
-5777
-1065
-273
-3180
-1143
-198
-2471
-488
-13
-168
132
-41
-574
4
490
-1090
8
916
-804
114
1384
-2365
-382
1653
-6336
-1358
2498
-12488
-2884
1305
-11549
-2533
-300
-4052
-1624
-1153
-2394
-1342
-1336
-1568
-997
-1648
-249
-849
-1394
-539
-1158
-1457
-710
-1306
-2024
-872
-861
-4001
-3126
-482
-4061
-10950
-1119
95
-13536
-667
539
-8191
-299
721
-4756
-567
250
-2695
-407
174
-1276
-143
617
-603
230
883
-225
352
825
-749
93
674
-2398
-170
1145
-8062
-1539
2178
-13965
-2782
152
-8179
-2062
-1270
-2890
-2021
-1709
-3033
-1790
-2002
-1350
-1150
-1790
-975
-1105
-1295
-1390
-1239
-1261
-462
-1006
-1543
-796
-991
-3223
-3681
-1288
-3222
-12097
-657
2143
-15249
238
-9
-6304
-356
-255
-3569
-385
130
-2459
109
-82
-853
106
297
-885
215
618
-590
308
825
-1164
-85
1182
-2484
-454
1465
-5665
-1822
2448
-13048
-4020
1368
-9526
-3029
-174
-3134
-2681
-1419
-3917
-2629
-1832
-1943
-1910
-1853
-223
-1431
-1358
-1069
-1409
-1238
-671
-1009
-1437
-546
-738
-2288
-3120
-1192
-3089
-9850
-2550
478
-14123
-1775
466
-6787
-1017
-435
-5051
-1316
-149
-3812
-509
34
-1349
63
257
-1324
49
517
-1433
-59
557
-766
-56
979
-1436
-417
1332
-3197
-938
1808
-7985
-2889
2065
-13190
-3883
412
-7273
-2725
-1138
-3562
-2653
-1550
-2947
-2144
-1715
-548
-1264
-1424
-307
-1056
-1031
-1072
-1056
-1162
-713
-850
-1252
-1597
-889
-1989
-3475
-1256
-2533
-9458
-2440
543
-12719
-1751
351
-7179
-1002
291
-4778
-1082
177
-3116
-589
188
-1115
-268
440
-602
-147
1120
-712
-5
1265
-764
-77
1628
-2241
-664
1393
-6286
-1805
1775
-12154
-3238
1030
-9728
-2626
-431
-3736
-2130
-1335
-2886
-1962
-1637
-1418
-1276
-1719
270
-878
-1424
-181
-1093
-1346
-994
-1214
-1640
-2132
-1235
-2534
-6942
-1976
-578
-13283
-2316
761
-10382
-1541
-194
-4085
-1237
-8
-3229
-1005
66
-1687
-449
294
-734
-131
748
205
445
888
207
609
1127
-1543
27
1503
-6737
-1324
2537
-14727
-2806
310
-10062
-2882
-950
-2973
-2997
-1632
-1920
-2378
-1883
-727
-1501
-2079
-546
-1142
-2013
-113
-617
-2158
-208
-323
-2249
-1836
-679
-3318
-6361
-1662
-996
-13503
-2215
1040
-11828
-1677
149
-4599
-1281
-197
-3799
-1169
420
-2083
-142
505
-1071
11
938
-1572
-65
635
-841
-90
544
-1290
-643
959
-3628
-1343
1006
-7116
-2960
1405
-10206
-3824
841
-6286
-3034
-430
-3427
-2652
-987
-3281
-2344
-1243
-1949
-1680
-1465
-1584
-1597
-1320
-1713
-1469
-1190
-1110
-1086
-1311
-1386
-1114
-2131
-4410
-1910
-833
-8926
-2186
762
-8795
-1751
118
-5880
-1646
-191
-4674
-1472
-201
-3702
-1049
-56
-2370
-594
98
-2145
-396
215
-2082
-369
57
-1509
-328
-12
-2391
-723
419
-4863
-1500
1274
-6984
-2367
1660
-7240
-2829
912
-6277
-2913
37
-4138
-2346
-918
-2421
-1903
-1644
-2394
-1959
-1057
-2063
-1661
-816
-1465
-1310
-1035
-1801
-1396
-1235
-2289
-1276
-1532
-3383
-1266
-2087
-7106
-1739
-633
-8463
-1553
-839
-6683
-1552
-984
-6104
-1642
-808
-3722
-1072
-680
-2367
-768
-379
-2334
-648
1
-1492
-325
64
-1317
-366
53
-2240
-779
347
-3906
-1353
1296
-6317
-2327
1528
-7786
-3288
1366
-6802
-3443
507
-4681
-3111
-480
-3240
-2647
-1044
-2299
-2269
-1430
-1455
-1887
-1632
-878
-1448
-1875
-481
-1006
-2098
-906
-865
-2406
-3238
-1270
-1805
-7422
-1951
-514
-10012
-2278
38
-8815
-2341
544
-5952
-1870
288
-4024
-1504
236
-3162
-1184
495
-2046
-652
839
-1383
-306
1134
-1464
-343
1125
-1393
-449
1207
-1850
-863
1022
-4623
-2077
1434
-9177
-3523
1501
-8832
-3389
-12
-5982
-3111
-1311
-5221
-2740
-1606
-2767
-1915
-1696
-1468
-1516
-1750
-1088
-1487
-1620
-420
-1388
-1609
-183
-1278
-1619
-898
-1228
-2079
-2929
-1515
-2258
-8784
-2829
-138
-13261
-2790
669
-8573
-2150
794
-5370
-1787
624
-3207
-932
615
-1255
-209
813
-2896
76
1353
-121
312
1198
-525
39
1400
-1907
-557
1665
-5616
-1604
2650
-13500
-3493
1445
-10835
-2660
-446
-3564
-2111
-1625
-3180
-1948
-1690
-1254
-1019
-1919
12
-830
-1772
-633
-1126
-1768
9
-828
-1946
-316
-768
-2713
-2678
-1188
-3793
-9664
-2362
-462
-16110
-2127
616
-9221
-1211
403
-4109
-1021
177
-2858
-446
480
-811
159
741
-824
132
760
-958
-16
833
-700
-163
1249
-1697
-798
1440
-4885
-1831
1847
-10590
-3551
1269
-11984
-3363
-98
-4633
-2373
-1649
-3286
-2386
-2303
-2414
-1890
-2205
-430
-1369
-1882
-731
-1623
-1551
-1011
-1515
-1471
-320
-1024
-1842
-1550
-968
-3411
-6133
-1825
-1097
-14815
-2109
1389
-12144
-733
363
-4277
-668
188
-3576
-463
481
-1443
267
461
-637
203
1093
-1177
45
949
-2424
-89
1006
-1100
-628
1092
-4785
-1711
2499
-12171
-3314
1762
-12149
-3005
-250
-3804
-2507
-1464
-2427
-2465
-1281
-1611
-1689
-1661
-335
-1419
-1441
-662
-1273
-1436
-490
-864
-1771
-972
-573
-2881
-3974
-1050
-1663
-11394
-1442
862
-12964
-1116
-20
-6757
-1165
98
-5303
-997
171
-3151
-319
291
-1825
-21
671
-1483
71
884
-387
94
1000
-716
-181
1321
-1558
-581
1697
-5132
-1673
2942
-12966
-3284
1750
-10848
-2491
-201
-4062
-2225
-1488
-3729
-2168
-1697
-1609
-1379
-1697
-385
-1296
-1390
-1256
-1503
-1450
-572
-1218
-1628
-637
-1060
-1681
-1504
-910
-2682
-5048
-1607
-1490
-12684
-2272
669
-11978
-1443
651
-6521
-1234
673
-4952
-798
652
-2193
-92
481
-1018
94
860
-990
183
817
-413
137
869
-1242
-380
1244
-3241
-1070
1366
-7747
-2109
1138
-12242
-3045
259
-8302
-2341
-682
-4502
-2089
-1250
-2868
-1441
-1670
-902
-903
-1807
-209
-1009
-1942
83
-1159
-3074
-21
-1860
-4210
-1175
-1112
-4331
-5823
-622
-955
-13158
-1117
910
-10816
-1463
-97
-6945
-1916
-249
-3687
-1526
-100
-1629
-873
841
-1383
-375
1152
-1018
-218
1042
-493
-26
432
-348
-374
275
-1962
-1429
58
-7521
-3437
1202
-12279
-4463
936
-7791
-3595
-647
-4787
-2795
-1454
-2717
-2019
-1679
-538
-1309
-1929
580
-976
-1887
272
-820
-2059
-407
-835
-2377
-2734
-1216
-2778
-7959
-2193
-895
-12487
-2375
246
-9142
-1804
43
-5496
-1527
-95
-3937
-886
-139
-1364
-237
-99
-780
-73
393
-359
-2
413
-110
-147
548
-1190
-654
1059
-4254
-1513
1583
-11402
-3296
1251
-11871
-2948
-106
-4436
-2248
-1431
-3193
-2167
-1365
-2002
-1335
-1676
-572
-1061
-1407
-1139
-1304
-1263
-627
-1105
-1548
-468
-810
-2620
-2616
-1072
-3741
-10003
-1928
352
-15075
-2960
68
-7102
-635
-733
-3618
-829
-194
-2581
-98
101
-782
161
414
-941
87
817
-804
101
649
-871
-133
989
-2666
-709
1266
-7488
-1979
1621
-12770
-3096
606
-8878
-2486
-1133
-3611
-2175
-1366
-2740
-1665
-1624
-969
-1072
-1871
-177
-1052
-1647
-104
-870
-1846
118
-229
-1827
-1152
-409
-2715
-6114
-1421
-610
-14383
-1023
1175
-11669
-687
-143
-5884
-1466
-10
-4523
-719
-338
-1810
114
-305
-1297
238
483
-1036
527
668
-79
780
658
-411
132
1011
-2463
-608
1181
-8456
-1599
2257
-13393
-2640
439
-8329
-2162
-585
-3770
-2173
-1092
-2733
-1801
-1503
-980
-1227
-1454
-474
-1142
-1245
-713
-1271
-1339
-843
-975
-1697
-1851
-777
-3421
-6394
-1337
-2952
-12053
-852
-412
-11541
59
241
-6174
-294
-203
-2742
-55
534
-1804
266
627
-645
207
1385
-249
300
1630
-484
384
1727
-1730
164
1528
-5080
-620
1494
-11141
-2207
274
-12656
-2774
-655
-6048
-2072
-724
-3258
-1480
-1194
-1862
-1055
-1497
-487
-859
-1043
-73
-715
-1334
165
-569
-2018
-425
-947
-2746
-3393
-1588
-2679
-10518
-2014
-99
-13666
-1428
206
-7930
-814
129
-4238
-495
-48
-2785
-109
184
-1128
136
506
-347
412
864
-470
366
730
-548
308
1020
-1774
-127
223
-6674
-1438
939
-12628
-3007
-13
-10000
-2636
-996
-4795
-2195
-838
-2721
-1545
-1402
-1045
-1302
-1452
-227
-1312
-1232
96
-1497
-1284
-1023
-1904
-1383
-911
-1679
-2459
-2505
-1727
-4467
-8499
-2639
-1065
-13537
-1812
-57
-9539
-789
-141
-4848
-954
11
-2820
-467
215
-1202
144
280
-885
89
688
-426
211
553
-266
98
921
-1556
-617
947
-5543
-1746
1706
-11408
-3292
813
-10607
-3151
-326
-4516
-2526
-1206
-3176
-2268
-1527
-1749
-1707
-1799
-2616
-1578
-1391
-905
-1532
-1042
-788
-3176
-1281
-1083
-891
-2086
-3653
-1338
-2231
-10207
-2008
315
-12347
-1244
-138
-7272
-997
-299
-4427
-878
-289
-2478
-251
-133
-1245
-14
251
-901
80
725
-422
137
642
-1068
-296
926
-2928
-731
1836
-7621
-1826
2418
-12770
-2635
1299
-7789
-1930
-459
-3266
-1859
-1281
-3684
-1852
-1393
-1708
-1118
-1969
-751
-1270
-1791
-1635
-1466
-1741
-1211
-1137
-1862
-1855
-1050
-2547
-3420
-901
-2944
-8268
-1264
-928
-10779
-537
-968
-7687
-342
-448
-6604
-293
-315
-3695
104
-263
-2464
119
359
-1910
176
850
-799
153
855
-1144
-141
1233
-2164
-547
896
-4019
-1382
1305
-8672
-2778
1249
-10375
-2886
-43
-6395
-2861
-799
-5235
-2753
-1136
-2576
-1927
-1315
-1282
-1562
-897
-534
-1202
-864
-113
-1069
-1109
-609
-1227
-1330
-731
-978
-1949
-2166
-1248
-3231
-6834
-2380
-565
-12093
-2039
1024
-10150
-1651
342
-5927
-1215
248
-3105
-424
186
-2004
-246
137
-1254
-121
539
-344
166
675
-620
-81
1535
-1604
-496
1703
-4633
-975
1879
-10280
-2432
1527
-11642
-2443
510
-6023
-1827
-1016
-3524
-1825
-1451
-1977
-1364
-1617
-243
-834
-1657
-221
-874
-3424
-114
-832
-1583
-378
-660
-1965
-2735
-997
-3663
-8307
-1349
-1097
-15250
-935
565
-9682
-444
-79
-4006
-620
158
-3056
-358
24
-1315
-81
-102
-633
3
48
-244
-9
158
-743
-113
774
-2031
-287
1027
-4447
-503
1089
-8932
-2142
1153
-11970
-2823
48
-5979
-2219
-817
-4619
-2194
-912
-3184
-1621
-1254
-614
-1276
-1459
-287
-3576
-1250
-289
-1755
-1569
-811
-1635
-1755
-2068
-1311
-2893
-4073
-1522
-2907
-10394
-2012
-581
-11304
-1192
-696
-7444
-1351
184
-5549
-847
245
-2770
-223
-26
-1835
-74
356
-937
52
651
-343
49
618
-1041
-200
722
-1637
-449
814
-5486
-1124
2011
-12770
-2606
794
-10603
-1993
-555
-3534
-1652
-1169
-3241
-1827
-968
-1703
-1296
-1148
-332
-1101
-884
-1232
-1279
-920
-522
-839
-1218
-978
-774
-1955
-3738
-1110
-3060
-10341
-1458
518
-14413
-711
183
-7262
-2256
-85
-4192
-199
47
-2566
62
-138
-706
105
313
-758
51
885
-470
-36
1109
-682
-78
1601
-1823
-317
2316
-6432
-1478
2773
-14926
-3122
1336
-8995
-2250
-15
-3759
-2354
-642
-3902
-2026
-1181
-1108
-1338
-1618
51
-1377
-1542
-530
-1562
-1430
-162
-1189
-1580
-953
-1185
-1963
-2701
-1389
-2551
-8076
-2289
-692
-13067
-2017
-343
-8869
-1339
-88
-5810
-881
207
-3769
-301
470
-1415
68
831
-750
173
1421
-405
104
1155
157
-57
1327
-1476
-557
1069
-7536
-1769
2252
-15428
-2438
762
-8648
-1399
-759
-3820
-1988
-1256
-2818
-1752
-1832
-120
-1158
-1816
258
-1112
-1307
129
-902
-1297
-69
-811
-1500
-2105
-1262
-2426
-5709
-1863
-2417
-12747
-2442
742
-12551
-1021
384
-6299
-522
159
-5053
-437
151
-2077
74
268
-891
89
905
-494
71
1199
-68
11
1700
-991
-512
2402
-2919
-1235
1005
-8361
-3352
73
-12871
-3935
-418
-7314
-2887
-1141
-3928
-2277
-1254
-1754
-1312
-1890
-120
-920
-1733
159
-940
-1198
528
-776
-1271
37
-762
-1797
-1502
-1107
-3374
-6726
-2313
-1283
-14178
-2366
-197
-10245
-1452
-133
-5576
-1100
1
-4134
-396
-261
-1568
-172
223
-1111
-325
978
-579
-341
857
-358
-2504
1389
-920
-369
1516
-2975
-879
1841
-9482
-2805
1076
-13419
-2619
-93
-6807
-2035
-1212
-4423
-1877
-1497
-2161
-979
-2192
-715
-755
-2525
-161
-831
-2241
216
-899
-1849
-1264
-1097
-1435
-2429
-1050
-2585
-6267
-1715
-620
-12152
-2009
342
-9999
-1170
-102
-5869
-2936
183
-4803
-486
30
-2557
84
185
-1440
204
362
-1092
79
523
-654
-58
682
-1163
-519
937
-3153
-1135
1381
-8033
-2504
1993
-11611
-2874
483
-5957
-2024
-1077
-3902
-2340
-1459
-3404
-4008
-1577
-1118
-1245
-1626
-1154
-1478
-1198
-1257
-1313
-1384
-804
-806
-2058
-2712
-728
-4048
-5760
-1384
-2251
-11643
-1263
391
-10067
-163
-529
-5925
-500
-635
-5238
-476
-455
-2388
180
-131
-1607
292
268
-1314
356
294
-804
175
-56
-1659
-214
487
-2608
-639
843
-5087
-1164
2070
-11562
-2304
1851
-10201
-1681
-12
-4566
-1679
-1182
-4890
-2235
-1309
-2655
-1558
-1579
-907
-1283
-1345
-1945
-1854
-1212
-653
-1403
-1362
-2112
-1233
-1506
-1466
-1411
-2547
-3970
-3552
-2314
-11372
-2238
318
-12189
-1030
-243
-5662
-693
-141
-5188
-692
119
-2485
-59
160
-935
56
672
-754
70
1350
98
244
1481
-624
235
1649
-3746
-757
1783
-8502
-1798
878
-11945
-2877
261
-8256
-2746
-469
-4537
-2178
-1154
-2360
-1518
-1608
-1099
-3328
-1653
-291
-1212
-1296
35
-1197
-1295
-665
-1311
-1644
-2026
-1219
-2965
-5787
-1816
-2445
-11618
-2200
-915
-10204
-1464
-548
-6542
-1349
-78
-4176
-838
-116
-1666
-433
146
-1056
-285
1024
-473
60
1375
-207
238
1438
-1211
-39
1272
-3734
-823
808
-9763
-2551
659
-12147
-2762
-262
-6302
-2229
-1288
-3956
-1934
-1292
-2114
-1236
-1841
-484
-1126
-1823
-535
-1350
-1506
-392
-1188
-1532
-693
-985
-1799
-1920
-778
-3160
-6277
-986
-1484
-12720
-712
-120
-10307
-338
-531
-6165
-596
-358
-4423
-401
-297
-2560
-217
-4
-1666
-81
605
-660
91
736
-207
148
1175
-1283
-234
1507
-4070
-1062
1662
-10983
-2656
1167
-11665
-2403
-247
-4168
-1860
-1425
-3610
-1885
-1450
-2307
-1210
-1646
-854
-1135
-1374
-1355
-1279
-1329
-430
-1065
-1606
-541
-1030
-2155
-2290
-1089
-3283
-8026
-1410
-492
-13834
-792
-179
-8510
-463
-83
-5562
-578
161
-3384
-68
310
-1260
220
642
-1199
217
1202
-853
159
1391
-1025
30
2025
-2739
-414
1656
-6909
-1768
1449
-12170
-2998
464
-8188
-2513
-662
-4320
-2557
-1136
-3410
-2221
-1465
-1111
-1424
-1877
-346
-1271
-1813
-671
-1401
-1411
-78
-846
-1692
-998
-837
-2683
-4640
-1308
-3782
-11920
-1474
416
-13972
-605
1279
-7343
56
592
-4777
-326
350
-3588
-249
599
-1583
135
137
-933
-151
-75
-820
-403
-450
-1287
-920
-712
-2945
-1708
-778
-6236
-2322
1387
-9051
-3464
1855
-7088
-3684
1078
-3244
-3202
