770
3690
-1449
768
3727
-1432
776
3781
-1437
795
3780
-1441
798
3729
-1440
780
3693
-1441
755
3682
-1448
756
3718
-1433
764
3768
-1426
781
3780
-1420
791
3736
-1405
804
3714
-1385
808
3726
-1368
762
3738
-1369
719
3756
-1370
743
3791
-1368
791
3782
-1359
828
3722
-1349
855
3705
-1355
850
3705
-1360
839
3739
-1365
820
3762
-1357
807
3779
-1350
791
3776
-1351
771
3735
-1345
784
3722
-1340
817
3746
-1347
804
3761
-1347
799
3783
-1368
804
3776
-1395
814
3787
-1420
807
3746
-1442
764
3658
-1467
734
3607
-1513
769
3648
-1581
862
3720
-1651
943
3668
-1687
1072
3580
-1660
1135
3480
-1578
1148
3408
-1477
1016
3415
-1379
814
3413
-1298
656
3504
-1244
357
3540
-1244
4
3576
-1353
-409
3637
-1536
-526
4145
-1636
270
6053
-1702
1305
7290
-1848
1558
6206
-1498
1408
4332
-1237
1536
2887
-680
1531
1600
-6
1261
925
132
1523
1112
1
2133
1856
-618
2117
1890
-1750
1998
6685
-2810
1775
8128
-3246
750
6017
-2677
-284
3789
-1710
-731
2798
-1025
-1191
1975
-697
-1496
1426
-867
-1694
1655
-1117
-1284
3010
-1762
-1053
4944
-2516
1811
9781
-1964
1766
7823
-1409
1290
4547
-1035
1354
2284
-626
1258
1241
-246
1298
825
-158
1384
994
-445
1672
1533
-3096
1980
1594
-2263
2702
6949
-3197
2645
8460
-3763
1187
5783
-2566
-158
4011
-1565
-822
2994
-878
-1190
2068
-473
-1315
1533
-605
-1281
1523
-1018
-814
2558
-1718
-1134
4126
-2315
1017
9388
-2250
1882
8542
-1783
1094
5647
-1388
878
2835
-1020
760
1347
-575
781
735
-101
1204
889
-92
1661
1455
-319
2366
2549
-1134
2380
5582
-2093
3036
8098
-2682
2261
8191
-2758
983
5366
-1880
-429
3714
-1199
-1267
2689
-877
-1641
2135
-746
-1628
1652
-895
-1497
1863
-1131
-767
3249
-1592
-516
7123
-2027
1762
8824
-1781
1803
7865
-1037
1389
5575
-759
1033
3264
-453
828
2021
-213
1011
1306
35
1274
944
-80
1892
1274
-669
2404
1250
-1755
2715
5779
-2570
2172
7239
-2890
2003
6969
-2572
649
4968
-1878
-550
3531
-1284
-1096
2159
-860
-1629
1366
-679
-1899
1273
-812
-1912
2660
-933
-2214
4212
-1237
-455
9469
-1350
854
9017
-1010
1098
4709
-901
1346
3648
-750
1552
1530
-280
1579
537
-113
1449
432
-186
1767
1100
-594
2246
2597
-1567
2340
6135
-2797
1929
7873
-3502
1065
7402
-3235
-207
5467
-2200
-1157
3563
-1480
-1370
2358
-951
-1560
1768
-860
-1788
1576
-845
-1615
2139
-842
-1324
3624
-1059
-1352
5782
-1176
414
10094
-998
1661
9034
-924
1549
5870
-713
1573
3290
-349
1564
1416
124
1290
522
208
1146
464
48
1417
1101
-308
1930
2470
-1114
1953
6888
-2334
2189
8611
-3117
1439
7315
-3159
535
5835
-2278
-509
3595
-1617
-1226
2202
-936
-1460
1690
-803
-1660
1361
-748
-1641
1977
-772
-1235
3934
-1238
-1327
8150
-1521
-419
8651
-1125
76
8001
-886
753
5659
-722
1303
3249
-557
1619
1972
-217
1456
1275
-56
1590
1235
-14
1782
1712
-316
1986
3684
-1502
1720
6477
-2715
734
7238
-3233
794
6678
-2565
363
5246
-1951
-816
3270
-1427
-1468
1999
-1020
-1845
1602
-836
-2087
1741
-798
-1962
2913
-644
-1955
5964
-700
-1125
8622
-1167
-384
7841
-1440
350
6698
-1102
1191
4790
-753
1302
2678
-369
860
1368
-47
904
947
184
1476
1034
92
1942
2085
-623
1980
5270
-2029
2705
8122
-2984
1707
7906
-3329
798
5585
-2057
-373
3543
-1295
-1283
2710
-1036
-1903
2014
-770
-2005
1474
-794
-1921
1789
-916
-1419
3011
-1153
-1662
5916
-1645
-1489
9020
-1725
127
9833
-1250
1024
5056
-1078
1206
4044
-951
1537
2297
-367
1381
1042
-90
1372
822
71
1673
1245
99
2241
2388
-742
2207
5656
-2109
2166
7600
-3544
1243
7722
-3491
357
6180
-2439
-1041
4210
-1650
-1854
2657
-1006
-1960
1846
-793
-1854
1340
-781
-1772
1527
-985
-1438
3272
-1423
-1802
5027
-1687
-759
9399
-1362
1077
9316
-1110
1855
5781
-978
1734
3157
-940
1664
1832
-596
1361
798
-405
1330
860
-165
1978
1457
-141
2266
1570
-1174
2697
6731
-2024
2109
7916
-2584
1327
7107
-1931
69
5759
-1494
-1312
4036
-1077
-1645
2280
-928
-1865
1073
-1022
-2041
856
-1049
-1855
1596
-1075
-1807
4223
-1235
-1027
9597
-1942
1402
10303
-1616
1256
5653
-1290
996
4275
-733
1177
2066
-30
1138
920
322
1219
358
345
1638
586
218
2797
1327
-507
2748
4937
-1917
3783
8593
-2533
2751
8495
-3149
1133
5755
-2212
-137
3742
-1550
-930
2786
-1229
-1401
1853
-964
-1688
1045
-854
-1795
1491
-894
-1946
2046
-1120
-1018
8361
-1639
-79
9255
-1609
1205
8905
-1155
2319
5812
-542
2267
3122
-241
1975
1432
202
1551
326
501
1802
340
458
2487
1002
-2288
2645
1800
-1962
2620
7348
-2912
2348
8882
-3628
1250
4559
-2713
-490
3905
-1710
-1508
2739
-1278
-1780
1878
-953
-2056
1357
-799
-2112
1712
-733
-1652
3463
-800
-1483
5874
-1326
533
10146
-1374
1507
9062
-742
2154
4556
-431
1810
3692
-376
1317
1775
-83
1129
776
181
1424
462
407
2073
905
75
2710
2436
-1209
3158
4256
-2111
3063
9065
-2823
1418
7873
-2684
-238
5562
-1764
-1626
3496
-1310
-1722
2315
-953
-1587
1477
-766
-1630
1249
-775
-1679
2215
-909
-2033
4479
-1102
-1501
9177
-1392
1064
11147
-1113
2042
9147
-468
1827
5347
-98
1552
2377
342
1130
702
572
1016
13
696
1264
-26
814
2255
920
60
2668
1845
-1533
3902
8606
-3070
3141
9923
-4114
1453
5105
-3094
-44
4518
-1997
-1290
2914
-1189
-1553
2088
-723
-1722
1141
-489
-1962
999
-259
-1727
2083
-421
-1197
4567
-943
-833
10333
-1650
1526
11305
-1336
1820
6111
-987
1324
4765
-745
1462
2283
-363
1173
504
88
892
-303
285
1512
-50
261
2275
1146
-472
2463
4856
-1794
2711
8145
-2907
1549
8978
-3387
780
6694
-2167
-276
4723
-1382
-964
3111
-905
-1328
1686
-582
-1504
1162
-524
-1631
1466
-666
-1526
2662
-774
-1528
4441
-1059
-332
10648
-852
1354
10080
-704
1874
5244
-450
2021
3806
-197
1850
1422
24
1384
208
249
1547
292
43
2152
1123
-63
2548
2661
-754
2391
5626
-1707
3221
8260
-2263
2017
8464
-2628
720
6137
-1727
-753
3817
-1141
-1468
2569
-702
-1532
2045
-753
-1980
1583
-932
-2114
1909
-1155
-1693
3887
-1176
-791
6042
-1135
1713
10313
-600
2818
8905
-439
2624
5410
-398
2048
2476
-324
1401
1080
-314
1238
422
-134
1628
660
-23
2316
1348
-446
2348
4096
-1504
3149
7634
-1953
2449
8721
-2503
1334
7336
-1622
420
4720
-1075
-626
3136
-782
-1256
2157
-635
-1925
1607
-765
-2312
1745
-969
-1983
3101
-1259
-1737
4824
-1141
-314
10260
-756
1739
10196
-418
2788
5031
-301
2227
3349
-239
1853
1388
-18
1472
237
259
1413
278
386
2171
1015
261
2675
2464
-563
2989
5946
-1285
3179
8810
-2254
2635
8841
-2445
1070
6385
-1802
-820
4435
-1492
-1694
2937
-982
-2007
1756
-760
-2261
1152
-715
-2302
1523
-788
-1899
1733
-1100
-1569
9247
-1257
214
11025
-953
1406
9736
-611
1934
5970
-332
1889
3111
80
1793
1297
516
1372
438
635
1418
521
705
2246
1175
511
2822
2621
-560
2195
4153
-60
2062
8544
-4066
1245
8916
-4292
250
6005
-2781
-1030
3266
-1282
-1678
2548
-525
-1881
1699
-129
-1875
1306
-171
-1597
2012
-235
-1011
3699
-693
-888
8225
-1097
755
9723
-1054
799
8788
-714
1213
6874
-377
1837
2031
-299
1463
1766
-38
1191
656
181
1342
497
222
2086
1014
14
2695
2376
-757
2848
5653
-1870
2655
7807
-2808
1441
8182
-2751
810
6389
-1931
-526
4088
-1545
-1085
2558
-1109
-1278
1656
-851
-1407
1482
-644
-1390
1778
-591
-1243
3135
-749
-1421
4900
-1065
-26
9683
-917
1007
9475
-691
1401
5200
-605
1690
4238
-472
1487
1948
-180
1027
721
57
888
503
125
1293
832
163
2162
2000
-444
2714
4633
-1809
3074
7855
-2679
2679
8423
-3212
1440
6570
-2321
-76
4414
-1527
-1345
3052
-1040
-1813
2161
-842
-2127
1588
-692
-2081
1760
-611
-1641
2994
-672
-1783
4277
-955
-487
9825
-912
642
9807
-690
1238
8131
-733
1717
4863
-586
1958
2296
-256
1780
1018
18
1586
412
81
1756
716
59
2323
1488
-458
2606
1696
-1607
3123
7426
-2593
2769
8848
-2928
1593
7069
-2153
100
5268
-1659
-1514
3498
-1313
-1982
2272
-984
-1792
1880
-997
-1460
1878
-1063
-857
3079
-1069
-1132
4303
-1371
103
10180
-1457
1110
9500
-867
1755
5117
-315
1890
4419
-226
1737
2123
104
1457
676
417
1458
138
469
1716
402
573
2186
1557
-110
2289
5162
-1490
3090
8693
-2616
2042
9105
-2687
991
4907
-1733
-485
4592
-1254
-1226
3057
-878
-1456
2136
-823
-1741
1125
-689
-1806
1361
-662
-1480
3172
-901
-1909
4979
-1103
-377
10090
-848
1388
10064
-212
1718
4701
-365
1870
3621
-214
1704
1575
45
1212
524
149
1151
378
394
1840
893
321
2353
2294
-485
2930
5686
-1383
3550
8905
-2536
2707
8874
-2302
1087
4146
-1821
-1036
4068
-1447
-1934
2506
-988
-1966
1521
-846
-1921
1038
-860
-1651
1672
-1063
-1233
3478
-1343
-1541
8642
-1464
317
10659
-862
1104
9740
-525
1553
5708
-416
1698
2818
-328
1762
836
82
1239
-1
177
1213
390
191
1780
1252
-40
2210
2886
-960
2793
4582
-1515
2836
8875
-2400
1657
8197
-2269
608
6205
-1587
-882
4130
-1235
-3592
2485
-807
-1720
1572
-619
-1822
1272
-675
-1930
1888
-841
-1730
4513
-1163
-1120
8959
-1273
397
9883
-838
1111
8959
-430
1447
5886
-436
1477
2960
-227
1240
1078
83
1024
282
195
1140
322
232
1645
956
-28
1715
2481
-1033
2843
4525
-1908
3735
9017
-2949
2571
7908
-2673
1381
5802
-1959
-272
3529
-1449
-1358
2186
-893
-1689
1374
-645
-1917
1173
-492
-1931
1967
-522
-1646
3840
-1082
-822
8433
-1518
1620
10006
-1394
2089
9166
-916
1942
4293
-607
1634
3316
-196
1075
1578
114
912
560
317
954
232
425
1613
682
240
2289
2108
-946
3228
5974
-1920
3670
8458
-3041
2801
7473
-2623
1687
5749
-1617
-124
4007
-1222
-1257
2710
-773
-1746
1717
-641
-2124
1302
-602
-1958
2064
-545
-1369
4889
-727
-193
8334
-927
325
8668
-738
983
8413
-117
1460
6501
-165
1454
1823
8
1379
1800
290
1225
563
338
1358
244
464
2117
628
-29
2960
920
-1141
4595
7104
-1885
3872
9269
-2717
2095
7208
-1950
248
4913
-1294
-1210
3450
-886
-1568
2280
-525
-1732
1414
-461
-1699
1273
-468
-1472
2509
-463
-1254
6078
-532
-67
9187
-489
405
9027
-229
1405
8050
124
2042
5325
-171
1906
3003
-112
1462
1194
-22
1102
396
25
1291
372
247
2060
1067
70
2303
1596
-969
3454
7951
-2060
2914
9252
-3104
1560
7319
-2246
271
4776
-1543
-1147
3271
-992
-1668
2123
-607
-1818
1472
-492
-1739
1381
-472
-1314
2433
-596
-1207
5015
-600
-511
9139
-478
1210
9497
-211
1470
8103
-398
1396
4996
-515
1350
2441
-307
1236
1007
-36
1199
424
245
1517
527
530
2426
1167
501
2680
1286
-730
3334
7247
-1654
3240
9315
-2581
2123
8044
-2012
894
4960
-1215
-625
3284
-946
-1317
2561
-645
-1673
1894
-558
-1921
1607
-548
-1707
2483
-578
-1072
6052
-715
632
9106
-702
1544
9314
-309
2552
7618
-38
2345
4336
-297
1896
2283
-175
1599
1027
93
1571
581
202
2355
745
355
3164
1712
-162
3195
4910
-1106
2946
7379
-1776
2210
8881
-2075
1226
7347
-1378
-189
4776
-967
-988
2965
-648
-1381
1591
-529
-1677
997
-629
-1726
1217
-756
-1397
2552
-995
-3392
4406
-1023
567
9194
-636
1668
8994
-337
1934
7076
-172
1797
3781
-172
1333
1951
-162
1127
1044
90
1274
760
227
1845
937
71
2811
1984
-355
3429
5404
-768
3734
8262
-1039
2472
8267
-1330
1006
6017
-785
-259
4147
-735
-1104
2743
-683
-1618
1778
-508
-1945
1264
-543
-1875
1826
-692
-1599
3600
-767
-1042
7836
-705
534
9308
-352
1176
8931
40
1531
4749
84
1491
3725
52
1159
1920
156
1112
781
286
1106
330
311
1600
704
182
2400
2022
-451
2995
5262
-1056
3142
7947
-1710
2906
8418
-1964
1655
4192
-1400
-36
4151
-1088
-948
2920
-852
-1486
2012
-683
-1864
1607
-644
-1831
1868
-570
-1599
3448
-532
-1163
6066
-554
1202
10180
-191
1814
9170
-37
1846
4339
-89
1703
3370
69
1434
1686
205
1360
668
291
1268
386
154
1637
1003
-2224
2265
2345
-785
2662
5431
-1639
2850
7874
-2303
2273
8327
-2184
1187
6635
-1504
-829
4604
-1299
-1828
3062
-1009
-1855
2011
-825
-1518
1370
-672
-1154
1821
-349
-639
2906
-454
-1120
6067
-883
511
10285
-611
1322
9312
-341
1135
4894
-436
1190
3986
-389
1275
1892
-10
1073
704
236
1183
324
318
1889
850
383
2450
2022
-350
2361
5109
-1697
2447
7948
-2866
2480
8945
-2890
1815
4630
-1902
139
4565
-1398
-1072
2907
-807
-1794
1754
-487
-2127
1320
-221
-1767
1415
-52
-1301
2933
-118
-1359
5206
-439
904
10516
-91
1592
9674
-5
1754
5201
-92
1651
4131
-147
1435
2303
-23
1385
737
227
1214
264
321
1456
549
344
2326
1649
-204
2676
4189
-1236
3348
7911
-1936
3005
9698
-2565
1713
7751
-1851
-431
4961
-1410
-1693
2940
-940
-1804
1877
-614
-1737
1241
-481
-1628
1192
-349
-1334
2144
-393
-1526
5236
-505
-738
10067
13
1058
10291
451
894
8619
331
1216
5536
214
1428
2983
278
1548
1184
533
1272
323
466
1245
233
335
1788
866
75
2127
2741
-766
3596
4758
-1274
3601
9128
-2285
2318
7986
-1805
1211
5583
-1412
-654
3892
-1200
-1354
2756
-776
-1554
2285
-566
-1566
1883
-570
-1143
2226
-496
-866
4225
-556
-513
8654
-275
1124
9415
234
1939
8978
497
2201
4124
166
1750
3138
2
1465
1217
141
1196
258
161
1301
127
272
2094
654
-15
2942
2390
-519
3836
6085
-844
4010
8638
-1173
3142
8394
-1075
1266
6290
-704
-888
4589
-585
-1476
2811
-516
-1439
1762
-786
-1510
1375
-873
-1358
2028
-945
-1001
4285
-1005
-488
8609
-711
1285
9892
146
2060
8905
787
1709
6097
356
1467
3234
319
1269
1380
278
1340
197
290
1698
69
496
2738
801
236
3170
1138
-432
3274
6818
-765
3080
9219
-1093
2472
7538
-650
586
5316
-581
-856
3642
-619
-1431
2287
-566
-1904
1504
-631
-1992
1488
-707
-1731
2507
-731
-1633
5782
-766
-82
9380
-198
1118
9484
400
1602
7775
348
1489
4484
47
1271
2346
104
1278
1035
298
1255
493
193
1752
682
269
2783
1510
-15
3120
4124
-621
3137
7162
-1132
2563
9033
-1522
1485
7700
-1218
-241
5444
-1096
-1268
3578
-872
-1535
2258
-737
-1615
1572
-737
-1710
1432
-782
-1674
2262
-756
-1445
5425
-604
193
9114
-150
2015
9386
167
2162
5269
129
1584
4651
-53
1472
2824
17
1303
1498
52
1008
806
39
1086
590
131
1907
943
-199
2750
2634
-1005
4016
6718
-1294
4189
8641
-2138
3018
7783
-1704
1373
5748
-1184
-512
3728
-1096
-1425
2437
-911
-1895
1682
-773
-1875
1401
-671
-1742
2250
-411
-1928
4067
-477
-1818
9483
-197
1067
10816
1
2193
9636
230
2495
5902
302
2401
2579
435
1748
702
631
1198
172
542
1364
393
372
2422
1339
-114
2950
1768
-1070
3583
7463
-1131
3338
9125
-1928
1886
7817
-1378
1067
5149
-733
-624
4002
-769
-1629
2709
-672
-1952
1836
-615
-1854
1722
-547
-1309
2624
-367
-1374
4497
-526
-590
9057
-34
1735
10133
1063
2213
8894
1303
2138
5543
1172
1713
3075
978
1633
1257
1016
1163
364
724
1339
136
1038
2118
521
979
2500
2423
-615
2875
5007
-1896
2939
9479
-2624
2236
8552
-2160
1214
6132
-1034
-324
3967
-448
-1223
2264
45
-1806
1574
-69
-2291
1305
-67
-2003
2157
-142
-1453
4721
-373
-664
9249
66
1238
9445
506
1382
8342
588
2086
5780
595
1999
3246
200
1625
1256
107
1376
366
65
1621
471
113
2181
973
-161
2396
2643
-962
2896
6560
-1426
3371
8380
-2027
2590
8167
-1414
1261
6506
-872
-680
4359
-703
-1586
2702
-513
-1900
1601
-545
-1883
1295
-456
-1636
1950
-511
-1317
4315
-252
-1019
9144
225
1015
10733
896
2001
9464
1154
1770
5646
679
2011
2659
562
1856
774
693
1575
75
588
1780
274
514
2549
1221
180
2837
1496
-727
3288
7181
-1419
2890
9329
-1925
2190
8307
-1095
783
5734
-677
-891
3614
-554
-1554
2194
-409
-1930
1398
-587
-2022
1451
-663
-1893
2429
-799
-1609
5147
-651
-494
8915
-89
1313
9903
518
2524
8373
1052
2873
5396
706
2984
2811
644
1837
993
379
1155
296
373
1607
159
665
2803
1181
436
3687
1873
-274
3839
7578
-834
3229
9409
-1300
2105
8016
-998
310
5188
-756
-1162
3246
-632
-3792
1830
-575
-2234
1001
-576
-2452
1249
-609
-2036
2714
-708
-1772
4919
-765
75
10305
-580
1365
10866
273
2267
6036
523
2743
4087
512
1926
1363
526
1328
114
585
1277
-356
666
1819
234
750
2793
1912
43
3832
5761
-664
4548
8822
-1362
3698
8867
-1321
1728
6718
-852
-835
5351
-741
-1974
3666
-744
-2078
1849
-828
-2247
991
-759
-2152
1154
-668
-1765
2766
-717
-1520
5710
-569
569
10581
109
1402
10403
483
1841
5050
260
1335
3484
50
1088
1843
91
1108
467
151
1045
71
220
1414
533
225
2181
1723
-393
2399
5139
-1074
3080
8187
-1342
2441
8404
-1952
1651
6218
-1329
616
4316
-1156
-520
3248
-1029
-1341
2317
-822
-2064
1554
-680
-2010
1601
-464
-1545
3125
-344
-1624
5811
-239
1074
10808
479
1933
9770
788
2035
4720
621
1964
3452
209
1656
1276
282
1259
228
417
1074
204
202
1476
832
144
2106
2224
-634
2668
5239
-1484
3397
7812
-1973
2601
8609
-2184
1827
6824
-1478
205
4602
-1220
-868
3081
-920
-1110
2154
-671
-1396
1720
-521
-1510
1518
-372
-1262
2677
-343
-1274
5949
-474
-152
9611
115
1248
10002
584
1940
8336
774
2097
4997
392
1861
2402
299
1448
826
260
1068
177
70
1087
447
85
1831
1564
-225
2123
1644
-1239
2399
7256
-1946
2140
8426
-2323
1429
8189
-2146
458
5581
-1495
-814
3346
-1214
-1160
2041
-998
-1504
1508
-783
-1972
1452
-544
-1749
2169
-343
-1535
4973
-437
-274
9344
-303
1559
9543
97
1582
8559
207
1951
5653
114
1683
2878
7
1259
1257
212
996
503
198
1063
444
263
1623
1196
96
2327
2882
-736
3285
4520
-1538
3795
8736
-2130
2446
8324
-1989
897
6424
-1112
-1015
4409
-633
-1514
2597
-275
-1439
1464
-269
-1535
706
-377
-1596
1095
-522
-1290
2948
-268
-1661
5250
-597
-414
10505
-402
909
10335
160
1501
5721
240
1594
3904
43
1148
1478
188
958
459
379
1090
120
453
1613
395
446
2648
1705
-73
3137
4832
-891
4246
8326
-1154
3291
9380
-1582
1797
7390
-945
359
5377
-731
-1113
3635
-646
-1661
2006
-590
-1907
1028
-754
-1914
1106
-837
-1478
2253
-946
-1682
5285
-1068
-455
10315
-539
1880
11302
141
1949
8500
388
1979
4411
263
1704
2110
254
1307
774
238
1328
89
203
1659
271
239
2429
1327
-144
2735
1534
-764
3397
7625
-1166
2910
9945
-1817
1343
8026
-1587
-87
5046
-1426
-1075
3197
-1225
-1350
2142
-1077
-1618
1385
-876
-1813
1249
-734
-1686
2331
-886
-1826
4286
-933
41
9825
-513
1299
10197
-162
1609
5951
-161
1870
4421
-235
2174
1894
18
1763
489
219
1684
20
269
1999
569
226
2680
1925
-341
3326
5167
-1114
3043
7509
-1638
2504
8943
-1646
1641
7357
-1232
-245
4739
-1127
-1240
3209
-1012
-1505
2069
-882
-1688
1441
-886
-1724
1626
-803
-1335
3573
-821
-1264
7476
-587
558
9296
-94
1113
8743
584
1762
7112
539
1747
4174
245
995
2089
199
743
897
77
823
425
137
1341
552
218
2533
1708
-250
3304
4669
-971
4212
7650
-1572
3226
8655
-2172
1746
6966
-1069
-207
4956
-844
-1444
3200
-484
-1629
2198
-361
-1722
1435
-464
-1610
1385
-524
-1236
2700
-537
-1296
5202
-733
-953
9560
-59
1229
10422
432
1638
8746
644
1586
5565
422
1424
2731
396
1165
899
400
973
173
280
1207
236
280
2178
1058
-112
2665
1241
-818
3534
6736
-1269
3293
8463
-1943
2578
7601
-1045
660
5919
-691
-1148
4244
-652
-1604
2704
-600
-1776
1894
-665
-1792
1701
-589
-1388
2483
-374
-1037
4599
-257
-681
9203
335
1258
10039
947
2018
8778
1162
2256
5493
783
1675
2615
559
1022
1140
391
876
420
189
1021
471
134
1923
1223
-221
2407
3099
-967
3619
6858
-1248
3347
8475
-2024
2142
7409
-1264
791
5749
-946
-673
4275
-911
-1036
2853
-659
-1161
1870
-688
-1456
1364
-576
-1399
1999
-383
-1094
4343
-208
-1263
9206
386
813
9717
760
1522
8895
634
1589
6097
417
1810
3086
394
1413
1158
310
1250
325
375
1494
229
470
2340
788
336
2697
2133
-486
2682
4340
-1386
3347
8507
-2015
2693
7894
-1823
2095
6274
-790
348
5011
-694
-1022
3215
-461
-1540
1846
-607
-1700
1463
-587
-1605
2015
-387
-1123
3818
-235
-919
5686
-61
640
9758
379
2023
9834
531
2381
5008
156
1839
3647
36
1547
1688
289
1347
585
412
1332
241
503
1887
658
383
2692
1820
-249
2953
5367
-529
3514
8173
-683
2384
8952
-1294
1383
4753
-917
95
4164
-874
-694
2928
-837
-894
2091
-738
-1415
1562
-763
-1713
1820
-825
-1525
2959
-861
-1613
4542
-664
325
9683
-85
1913
10129
210
2173
5651
254
2155
4058
125
1540
1929
6
1218
753
279
1130
249
275
1639
478
364
2397
1529
-102
2523
4491
-767
3523
7945
-1135
3060
8687
-1800
2219
7015
-960
518
4881
-679
-967
3453
-677
-1487
2069
-604
-2269
1065
-677
-2506
1274
-947
-2259
2544
-1250
-2269
4166
-1507
94
10226
-759
2267
10576
38
2000
5796
320
2090
4574
286
1705
2184
307
1287
804
333
1132
150
382
1520
383
325
2660
1723
-313
3480
4758
-3256
3317
7031
-2011
3249
8652
-1816
2015
7340
-1115
-239
5191
-838
-1400
3668
-840
-1756
2277
-759
-1879
1286
-704
-1844
1529
-785
-1459
2929
-638
-1011
4713
-262
743
9377
156
1130
9102
667
1268
7506
702
1367
4609
461
1250
2231
524
1159
738
597
1137
162
418
1639
628
216
2547
1740
-569
2790
4946
-1264
3757
7692
-1493
2486
8210
-2068
1693
6654
-1029
516
4731
-582
-869
3406
-508
-1456
2218
-281
-1813
1537
-261
-1955
1456
-248
-1767
2711
-135
-1566
4137
-248
160
9636
-150
1466
9828
235
1726
8445
560
1932
5340
477
1679
2310
580
1220
613
644
1072
-20
665
1575
220
701
2876
1358
99
3956
4504
-984
4848
7657
-1662
3019
9263
-1955
1184
7421
-1015
-301
4828
-713
-1051
3288
-581
-1006
2567
-626
-1286
1843
-622
-1291
1880
-400
-805
3394
-356
-850
4523
-120
277
8899
638
812
9460
1049
1473
7578
1113
1539
4528
548
1596
2066
452
1432
769
406
1374
295
204
1597
494
188
2658
1613
-351
3393
4522
-860
3954
7534
-1165
3005
9146
-1496
1763
7484
-941
181
5079
-901
-1240
3539
-904
-1622
2363
-821
-1899
1761
-841
-1974
1805
-672
-1762
3113
-381
-1581
4949
-84
731
10423
643
2011
9699
1112
1539
4962
710
1590
3963
684
1547
1633
654
1357
493
564
1305
270
396
1935
562
363
2949
1577
-264
3317
5216
-1038
4040
8184
-1369
2836
8899
-1517
1637
4692
-759
165
4642
-690
-988
3417
-687
-1553
2406
-608
-2147
2020
-760
-2124
1917
-613
-1508
3169
-485
-1199
4869
-200
668
9557
358
2180
9498
777
2531
4831
568
1847
3843
315
1528
2027
423
1295
819
483
1455
502
601
2222
996
741
3095
2157
276
3307
4431
-421
3405
7136
-464
3324
9023
-943
1654
7425
-773
-525
4518
-646
-1669
3012
-715
-1888
1882
-549
-1938
1358
-541
-1789
1818
-386
-1604
3066
-469
-2019
4592
-449
8
10905
388
1939
10561
769
2476
4611
227
2004
3395
55
1863
1449
313
1276
510
275
1234
410
401
1790
1040
346
2719
2100
-188
3272
5199
-924
2850
7078
-1634
2494
8728
-1183
1921
7702
-732
-231
5213
-644
-1234
3109
-464
-1621
1875
-442
-2037
1306
-460
-1960
1484
-420
-1228
3237
-316
-1377
4738
-585
-90
9605
-77
876
9700
441
1623
7741
726
2183
4437
602
1533
1854
549
1233
598
656
1177
240
570
1607
775
454
2650
1809
-65
3157
4546
-2720
3260
7319
-1272
2414
8677
-1446
1521
6808
-776
310
4994
-797
-821
3602
-659
-1407
2279
-362
-1484
1733
-345
-1569
1902
-314
-1478
3111
-190
-1830
4330
-41
-14
10288
611
1813
9636
996
1726
5073
804
1910
4302
517
1796
1691
483
1523
378
613
1616
204
546
2258
913
210
2754
2406
-567
2970
5635
-1146
2721
7445
-1554
1431
8334
-1519
698
6530
-967
-523
4209
-905
-966
3095
-662
-1169
2442
-579
-1392
1752
-570
-1340
2032
-408
-976
3813
-119
-1071
7504
219
859
9051
716
1234
8819
940
1712
4714
916
1638
3962
595
1171
1836
742
960
681
621
1052
355
413
1768
809
286
2864
2409
-550
3434
5738
-1263
3274
7674
-1865
2382
8450
-1784
1558
4247
-1075
66
4280
-849
-893
3082
-562
-1359
2269
-412
-1578
1865
-427
-1452
1782
-397
-909
3154
-458
-660
4181
-403
630
8717
202
1148
8751
585
1535
7303
690
1635
4597
398
1198
2390
405
986
1007
358
1198
582
367
2109
749
203
2960
1774
-493
3515
4641
-1111
3967
7495
-1630
2526
8392
-1727
1334
6423
-1227
119
4490
-1000
-711
3244
-761
-898
2145
-519
-1322
1503
-594
-1540
1582
-626
-1222
2960
-632
-1221
5059
-298
535
9344
372
1060
9545
660
1682
5341
548
1824
3896
306
1759
1879
530
1441
607
728
1617
430
654
2364
886
438
2967
2214
-281
3533
5320
-976
3374
7043
-1831
2713
8230
-1526
1983
6630
-755
162
4642
-555
-712
2859
-397
-1106
1659
-404
-1650
955
-628
-1887
1209
-758
-1623
2998
-859
-1485
7700
-461
972
9646
174
1544
9358
428
1660
4833
131
1726
3713
36
1525
1611
228
1314
456
383
1528
240
480
2429
944
491
3241
2793
-234
3498
6448
-549
2869
8352
-940
2219
8582
-648
1054
5838
-557
-595
3743
-675
-1429
2565
-597
-1608
1993
-706
-1731
1653
-740
-1385
2018
-695
-976
3813
-683
-928
7871
-261
782
8844
440
1331
8772
672
1718
6124
311
1453
3019
26
1189
1276
217
1044
549
171
1121
596
266
1953
1364
271
2446
2734
-303
3124
6200
-640
3615
7809
-1295
2474
7985
-1376
1810
6245
-860
622
4492
-625
-472
2900
-311
-1442
1516
-328
-2133
938
-334
-2191
1757
-414
-1811
3541
-383
-1613
4961
-265
446
9881
185
1633
9177
412
1652
7244
379
1977
4316
246
1449
1778
173
926
621
383
1071
262
357
1672
924
162
2369
2256
-565
2348
4955
-1767
3091
7395
-1951
2273
8341
-2179
1597
6678
-1093
658
4081
-570
-420
2592
-506
-1118
2138
-527
-1710
1660
-574
-2068
1886
-408
-1626
2703
-326
-1025
5081
-340
-384
9444
61
1945
9664
526
1750
8094
442
1697
5449
213
1683
2480
79
1253
826
204
1001
124
258
1426
102
16
2577
1458
-367
3080
4431
-784
3672
7712
-653
3027
8548
-1263
2069
6779
-729
662
4456
-825
-751
3291
-791
-1423
2414
-595
-1689
1860
-598
-1697
1838
-531
-1378
3030
-338
-1276
5571
-432
-235
9098
50
1167
9247
577
1375
7858
850
1615
4801
653
1418
2216
645
1199
703
694
1270
547
530
1926
1107
369
2612
2178
-337
3082
5048
-912
3341
7591
-1378
1911
8978
-1683
840
4595
-1141
-517
4056
-795
-1371
2631
-533
-1543
1887
-352
-1579
1776
-338
-1520
2235
-240
-1044
3797
-258
-929
7507
-233
742
9128
433
1252
9147
875
1732
4683
896
1829
3356
550
1541
1228
526
1147
384
439
1164
473
261
1736
1282
101
2483
2602
-632
2863
5770
-1011
2983
7822
-1355
1785
8345
-975
1268
6515
-633
66
4252
-759
-637
2833
-669
-1097
2116
-533
-1733
1838
-503
-1839
2155
-461
-1439
3347
-499
-951
7190
-258
854
8750
350
1664
8580
790
2237
6627
662
1899
2039
276
1612
2069
294
1371
904
248
1563
483
328
2233
914
366
2848
2207
-288
3278
5253
-528
2934
6935
-1019
2480
7617
-778
1744
5995
-503
266
4318
-666
-814
3263
-638
-1618
2616
-649
-2057
1945
-660
-1570
2265
-535
-1038
4148
-491
-391
7702
-210
929
8765
286
1471
8242
747
1915
4194
496
1546
3461
129
1077
1592
167
997
647
152
1288
468
217
2215
1195
246
2888
1154
-328
3517
6664
-476
3147
8136
-1087
1755
7562
-854
683
5521
-536
-396
3670
-709
-1100
2388
-721
-1705
1617
-752
-2014
1294
-712
-1685
2116
-570
-1365
4557
-570
-450
9115
-124
1535
9441
302
1572
8690
306
1986
5673
187
1730
2890
123
1290
1355
268
1189
526
237
1283
391
357
1978
838
318
2567
2635
-353
3531
6077
-594
3185
8398
-1425
2065
8093
-1140
1179
5925
-1053
-133
4078
-1112
-912
2798
-982
-1445
2001
-875
-1767
1603
-743
-1564
2136
-584
-1013
3596
-467
-1068
4880
-230
1242
9445
463
1748
9073
544
1193
4637
247
1173
3898
113
998
1864
362
972
522
499
1160
271
528
1923
973
560
2568
2231
-30
3226
4838
-609
3603
6641
-1280
3143
8465
-1593
2419
6925
-1257
662
4849
-1093
-964
3592
-763
-1764
2066
-585
-2039
1458
-480
-1831
1662
-294
-1310
2881
-178
-1333
5526
-288
-352
8624
-48
1043
10098
651
1849
9149
978
1968
5520
527
1585
2677
411
1304
1076
481
995
320
394
1289
220
525
2153
1272
175
2303
1925
-800
2791
6396
-1690
2545
8012
-1989
2077
7152
-1196
1171
5153
-1012
-179
3721
-919
-519
3128
-737
-1202
2347
-752
-1845
1816
-637
-1761
2661
-360
-1486
5252
-201
-362
8727
279
823
9003
672
1267
8179
797
1493
5834
486
1513
3062
447
1410
1336
631
1304
362
627
1306
346
533
2099
1210
254
2780
1587
-723
3778
6651
-1309
2707
8159
-2035
2013
7519
-1201
1071
5321
-818
-210
3934
-678
-691
2938
-452
-1283
2186
-575
-1706
1693
-770
-1492
2205
-601
-1124
4499
-330
-465
8368
206
962
8528
610
1519
8071
823
1754
6141
553
1484
3677
388
1066
1906
430
1003
710
471
1117
376
501
1774
770
357
2829
2001
-282
3828
5698
-467
4115
8613
-1289
2689
8368
-1466
1659
5556
-858
254
4005
-915
-821
3039
-744
-1369
1933
-559
-3896
1719
-439
-1725
1930
-210
-1133
3435
18
-1102
4186
9
-290
8982
128
995
9760
356
1952
8051
353
1798
4631
97
1429
2161
89
1356
761
201
1449
334
300
1882
585
279
2635
1430
-119
3196
4359
-290
3874
7365
-271
2879
8310
-929
1725
6691
-74
470
5093
-144
-1195
4002
-347
-1828
2667
-549
-1859
1993
-934
-1543
2021
-1001
-1236
3095
-927
-1208
4589
-471
633
9534
279
2081
9585
620
1862
4952
322
1671
4262
214
1656
1883
333
1234
829
289
1167
445
405
1694
725
357
2630
1705
-90
3274
4346
-758
3547
7183
-826
2570
8701
-942
1537
7337
-598
177
4891
-600
-1239
3341
-738
-2014
2282
-833
-2406
1723
-927
-2222
1971
-869
-1628
3147
-615
-1065
5047
-180
860
9760
261
1815
9031
872
2085
7227
727
1929
4482
474
1461
2129
377
1179
724
315
1095
311
140
1589
382
-188
2579
1550
-623
3264
4345
-828
3780
6862
-860
2838
8776
-1016
1910
6969
-650
304
5170
-840
-735
3817
-855
-1105
2660
-717
-1601
2050
-728
-1850
1638
-564
-1527
2489
-400
-1518
5551
-61
355
9304
465
1709
9381
914
1723
8314
1145
1782
5514
832
1622
2947
732
1498
895
675
1078
174
363
1360
430
265
2347
1311
-46
2701
3221
-745
3353
6114
-897
3212
8287
-1331
2230
7693
-847
1084
5645
-667
-409
4232
-847
-1050
2822
-800
-1333
1962
-704
-1458
1628
-452
-1346
2183
-114
-1259
4060
-9
-897
8341
425
1050
9757
875
1779
9322
1135
1543
4429
541
1392
3644
414
1357
1442
564
1184
384
480
1228
322
457
2174
651
359
3093
2310
-360
3640
5924
-1139
3414
7871
-1632
2279
8953
-1615
1232
4710
-913
-347
4538
-826
-1311
3077
-680
-1773
1806
-620
-1921
1246
-523
-1644
1487
-355
-1347
2811
-230
-1669
4489
-181
9
10027
317
986
10491
863
1322
8299
877
1628
4970
569
1675
2493
609
1483
772
620
1104
-28
468
1269
100
524
1913
1078
258
2608
1363
-476
3271
7132
-643
3020
9238
-1321
2253
8416
-1055
1293
5868
-832
-548
4257
-833
-1521
2958
-723
-2076
1919
-571
-2092
1767
-431
-1560
2558
-112
-1215
4541
-47
-906
8799
444
1314
9339
1053
1493
8573
1037
1508
5960
702
1526
3245
463
1154
1930
395
1239
1021
322
908
725
102
691
1086
2
1215
1803
-114
1934
3096
-342
2853
6072
291
3724
6518
-273
2757
6786
-731
3254
5525
-34
2968
4408
-285
1642
4043
-384
