-3916
-2403
-1657
-3697
-2435
-1530
-3776
-2362
-1563
-3962
-2306
-1675
-4116
-2218
-1846
-4188
-2238
-1864
-4072
-2344
-1665
-3682
-2476
-1576
-3113
-2705
-1438
-2700
-2924
-1389
-2281
-3111
-1406
-1826
-3369
-1052
-1464
-3603
-825
-1064
-3782
-763
-802
-3827
-906
-286
-3834
-1111
112
-3973
-1759
392
-3575
-1708
547
-3404
-2048
376
-3371
-2124
747
-3170
-2315
479
-2883
-2889
667
-2743
-2707
526
-2610
-3107
446
-2408
-3055
730
-2067
-3549
1254
-1823
-3552
1885
-1598
-3817
2200
-1347
-4149
2554
-1256
-4139
2686
-1403
-4135
2345
-1499
-3800
1906
-1563
-3734
1715
-1800
-3488
1601
-2026
-3268
1267
-2178
-3121
1090
-2360
-2955
792
-2584
-2799
459
-2755
-2590
80
-2925
-2467
-202
-3018
-2403
-1036
-3339
-2223
-1844
-3510
-2298
-1866
-3161
-1880
-2072
-3388
-1635
-1759
-3511
-1670
-1898
-3503
-1537
-2267
-3448
-1460
-2227
-3439
-1353
-2083
-3420
-1232
-2990
-3322
-1069
-2917
-3221
-1136
-3172
-3108
-1221
-3511
-3053
-1242
-3247
-3075
-1315
-2991
-3093
-1451
-2784
-3158
-1543
-2774
-3200
-1640
-2755
-3199
-1785
-2603
-3268
-1519
-2666
-3381
-1150
-2221
-3366
-1423
-1731
-3480
-1238
-1435
-3321
-1490
-373
-3491
-2200
196
-3154
-2359
715
-3129
-2194
1005
-3121
-2357
637
-2958
-2264
1055
-2704
-2344
1299
-2385
-2879
1580
-2204
-2781
1950
-1887
-3230
1995
-1611
-3253
2609
-1332
-3620
3063
-1141
-3781
3334
-1376
-3407
2865
-1372
-3362
2890
-1372
-3296
2913
-1507
-3262
2744
-1505
-3165
2778
-1742
-3002
2554
-1880
-3046
2034
-1874
-2949
1677
-2105
-2754
1168
-2394
-2843
924
-2578
-2563
492
-2788
-2310
-88
-3036
-2156
-339
-3649
-2105
-1016
-2944
-1369
-1610
-3233
-1107
-1904
-3440
-887
-2421
-3180
-980
-3344
-2915
-1249
-3610
-2769
-1453
-4433
-2553
-1228
-4942
-2480
-1377
-4037
-2572
-1943
-3368
-2693
-1768
-3082
-2810
-1635
-2968
-2977
-1682
-3026
-3048
-1576
-2997
-3121
-1450
-2739
-3232
-1360
-2249
-3325
-1290
-1898
-3472
-1146
-1410
-3429
-1417
-759
-3462
-1535
29
-3454
-1822
777
-3705
-2066
1116
-3608
-1845
701
-3617
-2022
423
-3528
-1633
474
-3446
-1864
757
-3201
-1906
947
-2918
-2272
1156
-2573
-2665
1346
-2324
-2820
1402
-1972
-3218
1945
-1774
-3197
2491
-1412
-3730
3225
-1280
-3516
3219
-1378
-3337
3044
-1258
-3481
3282
-1495
-3300
2965
-1532
-3264
2682
-1547
-2993
2568
-1778
-2925
2200
-1927
-2954
1772
-2048
-2856
1442
-2258
-2820
1041
-2451
-2832
763
-2606
-2743
625
-2846
-2650
271
-2895
-2665
80
-2957
-2520
-298
-3403
-2497
-830
-3251
-2290
-1622
-2996
-2201
-1748
-3142
-2111
-1888
-3297
-1812
-2331
-3329
-1568
-2920
-3390
-1260
-3611
-3244
-1107
-3469
-3435
-913
-3268
-3349
-1039
-2641
-3328
-1416
-2315
-3412
-1705
-2291
-3362
-1871
-2158
-3412
-1878
-2140
-3489
-1655
-1952
-3502
-1493
-1505
-3512
-1527
-1070
-3524
-1611
-464
-3447
-1929
151
-3534
-2423
633
-3295
-2357
867
-3391
-2464
798
-3404
-2269
722
-3328
-2298
372
-3213
-2230
422
-2963
-2626
666
-2783
-2936
856
-2709
-2807
887
-2526
-2993
764
-2281
-3050
1106
-1936
-3599
1568
-1802
-3623
1746
-1748
-3438
1739
-1618
-3567
2006
-1521
-3572
2113
-1485
-3740
2136
-1218
-4225
2403
-1101
-4275
2375
-1209
-4369
2115
-1330
-3963
1795
-1601
-3586
1394
-1854
-3299
1041
-2202
-2922
466
-2648
-2378
81
-3084
-2225
113
-3192
-2294
201
-3345
-2080
244
-3519
-2044
-37
-3700
-1787
-843
-4056
-1518
-1053
-3697
-1363
-1582
-3803
-1031
-1501
-3943
-1399
-1471
-3839
-1545
-1418
-3874
-1469
-1416
-3919
-1520
-1456
-3899
-1475
-1550
-3902
-1309
-1553
-3918
-1316
-1591
-3924
-1288
-1747
-3890
-1303
-1854
-3819
-1403
-1869
-3829
-1264
-1701
-3767
-1399
-1296
-3732
-1533
-1050
-3671
-1559
-223
-3644
-2285
321
-3506
-2411
539
-3462
-2417
453
-3596
-2494
218
-3522
-2134
108
-3423
-2130
261
-3321
-2209
370
-3181
-2320
740
-2923
-2572
948
-2753
-2515
1188
-2504
-2848
1426
-2285
-2825
1501
-2032
-2939
1747
-1746
-3189
1854
-1584
-3121
2134
-1291
-3637
2351
-1086
-3453
2587
-882
-3739
2621
-826
-3733
2656
-797
-3695
2538
-756
-3762
2760
-769
-3700
2773
-816
-3706
2646
-942
-3539
2588
-1099
-3323
2564
-1294
-3098
2399
-1563
-3133
1819
-1718
-3139
1262
-1965
-3042
924
-2281
-2899
560
-2618
-2768
400
-2869
-2631
287
-3086
-2375
79
-3315
-2113
-627
-3834
-1990
-787
-3696
-1904
-1225
-3620
-1414
-1153
-3957
-1137
-1320
-4167
-767
-1471
-4212
-382
-1188
-4296
-450
-1169
-4237
-529
-833
-4173
-968
-848
-4074
-1340
-897
-4036
-1408
-1212
-4000
-1455
-1392
-3980
-1337
-1450
-4016
-1190
-1445
-3996
-1068
-1003
-3948
-1098
-578
-3926
-1272
96
-3899
-1831
328
-3617
-1716
384
-3448
-1994
391
-3338
-1985
684
-3065
-2219
1025
-2838
-2526
1091
-2606
-2594
1436
-2250
-3029
1639
-2067
-2866
1725
-1764
-3235
1847
-1568
-3250
2231
-1250
-3631
2661
-1030
-3710
2761
-939
-3596
2740
-867
-3813
2920
-900
-3697
2818
-941
-3682
2728
-997
-3543
2774
-1108
-3584
2657
-1279
-3319
2425
-1527
-3015
2148
-1839
-2921
1737
-2067
-2746
1294
-2271
-2653
861
-2537
-2681
774
-2744
-2628
673
-2947
-2600
486
-3041
-2478
174
-3176
-2208
-520
-3836
-2072
-1063
-3438
-1448
-1258
-3473
-1705
-1378
-3699
-1724
-1536
-3690
-1522
-2178
-3711
-1349
-2228
-3790
-1211
-2204
-3709
-1285
-2338
-3647
-1398
-2157
-3631
-1578
-2414
-3522
-1722
-2447
-3547
-1556
-2466
-3550
-1653
-2365
-3586
-1498
-2217
-3636
-1254
-1888
-3621
-1371
-1489
-3544
-1348
-858
-3492
-1480
42
-3528
-2020
386
-3337
-1977
767
-3242
-2234
838
-2955
-2498
1094
-2743
-2456
1189
-2609
-2819
1414
-2337
-2711
1623
-2177
-2876
1782
-1939
-3162
1777
-1611
-3045
2231
-1262
-3597
2982
-1175
-3452
2932
-1073
-3623
3099
-992
-3626
3048
-1081
-3442
2683
-1181
-3330
2652
-1250
-3370
2870
-1277
-3530
3037
-1347
-3317
2925
-1545
-3192
2436
-1791
-2866
1818
-1970
-2690
1194
-2236
-2532
557
-2554
-2353
221
-2911
-2146
-188
-2990
-2049
-895
-3815
-1891
-1242
-3128
-1547
-1871
-3235
-1284
-1861
-3596
-994
-2423
-3583
-553
-2849
-3534
-446
-2753
-3381
-770
-3608
-3235
-784
-3439
-3132
-1334
-3675
-2994
-1639
-3503
-2928
-1780
-3330
-3026
-1766
-3216
-3129
-1521
-3127
-3244
-1085
-2892
-3348
-868
-2288
-3477
-775
-1902
-3578
-826
-1360
-3506
-1147
-868
-3470
-1180
-222
-3736
-1920
235
-3199
-2093
453
-3161
-2152
558
-3070
-2620
678
-2889
-2493
1067
-2657
-2969
1098
-2529
-3015
1341
-2273
-3551
1482
-2090
-3676
1508
-2128
-3430
1215
-2122
-3535
1100
-2049
-3354
1341
-1879
-3723
1807
-1723
-3957
1978
-1718
-3828
1765
-1726
-3958
1727
-1868
-3778
1589
-1993
-3526
1402
-2033
-3493
1382
-2225
-3284
1314
-2399
-3181
999
-2535
-2926
704
-2791
-2574
262
-3094
-2331
-233
-3197
-2206
-541
-3182
-2264
-983
-3265
-2226
-1338
-3671
-2283
-1554
-3361
-2196
-1789
-3287
-1972
-1573
-3528
-1926
-1472
-3526
-1945
-1452
-3473
-1845
-1498
-3448
-1792
-1915
-3400
-1560
-2036
-3331
-1370
-2283
-3322
-992
-2800
-3182
-745
-3786
-2957
-979
-4409
-2762
-1380
-4586
-2794
-1488
-3978
-2821
-1502
-3556
-2935
-1304
-3096
-3002
-1232
-2359
-3094
-1190
-2161
-3493
-933
-2137
-3431
-570
-1186
-3226
-1255
-691
-3443
-2048
-116
-2942
-2355
831
-2784
-2495
541
-2835
-2820
617
-2651
-2656
897
-2531
-2920
1125
-2264
-3127
1394
-2104
-3093
1184
-1899
-3438
1386
-1637
-3486
1659
-1282
-4111
2287
-1098
-4096
2785
-1088
-4316
2958
-916
-4498
3144
-1092
-4193
2574
-1284
-3821
1839
-1388
-3398
1382
-1693
-3136
1022
-2014
-3129
542
-2278
-2927
75
-2506
-2618
-77
-2859
-2422
-777
-3007
-2197
-1456
-3439
-1793
-1645
-3551
-1837
-2166
-3334
-1582
-1746
-3488
-1767
-1941
-3438
-1811
-2146
-3420
-1512
-1750
-3625
-1203
-1956
-3682
-708
-2191
-3664
-514
-2168
-3580
-547
-2506
-3333
-605
-3304
-2993
-778
-3905
-2876
-1481
-4564
-2681
-1599
-4392
-2745
-1476
-3685
-2953
-1190
-3450
-3077
-940
-3180
-3215
-694
-2761
-3292
-673
-2183
-3433
-573
-1760
-3428
-666
-1300
-3347
-885
-514
-3639
-1672
-389
-3214
-2043
199
-2832
-2196
807
-2882
-2673
1098
-2902
-2593
1026
-2561
-2962
1313
-2370
-2890
1365
-2245
-3378
1296
-1999
-3401
1471
-1847
-3377
1614
-1702
-3686
1875
-1581
-3451
1886
-1441
-3562
2056
-1413
-3403
2320
-1234
-3579
2843
-1052
-3894
3277
-982
-4001
3043
-1001
-3976
2659
-1134
-3719
2317
-1325
-3412
1755
-1479
-3453
1509
-1686
-3184
1235
-2079
-2750
523
-2281
-2722
-24
-2435
-2596
-459
-2824
-2415
-1865
-3430
-2590
-1124
-3167
-2083
-1955
-3185
-1446
-1987
-3536
-1213
-1925
-3692
-916
-2781
-3744
-314
-2797
-3589
-395
-3516
-3359
-1006
-3282
-3352
-543
-3143
-3214
-1096
-2926
-3202
-1601
-2708
-3313
-1549
-2726
-3382
-1256
-2803
-3460
-888
-2561
-3517
-781
-2243
-3553
-813
-1877
-3424
-1050
-1281
-3557
-1683
-986
-3348
-2050
-510
-2923
-2328
185
-2986
-2693
253
-2851
-2815
277
-2784
-2619
501
-2495
-3136
664
-2372
-2975
784
-2164
-3381
750
-1880
-3380
964
-1605
-3870
1279
-1343
-3982
1500
-1261
-3906
1785
-1061
-4324
2097
-997
-4111
2101
-960
-4261
1851
-1021
-4147
1589
-1123
-3943
1456
-1250
-3819
1574
-1424
-3685
1688
-1547
-3686
1705
-1678
-3391
1555
-1880
-3316
1486
-2051
-3191
1283
-2197
-3050
993
-2273
-3189
911
-2371
-3099
222
-2333
-3336
36
-2436
-3046
-558
-2773
-2385
-1597
-3424
-2280
-1440
-3304
-1985
-1996
-3236
-1700
-1752
-3422
-1676
-1998
-3402
-1586
-2168
-3279
-1841
-2475
-3199
-1834
-3164
-3107
-1738
-3359
-3058
-1963
-3373
-3105
-1769
-3141
-3169
-1713
-2740
-3253
-1620
-2443
-3260
-1549
-2112
-3284
-1674
-1531
-3407
-1560
-1127
-3451
-1731
-551
-3592
-1938
-209
-3566
-2285
155
-3339
-2368
51
-3356
-2253
79
-3219
-2463
397
-3233
-2283
370
-3060
-2477
464
-2827
-2573
747
-2632
-2904
701
-2380
-2905
996
-2054
-3327
1293
-1840
-3307
1615
-1554
-3702
1865
-1354
-3792
2352
-1289
-3884
2095
-1031
-3967
2230
-1069
-4126
2240
-979
-4180
2110
-1116
-4039
1938
-1231
-3931
1878
-1320
-3720
1912
-1615
-3570
1844
-1839
-3332
1538
-2031
-3018
1175
-2314
-2925
972
-2513
-2715
677
-2755
-2583
461
-2970
-2361
80
-3073
-2085
-456
-3307
-1913
-1022
-3664
-1773
-1527
-3602
-1736
-2177
-3408
-1780
-1769
-3487
-1948
-1558
-3545
-1786
-1591
-3580
-1507
-1642
-3569
-1388
-2295
-3416
-1413
-2558
-3219
-1431
-2775
-3150
-1504
-3406
-3017
-1364
-3675
-2915
-1495
-3631
-2982
-1545
-3461
-3036
-1327
-3334
-3092
-1376
-3160
-3146
-1401
-2929
-3266
-1184
-2511
-3341
-1106
-2059
-3404
-1086
-1408
-3498
-1333
-1007
-3491
-1572
-742
-3571
-1956
-303
-3183
-2190
392
-3227
-2193
422
-3173
-2292
602
-3082
-2079
841
-2868
-2387
897
-2557
-2391
1670
-2223
-2775
2274
-1837
-3035
2938
-1817
-3063
2650
-1542
-3529
2738
-1440
-3371
2894
-1350
-3678
3165
-1193
-3884
3297
-1335
-3503
2683
-1614
-3150
2350
-1758
-2890
2452
-2035
-2685
2376
-2211
-2764
2149
-2310
-2773
1876
-2368
-2639
1442
-2539
-2472
621
-2764
-2208
33
-3049
-1943
-695
-3445
-2010
-1709
-3667
-1889
-2073
-3335
-1312
-2023
-3654
-1326
-1497
-3825
-1322
-1564
-3830
-994
-1572
-3796
-816
-1720
-3722
-675
-1891
-3575
-608
-2162
-3368
-635
-2609
-2999
-1297
-3366
-2613
-1898
-3741
-2417
-2199
-4032
-2343
-2352
-3986
-2410
-2156
-3775
-2490
-1901
-3457
-2623
-1727
-3399
-2696
-1713
-3431
-2741
-1738
-3354
-2801
-1697
-3163
-2871
-1659
-2840
-2950
-1635
-2014
-3137
-1466
-1263
-3338
-1357
-621
-3520
-1196
-29
-3716
-1299
363
-3846
-1528
744
-3652
-1628
950
-3602
-1736
1128
-3614
-1809
1192
-3432
-1971
1243
-3374
-1843
1386
-3307
-1979
1455
-3130
-2091
1618
-3023
-2070
1643
-2858
-2324
1653
-2648
-2244
1719
-2435
-2499
1909
-2133
-2771
2463
-1793
-3101
2978
-1537
-3378
3313
-1564
-3279
2944
-1566
-3347
2761
-1620
-3205
2641
-1731
-3166
2478
-1788
-3073
2577
-2001
-2944
2568
-2151
-2792
2116
-2277
-2638
1928
-2448
-2626
1813
-2638
-2495
1510
-2837
-2430
1141
-2957
-2250
972
-3154
-2085
400
-3247
-1965
-314
-3274
-1963
-1176
-3608
-1870
-1680
-3703
-1730
-1621
-3577
-1563
-1186
-3724
-1578
-1051
-3741
-1210
-1169
-3708
-1031
-1569
-3522
-832
-2089
-3377
-733
-2610
-3018
-1036
-3900
-2677
-1124
-4452
-2464
-1667
-4654
-2492
-1941
-4269
-2522
-1761
-3613
-2667
-1511
-3361
-2832
-1490
-3360
-2898
-1465
-3154
-3009
-1291
-2779
-3174
-1206
-2455
-3284
-1128
-2015
-3399
-996
-1617
-3447
-1158
-1241
-3482
-1246
-550
-3605
-1670
-137
-3463
-2100
527
-3309
-2177
846
-3412
-2159
701
-3284
-2176
954
-3140
-2231
1303
-3076
-2257
1641
-2979
-2290
1497
-2701
-2428
1699
-2529
-2534
1886
-2348
-2712
1994
-2193
-2752
2124
-1882
-2980
2537
-1816
-2849
2391
-1673
-2980
2414
-1448
-3180
2818
-1254
-3411
2984
-1080
-3754
3179
-1151
-3571
2604
-1374
-3280
2327
-1483
-3087
2591
-1594
-3087
2609
-1711
-3062
2548
-1838
-3058
2453
-1921
-3054
1985
-2159
-2836
1613
-2384
-2700
1358
-2608
-2424
1177
-2898
-2113
792
-3124
-2019
535
-3198
-1859
149
-3443
-1626
-435
-3842
-1837
-1633
-3281
-1205
-2225
-3376
-1081
-2090
-3499
-1540
-1976
-3374
-1455
-2183
-3349
-1266
-2641
-3204
-1169
-3330
-3051
-1151
-3755
-2973
-1321
-3944
-2808
-1701
-3885
-2764
-1845
-3444
-2847
-1886
-3198
-2916
-1750
-3124
-2986
-1715
-2926
-3096
-1652
-2589
-3186
-1624
-2195
-3306
-1457
-1783
-3411
-1321
-1393
-3492
-1308
-807
-3569
-1395
-264
-3754
-1682
166
-3440
-1864
835
-3510
-1833
1227
-3514
-1907
1132
-3487
-1810
1222
-3318
-1929
1449
-3180
-2057
1828
-3109
-2177
1855
-2996
-2288
1748
-2884
-2319
1656
-2661
-2507
1822
-2595
-2504
1720
-2434
-2678
1696
-2186
-2779
1843
-1957
-3083
2187
-1695
-3377
2566
-1561
-3485
2604
-1445
-3742
2737
-1422
-3617
2719
-1562
-3385
2522
-1663
-3234
2471
-1836
-3071
2500
-1952
-2945
2506
-2097
-2903
2306
-2296
-2659
1962
-2451
-2515
1553
-2621
-2378
1172
-2853
-2306
633
-2946
-2154
217
-3084
-2093
-319
-3259
-2070
-1346
-3552
-2087
-1459
-3484
-1993
-1972
-3344
-1764
-1936
-3438
-1842
-1610
-3504
-1856
-1580
-3510
-1686
-1612
-3462
-1519
-1599
-3371
-1493
-1828
-3175
-1570
-2480
-2889
-1744
-3281
-2611
-2027
-3770
-2468
-2251
-3882
-2431
-2456
-3960
-2400
-2517
-3566
-2475
-2322
-3314
-2575
-2231
-3195
-2637
-2166
-2938
-2754
-2019
-2627
-2879
-1872
-2218
-3013
-1747
-1803
-3123
-1685
-1358
-3116
-1803
-630
-3269
-1984
-171
-3335
-2276
293
-3101
-2223
819
-3192
-2406
789
-3051
-2554
922
-2920
-2582
1226
-2750
-2711
1490
-2772
-2602
1471
-2623
-2687
1384
-2453
-2622
1741
-2258
-2843
1901
-2084
-2927
2027
-1926
-3299
2275
-1557
-3454
2611
-1521
-3383
2651
-1465
-3451
2710
-1452
-3328
2506
-1507
-3332
2219
-1551
-3292
2040
-1581
-3314
2291
-1655
-3455
2352
-1669
-3385
2237
-1751
-3264
1884
-1905
-3218
1799
-2109
-3164
1653
-2273
-2942
1440
-2493
-2716
870
-2669
-2510
519
-2890
-2374
450
-3016
-2359
16
-3172
-1965
-733
-3503
-1968
-1054
-3065
-2010
-1475
-2932
-1917
-2071
-2809
-2074
-2309
-2730
-2063
-3081
-2601
-2525
-2987
-2581
-2408
-3283
-2482
-2302
-3666
-2376
-2445
-3834
-2354
-2559
-3711
-2376
-2625
-3292
-2417
-2575
-3105
-2478
-2571
-2922
-2577
-2424
-2587
-2741
-2189
-2288
-2895
-2056
-1873
-3004
-1842
-1426
-3146
-1692
-847
-3269
-1708
-202
-3530
-1958
63
-3351
-1821
404
-3293
-1999
530
-3034
-2292
1160
-2847
-2449
1686
-2790
-2552
1947
-2737
-2619
1822
-2681
-2506
1549
-2509
-2571
1587
-2221
-2713
1925
-2087
-2900
1989
-1762
-3233
2164
-1588
-3279
2259
-1398
-3567
2303
-1230
-3582
2563
-1072
-3741
2697
-1225
-3654
2545
-1155
-3644
2422
-1268
-3344
2378
-1509
-3196
2302
-1605
-3108
2223
-1692
-3068
2253
-1837
-3057
2097
-2006
-3048
2013
-2156
-2970
2038
-2320
-2802
1834
-2501
-2605
1519
-2643
-2472
1295
-2774
-2425
728
-2903
-2255
194
-2995
-2304
-481
-3008
-2474
-985
-3188
-2303
-1294
-3629
-2087
-1547
-3267
-2154
-1765
-3155
-2103
-1452
-3257
-2168
-1586
-3203
-2059
-1940
-3067
-1997
-2086
-2968
-2114
-2635
-2781
-2306
-2940
-2620
-2540
-3138
-2548
-2797
-3162
-2534
-2896
-2992
-2586
-2790
-2824
-2614
-2691
-2615
-2699
-2640
-2547
-2783
-2513
-2490
-2877
-2323
-2331
-2985
-2114
-2108
-3040
-1794
-1652
-3120
-1813
-1051
-3176
-2149
-231
-3054
-2598
775
-2998
-2681
689
-3150
-2625
517
-3031
-2629
674
-3068
-2651
699
-3018
-2747
682
-2959
-2680
757
-2881
-2734
764
-2723
-2748
951
-2549
-2880
1169
-2321
-3056
1290
-2154
-3144
1576
-1909
-3336
1607
-1847
-3233
1714
-1627
-3509
1902
-1484
-3452
2123
-1341
-3598
2279
-1226
-3643
2557
-1146
-3768
2512
-1141
-3727
2155
-1202
-3611
1936
-1270
-3515
2042
-1456
-3391
2077
-1569
-3276
2141
-1685
-3171
2160
-1825
-3064
2114
-1935
-2962
2146
-2056
-2895
1784
-2091
-2982
1379
-2082
-3099
1001
-2141
-3099
263
-2270
-3139
-5
-2387
-3103
-428
-2502
-3193
-847
-2778
-3057
-958
-3278
-2652
-1208
-3062
-2445
-1544
-2956
-2499
-1147
-2923
-2761
-1440
-2848
-2668
-1633
-3021
-2252
-1979
-3125
-1737
-2383
-3089
-1618
-3155
-2917
-1842
-3693
-2745
-2301
-3761
-2645
-2872
-3330
-2552
-3212
-2543
-2623
-3013
-2265
-2695
-2823
-1870
-2818
-2589
-1513
-2968
-2418
-1170
-3102
-2292
-730
-3219
-2130
-277
-3348
-1847
195
-3597
-2031
552
-3499
-1997
856
-3583
-1765
936
-3571
-1905
1064
-3565
-1795
1209
-3480
-1846
1200
-3424
-1908
1389
-3345
-1968
1434
-3256
-2026
1535
-3122
-2107
1653
-2966
-2284
1841
-2892
-2202
1870
-2726
-2411
1935
-2565
-2402
1999
-2421
-2433
2016
-2243
-2655
1991
-2099
-2689
1763
-1890
-2872
1739
-1690
-2920
2019
-1362
-3424
2804
-844
-4042
3631
-721
-4129
3279
-956
-3985
2810
-1002
-3575
2795
-1208
-3427
2647
-1466
-3112
2445
-1767
-2815
1868
-1981
-2735
1656
-2231
-2567
1563
-2568
-2366
1316
-2788
-2159
732
-2871
-2105
161
-3021
-2021
-180
-3308
-1959
-1259
-3668
-1948
-1448
-3114
-1530
-1772
-3238
-1460
-1919
-3319
-1474
-2171
-3198
-1357
-3186
-3053
-1192
-3799
-2859
-1522
-3430
-2813
-1851
-3832
-2682
-2159
-3736
-2614
-2261
-3461
-2689
-2288
-3108
-2791
-2241
-2958
-2882
-2015
-2642
-3016
-1792
-2336
-3111
-1752
-2157
-3180
-1714
-1737
-3160
-1743
-1086
-3275
-1771
-569
-3401
-2096
147
-3209
-2036
722
-3253
-1793
905
-3112
-1985
1157
-2911
-2158
1609
-2699
-2322
2043
-2595
-2400
2165
-2345
-2771
2167
-2187
-2676
2281
-1984
-3026
2309
-1787
-3060
2437
-1661
-3168
2490
-1463
-3437
2897
-1372
-3379
3042
-1317
-3481
2900
-1404
-3378
2540
-1501
-3212
2435
-1605
-3180
2629
-1770
-3153
2717
-1873
-2985
2434
-2045
-2748
1854
-2254
-2719
1522
-2468
-2545
1371
-2730
-2366
980
-2944
-2230
450
-2982
-2168
296
-3072
-2277
-214
-3126
-2160
-1147
-3485
-2083
-1297
-3427
-2039
-1634
-3201
-1675
-2175
-3193
-1981
-1997
-3135
-2127
-2030
-3093
-1989
-2538
-2983
-1885
-3003
-2879
-1865
-3177
-2793
-2200
-3284
-2664
-2489
-3410
-2585
-2541
-3201
-2625
-2609
-3030
-2672
-2555
-2831
-2754
-2448
-2572
-2853
-2229
-2307
-2976
-2002
-1855
-3110
-1930
-1489
-3176
-2022
-965
-3148
-2159
-165
-3327
-2439
214
-3159
-2599
566
-3267
-2263
782
-3284
-2204
990
-3301
-2115
1330
-3319
-2018
1591
-3265
-2098
1719
-3202
-2100
1936
-3069
-2257
1969
-3071
-2178
1835
-3069
-2188
1581
-2931
-2305
1680
-2842
-2293
1807
-2718
-2468
1981
-2589
-2480
2125
-2472
-2587
2338
-2382
-2575
2426
-2299
-2688
2391
-2185
-2805
2458
-2062
-3064
2400
-2055
-3148
2454
-2097
-3118
2626
-2096
-3063
2441
-2302
-2802
2008
-2402
-2723
1851
-2574
-2537
1818
-2791
-2461
1593
-2879
-2440
1402
-3006
-2316
1315
-3158
-2236
991
-3278
-2034
678
-3318
-2110
237
-3284
-2219
-94
-3245
-2316
-475
-3312
-2288
-1302
-3533
-2237
-1697
-3419
-2149
-1459
-3271
-1908
-1510
-3345
-2076
-1472
-3276
-2151
-1712
-3179
-2059
-2026
-3047
-2076
-2076
-2976
-1898
-2798
-2758
-1981
-2929
-2631
-2202
-3422
-2441
-2554
-3669
-2319
-2781
-3542
-2348
-2884
-3308
-2393
-2786
-3160
-2482
-2643
-2971
-2592
-2456
-2618
-2750
-2212
-2219
-2919
-1935
-1701
-3099
-1627
-1359
-3176
-1723
-735
-3342
-2051
-209
-3251
-2155
208
-3251
-2288
486
-3221
-2242
770
-3204
-2230
854
-3035
-2353
1032
-2869
-2559
1557
-2851
-2358
1545
-2752
-2305
1630
-2472
-2570
1915
-2114
-2817
2435
-1912
-3003
2832
-1727
-3136
2913
-1587
-3288
3020
-1535
-3446
2993
-1578
-3361
2655
-1647
-3207
2356
-1791
-3042
2268
-1943
-2943
2278
-2040
-2890
2314
-2164
-2786
2174
-2318
-2692
1980
-2430
-2649
1930
-2585
-2676
1749
-2696
-2707
1436
-2779
-2604
1037
-2932
-2384
654
-3185
-2231
486
-3296
-2095
-458
-3354
-1709
-928
-3618
-1783
-1450
-3897
-1389
-1477
-3696
-1375
-1284
-3693
-1573
-1512
-3547
-1537
-1507
-3581
-1495
-1588
-3470
-1326
-1969
-3359
-1399
-2275
-3120
-1505
-2834
-2847
-1964
-3495
-2639
-2396
-4068
-2537
-2747
-3971
-2585
-2598
-3579
-2701
-2262
-3255
-2803
-2040
-2894
-2938
-1817
-2452
-3078
-1739
-2103
-3133
-1703
-1747
-3192
-1613
-1121
-3281
-1637
-591
-3478
-1919
-105
-3370
-2103
448
-3355
-2145
553
-3278
-2176
786
-3192
-2215
1054
-3138
-2296
1172
-2947
-2473
1286
-2871
-2443
1359
-2711
-2581
1507
-2535
-2549
1812
-2278
-2772
2072
-2062
-2833
2444
-1744
-3217
2784
-1629
-3252
3024
-1521
-3456
2932
-1464
-3560
2732
-1482
-3513
2406
-1641
-3298
2235
-1779
-3113
2217
-1888
-3126
2132
-2004
-3130
1903
-2130
-3036
1699
-2228
-2978
1418
-2362
-2964
1095
-2468
-2959
804
-2634
-2781
164
-2773
-2661
-36
-2935
-2562
-44
-3039
-2492
-320
-3065
-2354
-805
-3420
-2220
-1314
-3160
-2106
-1973
-2842
-2068
-2052
-2928
-2172
-2199
-2977
-1843
-2255
-2801
-1954
-3439
-2584
-2124
-3345
-2594
-2258
-3434
-2539
-2298
-3762
-2441
-2370
-3591
-2467
-2574
-3590
-2454
-2544
-3408
-2510
-2422
-3086
-2636
-2282
-2866
-2737
-2129
-2291
-2866
-1937
-2049
-2986
-1776
-1359
-3082
-1695
-701
-3306
-1965
-161
-3221
-2106
714
-3301
-1900
900
-3371
-1769
1004
-3320
-1707
1155
-3101
-2052
1584
-2897
-2183
2113
-2760
-2396
2155
-2651
-2516
2052
-2494
-2544
2021
-2318
-2683
2292
-2181
-2820
2444
-1979
-2951
2636
-1907
-3008
2749
-1832
-3033
2844
-1760
-3063
2842
-1809
-3010
2670
-1875
-2916
2634
-1902
-2893
2748
-2101
-2746
2708
-2109
-2670
2498
-2233
-2527
2350
-2355
-2568
2196
-2470
-2577
1850
-2582
-2430
1456
-2769
-2247
881
-2946
-2087
182
-3003
-2051
115
-3199
-1895
-402
-3654
-1991
-891
-3198
-1985
-1429
-2939
-2476
-1648
-2958
-2788
-1911
-2966
-3060
-2215
-2811
-3405
-2244
-2862
-3438
-2059
-2888
-3327
-1756
-2945
-3059
-1529
-2987
-2891
-1129
-3051
-2780
-914
-3088
-2608
-598
-3086
-2564
-119
-3138
-2555
304
-3167
-2706
736
-3158
-2681
832
-3154
-2390
873
-3106
-2357
1103
-3129
-2246
1309
-3080
-2184
1422
-3047
-2185
1588
-2948
-2155
1648
-2829
-2131
1685
-2698
-2191
1819
-2503
-2235
1997
-2284
-2332
2286
-2003
-2578
2584
-1682
-2807
2857
-1446
-3062
3079
-1325
-3284
3293
-1187
-3477
3251
-1188
-3465
3057
-1248
-3342
2937
-1318
-3287
2956
-1473
-3111
2833
-1642
-2918
2622
-1840
-2679
2325
-2123
-2570
2024
-2341
-2575
1700
-2523
-2312
1523
-2807
-1988
1110
-3111
-1716
495
-3265
-1500
-271
-3708
-1290
-1064
-3807
-1204
-1385
-3449
-1295
-1862
-3562
-1048
-1865
-3608
-1213
-2159
-3417
-1291
-2739
-3233
-1499
-2904
-3110
-1947
-3131
-2956
-2291
-3305
-2854
-2638
-3195
-2858
-2695
-2780
-2966
-2480
-2446
-3084
-2302
-2092
-3165
-2219
-1839
-3271
-2115
-1537
-3366
-1935
-1219
-3501
-1740
-929
-3593
-1541
-419
-3801
-1464
-162
-3782
-1539
253
-3725
-1556
808
-3614
-1741
1099
-3487
-1766
1303
-3564
-1577
1377
-3484
-1815
1488
-3327
-1814
1577
-3145
-1987
1805
-2983
-2087
2080
-2829
-2251
2101
-2739
-2383
2053
-2531
-2528
2090
-2367
-2597
2382
-2246
-2740
2661
-2081
-2858
2955
-2038
-2866
3050
-1963
-3011
2833
-2024
-2908
2540
-2112
-2775
2451
-2248
-2656
2336
-2351
-2691
1985
-2427
-2681
1815
-2567
-2679
1626
-2673
-2717
1759
-2834
-2609
1580
-2945
-2439
1173
-3071
-2317
971
-3164
-2282
424
-3235
-2036
-205
-3352
-1860
-596
-3518
-1702
-1456
-3768
-1696
-1487
-3452
-1866
-1618
-3371
-1832
-1450
-3393
-1947
-1307
-3316
-2045
-1643
-3100
-2112
-2025
-2934
-2180
-2326
-2744
-2402
-3076
-2468
-2427
-3937
-2258
-2691
-3915
-2291
-2931
-3783
-2390
-2739
-3486
-2475
-2312
-3050
-2662
-2149
-2689
-2799
-1999
-2489
-2921
-1752
-2213
-2991
-1592
-1674
-3033
-1639
-870
-3216
-2180
-84
-2896
-2422
595
-2914
-2445
741
-2949
-2467
803
-2948
-2456
943
-2779
-2424
1170
-2503
-2643
1347
-2228
-2839
1939
-2027
-3074
2311
-1775
-3358
2557
-1718
-3229
2840
-1515
-3638
2870
-1481
-3514
2892
-1545
-3383
2679
-1611
-3147
2510
-1807
-3017
2381
-1793
-3130
2336
-1923
-3123
2167
-2038
-3041
1967
-2176
-2901
1989
-2426
-2688
1967
-2662
-2428
1693
-2820
-2342
1438
-2983
-2163
1128
-3204
-1907
644
-3363
-1872
96
-3407
-1990
-46
-3484
-1978
-134
-3688
-1864
-456
-3840
-1770
-760
-3626
-1806
-957
-3537
-1511
-1259
-3544
-1617
-1478
-3423
-1764
-1513
-3211
-1925
-1900
-2977
-2339
-2112
-2736
-2634
-2570
-2553
-3006
-2795
-2502
-3167
-3049
-2449
-3298
-3108
-2458
-3293
-2929
-2562
-2928
-2849
-2633
-2750
-2675
-2716
-2615
-2541
-2812
-2432
-2210
-2893
-2310
-1742
-2991
-2180
-1212
-3068
-2069
-427
-3310
-1903
-2
-3570
-1883
531
-3462
-1828
850
-3555
-1636
1014
-3608
-1533
1213
-3533
-1516
1463
-3516
-1349
1656
-3485
-1467
1817
-3416
-1464
1962
-3143
-1583
1889
-2924
-2009
1962
-2645
-2279
2276
-2436
-2497
2687
-2254
-2772
2776
-2109
-2945
2784
-2050
-2931
2797
-2067
-2919
2737
-2152
-2841
2618
-2191
-2717
2561
-2293
-2614
2443
-2380
-2593
2418
-2476
-2565
2416
-2622
-2418
2327
-2749
-2237
2160
-2896
-2128
1866
-3036
-1946
1368
-3148
-1839
1036
-3210
-1785
453
-3246
-1675
-86
-3398
-1622
-1305
-3496
-1842
-2093
-3043
-1824
-2137
-3174
-1772
-2124
-3260
-1692
-2304
-3117
-1770
-2287
-2987
-1683
-2395
-2805
-1825
-2799
-2577
-2109
-3428
-2297
-2555
-3812
-2194
-2708
-4014
-2176
-2682
-3988
-2210
-2565
-3723
-2280
-2448
-3527
-2371
-2342
-3245
-2470
-2165
-2968
-2596
-2047
-2546
-2771
-1905
-2055
-2902
-1870
-1510
-3009
-1778
-976
-3198
-1670
-394
-3447
-1958
-33
-3272
-2351
699
-3298
-1991
833
-3416
-1802
1009
-3305
-2088
1231
-3188
-1923
1285
-3089
-2179
1495
-2908
-2333
1464
-2600
-2673
1528
-2360
-2816
2168
-2147
-3110
2423
-1963
-3130
2797
-1802
-3299
3070
-1779
-3426
2840
-1802
-3260
2574
-1902
-3046
2339
-2035
-2922
2296
-2121
-2933
2342
-2222
-2888
2360
-2327
-2782
2293
-2513
-2549
2166
-2694
-2401
1941
-2820
-2189
1662
-3031
-1876
1049
-3178
-1834
286
-3274
-1846
-12
-3330
-1886
-524
-3666
-1715
-759
-3669
-1733
-1098
-3335
-1423
-2091
-3207
-1449
-2191
-3128
-1648
-2334
-2963
-1546
-2974
-2902
-1574
-2731
-2721
-1676
-3315
-2503
-1531
-4013
-2277
-1687
-4074
-2212
-1928
-4528
-2141
-2007
-4409
-2168
-1886
-4105
-2259
-1729
-3744
-2401
-1678
-3495
-2500
-1672
-3233
-2605
-1742
-2742
-2727
-1746
-2266
-2898
-1660
-1716
-3066
-1669
-1158
-3217
-1641
-444
-3479
-1924
91
-3512
-2061
385
-3605
-1941
436
-3514
-1864
669
-3606
-1775
878
-3619
-1761
999
-3488
-1841
980
-3275
-2117
1013
-3044
-2325
1340
-2841
-2629
1467
-2554
-2908
1970
-2279
-3276
2443
-2218
-3430
2385
-2320
-3387
2085
-2188
-3395
1991
-2259
-3240
1996
-2439
-3030
1960
-2529
-2759
1927
-2629
-2756
1899
-2692
-2794
1824
-2749
-2811
1509
-2783
-2787
1140
-2861
-2629
796
-3019
-2454
515
-3117
-2357
223
-3169
-2117
-256
-3266
-1794
-1217
-3650
-1672
-1514
-3160
-1764
-2293
-3005
-1610
-2458
-3042
-1589
-2660
-2918
-1689
-2990
-2750
-1912
-2972
-2609
-2058
-3111
-2518
-2124
-3350
-2337
-2316
-3550
-2263
-2510
-3795
-2185
-2674
-3836
-2172
-2668
-3774
-2212
-2507
-3531
-2324
-2323
-3243
-2479
-2107
-2837
-2634
-1915
-2355
-2777
-1741
-1688
-2964
-1666
-1263
-3200
-1676
-418
-3407
-1752
177
-3307
-1955
673
-3293
-2178
851
-3305
-2082
1111
-3269
-2142
1220
-3121
-2277
1299
-2970
-2311
1621
-2914
-2492
1606
-2805
-2508
1426
-2559
-2645
1552
-2319
-2748
1869
-2118
-2935
2134
-1950
-2941
2296
-1734
-3146
2593
-1548
-3187
2869
-1413
-3289
3333
-1264
-3443
3390
-1418
-3212
2660
-1546
-2966
2289
-1576
-3010
2614
-1802
-2976
2670
-1900
-2895
2296
-1962
-2769
2019
-2190
-2770
1859
-2310
-2919
1530
-2398
-2854
1164
-2597
-2804
921
-2775
-2745
345
-2964
-2540
-81
-3139
-2487
-392
-3255
-2341
-431
-3371
-2298
-588
-3485
-2169
-1001
-3668
-1922
-1128
-3690
-1893
-1240
-3570
-1793
-1176
-3599
-1786
-1157
-3602
-1734
-1339
-3484
-1700
-1599
-3364
-1766
-2001
-3165
-1809
-2366
-2975
-2059
-2948
-2753
-2431
-3511
-2598
-2686
-3697
-2601
-2709
-3445
-2710
-2429
-3079
-2839
-2170
-2760
-2943
-2074
-2627
-3022
-1937
-2233
-3091
-1760
-1779
-3225
-1699
-1240
-3306
-1679
-664
-3512
-1746
-198
-3423
-1976
321
-3394
-1949
421
-3283
-2018
665
-3095
-2232
1110
-2937
-2439
1341
-2721
-2691
1571
-2636
-2652
1663
-2462
-2804
1690
-2280
-2815
1857
-1990
-3089
2224
-1823
-3094
2529
-1674
-3255
2613
-1552
-3274
2738
-1445
-3281
2788
-1430
-3250
2800
-1465
-3206
2778
-1486
-3156
2772
-1543
-3129
2715
-1607
-3147
2590
-1730
-3114
2386
-1938
-2900
2250
-2149
-2683
2099
-2398
-2466
1871
-2628
-2343
1588
-2803
-2252
1389
-2978
-2183
1156
-3157
-2175
822
-3278
-2065
629
-3397
-1962
318
-3477
-1904
-45
-3687
-1704
-606
-3861
-1641
-1081
-3715
-1596
-1350
-3660
-1510
-1388
-3697
-1579
-1527
-3614
-1620
-1818
-3533
-1698
-1870
-3435
-1862
-2098
-3312
-2069
-2375
-3190
-2334
-2689
-3083
-2559
-2818
-3054
-2605
-2630
-3131
-2436
-2293
-3218
-2256
