460
-4616
2148
287
-4584
1698
486
-4305
1122
621
-3895
439
1339
-3582
-200
1451
-3111
-1041
1827
-2944
-2267
2045
-2903
-3574
1160
-3103
-3152
3061
-2872
-3337
-144
-2235
-4177
-1288
-2451
-4434
1628
-2700
-4301
598
-2656
-3135
600
-2748
-2184
1520
-3027
-1664
1516
-3440
-530
1309
-3941
20
1553
-4018
884
2934
-4396
2091
1916
-4678
2714
1152
-4464
2168
1329
-4218
1222
1278
-3932
359
1287
-3712
-427
1212
-3547
-1034
1136
-3269
-1861
1161
-3274
-2329
1234
-3120
-3175
562
-3286
-2444
2130
-3171
-2764
1018
-2630
-5129
-60
-2586
-4305
1248
-2571
-3077
1272
-2906
-1869
1608
-3500
-640
1554
-3910
-15
1798
-4078
733
2314
-4435
1568
1923
-4544
2030
1271
-4569
1759
1081
-4400
1112
1099
-4135
469
1016
-3821
20
881
-3460
-330
953
-3023
-1003
1285
-2602
-2791
917
-2424
-4275
1628
-2547
-3567
1798
-1555
-5683
-381
-1871
-6205
1106
-2027
-4315
1158
-2341
-3185
1128
-2539
-2797
1335
-2853
-1933
1355
-3318
-894
1683
-3683
-2256
1866
-4039
490
1916
-4355
1123
2467
-4567
1554
1994
-4462
1369
1173
-4450
1120
755
-4318
794
736
-4039
247
734
-3678
-323
821
-3140
-1167
1111
-3015
-2462
1026
-2625
-4400
264
-3184
-3285
826
-2572
-2291
1094
-1886
-5300
408
-2324
-6104
1291
-2083
-4425
1581
-2237
-3258
1795
-2490
-2098
1810
-2954
-778
1797
-3625
-54
1235
-3893
514
1274
-4162
1392
1289
-4429
1752
417
-4424
2091
96
-4685
2346
81
-4529
2006
391
-4359
1441
384
-4062
919
591
-3845
563
1282
-3451
241
1514
-3202
-244
1793
-2540
-1518
2771
-2316
-3129
2485
-2303
-3676
3450
-2003
-3294
4823
-1581
-5068
2564
-1838
-4421
2816
-1998
-2946
2511
-2120
-1981
2004
-2543
-1019
1632
-3185
-112
1251
-3696
593
945
-4002
1097
1285
-4387
1823
938
-4679
2540
451
-4754
2623
362
-4547
1995
450
-4430
1364
976
-4088
760
1392
-3699
-76
1420
-3225
-1080
1351
-3047
-2473
627
-3127
-3334
-957
-3013
-3131
-2430
-2122
-3185
-4574
-1989
-4297
-2356
-2202
-4356
-600
-2456
-3082
-379
-2947
-2167
602
-3227
-2049
1520
-3582
-1366
1809
-4050
-999
1616
-3907
-821
2880
-4255
114
3299
-4341
525
2250
-4162
245
1827
-4118
-65
1296
-3859
-395
1058
-3492
-916
773
-2910
-1910
-128
-2504
-2859
-1780
-2437
-3741
-2260
-2371
-3949
-4647
-1649
-3838
-5085
-1807
-4190
-3429
-1967
-3642
-2372
-2337
-3142
-1238
-2466
-2614
-118
-2804
-2166
1250
-3205
-1795
1636
-3628
-1362
2131
-3923
-518
2811
-4234
128
2874
-4359
154
2598
-4215
-27
1964
-4132
-362
1244
-4020
-712
878
-3721
-1001
257
-3357
-1363
-21
-3122
-1854
-1020
-2728
-3412
-2374
-2792
-3972
-1742
-2955
-2952
-3954
-2059
-3154
-5022
-2189
-3968
-2070
-2207
-3704
-1466
-2670
-3097
-1301
-2793
-2833
-191
-2892
-2437
1175
-3323
-1914
1593
-3756
-1238
1866
-4120
-690
2188
-4233
-21
2965
-4455
414
2363
-4266
129
1661
-4265
-216
1181
-4043
-653
445
-3804
-903
27
-3542
-1148
-572
-3097
-2240
-933
-3212
-3120
-2422
-2698
-3288
-2393
-2733
-3256
-2776
-1990
-3406
-4841
-2386
-4116
-2758
-2301
-3951
-1813
-2466
-2877
-896
-2750
-2480
498
-3067
-2196
1344
-3555
-1635
1483
-3980
-1181
1764
-4079
-700
2351
-4311
178
2617
-4395
423
1919
-4303
69
1487
-4274
-285
997
-4099
-463
250
-3787
-927
254
-3705
-1520
-400
-3202
-2468
-1632
-3279
-2723
-1549
-3142
-3148
-974
-3041
-2775
-2526
-2282
-2547
-5797
-2573
-3995
-2853
-2215
-4003
-2210
-2478
-2799
-982
-2772
-2521
50
-3061
-2158
1134
-3517
-1605
1540
-3996
-1010
1325
-4125
-698
2159
-4209
-61
2930
-4446
534
2210
-4345
444
1757
-4273
-76
1380
-4085
-494
901
-3846
-905
623
-3555
-1283
-293
-3080
-1707
-649
-3088
-2382
-1798
-2526
-3441
-2652
-2677
-4094
-4198
-2411
-3030
-3342
-1749
-2182
-5669
-2258
-3617
-3018
-2200
-3369
-1700
-2287
-2066
-803
-2829
-2167
569
-3163
-1950
2063
-3638
-1475
2285
-3957
-1017
1184
-4024
-1091
2032
-3945
-252
3578
-4327
505
1964
-4311
185
1601
-4075
-493
1367
-3882
-1009
883
-3852
-1291
848
-3634
-1460
230
-3281
-1670
-18
-3273
-2083
-1054
-2879
-3298
-1656
-3157
-3600
-2013
-2864
-2202
-3822
-1864
-2383
-5827
-2113
-4213
-3168
-1984
-3609
-2406
-2421
-2478
-1221
-2650
-2416
-65
-3000
-2327
1243
-3384
-1766
1853
-3875
-1054
1723
-4084
-960
1960
-3966
-846
2910
-4371
249
2294
-4375
445
1703
-4218
-156
1383
-4093
-590
843
-3959
-697
520
-3692
-956
212
-3343
-1377
-573
-2950
-2211
-1351
-2821
-3355
-2538
-2736
-3727
-1725
-2412
-2664
-6213
-1572
-3528
-4652
-2017
-4491
-2669
-2079
-3304
-1686
-2432
-2627
-475
-2627
-2236
663
-3233
-1744
1859
-3501
-1326
2066
-3860
-597
2109
-4040
-172
3002
-4232
620
3070
-4361
557
2020
-4257
185
1854
-4075
-222
1294
-3810
-651
863
-3509
-1101
316
-3080
-1647
-547
-2851
-2411
-1399
-2519
-3623
-1601
-2659
-3827
-2545
-1788
-2918
-5215
-1538
-3822
-3831
-1769
-4324
-2831
-2089
-3332
-1636
-2223
-2787
-549
-2417
-2389
948
-2908
-1970
2157
-3246
-1262
2598
-3811
-435
3104
-4101
138
3528
-4154
588
2818
-4060
676
2270
-4055
120
1710
-3961
-576
1297
-3710
-804
930
-3384
-1220
626
-3187
-1467
-39
-2817
-1755
-151
-2759
-2375
-660
-2052
-4095
-2739
-2074
-4656
-3871
-1866
-3333
-5466
-1201
-3201
-5083
-1600
-4451
-3566
-1750
-3915
-2214
-1726
-2870
-1070
-1961
-2446
369
-2445
-2090
1698
-3002
-1755
2250
-3532
-1111
2071
-3799
-704
3468
-4106
713
3693
-4282
945
2494
-4037
434
2403
-3962
-107
1636
-3840
-711
1153
-3572
-1115
578
-3170
-1600
-5
-3192
-2313
-737
-2803
-2997
-1368
-2673
-3705
-1238
-2960
-3511
-2256
-2776
-2556
-2221
-2436
-2285
-4922
-2563
-3843
-3397
-2265
-4383
-3223
-2035
-3469
-2507
-2089
-3002
-537
-2057
-2547
1131
-2742
-2171
2194
-3554
-1168
3197
-4271
-129
2603
-4164
-500
2498
-4137
-123
2723
-4354
706
1803
-4437
380
1385
-4038
-216
1027
-3682
-736
549
-3376
-1252
388
-3277
-1539
-23
-2754
-2709
-962
-2671
-3775
-738
-2617
-3135
-2900
-1063
-1144
-6424
-995
-4518
-5228
-1607
-5373
-4487
-1501
-3405
-3491
-1950
-3696
-2246
-1556
-3336
-1298
-1925
-2543
97
-2485
-2140
1311
-3158
-1683
2493
-3924
-511
2846
-4619
-16
1506
-4388
-553
1068
-4254
-651
2527
-4341
86
805
-4433
374
35
-4356
90
160
-4036
-281
248
-3907
-598
653
-3572
-1243
774
-3254
-1979
119
-2618
-3412
-1310
-2623
-3944
35
-2705
-4049
-3359
-907
-2391
-9034
-1923
-4073
-2882
-1778
-4813
-2534
-1743
-3316
-1772
-1971
-2655
-45
-2089
-2314
1704
-2669
-1321
2920
-3681
-84
2998
-4334
-39
2846
-4044
755
3709
-4375
1306
2336
-4259
898
1972
-4053
401
1488
-3705
-234
924
-3376
-919
690
-3052
-1536
427
-2422
-2429
-451
-2104
-3717
-1041
-1911
-3059
-7637
-643
-1795
-8264
-1279
-5466
-3955
-1295
-4190
-3356
-1843
-2381
-1420
-1781
-2549
-211
-2085
-2250
1478
-2635
-1785
2415
-3335
-1313
2785
-3881
-661
3226
-4009
-176
3386
-4057
217
2912
-4091
337
2470
-3937
-11
2012
-3731
-579
1528
-3386
-1081
894
-2989
-1689
124
-2459
-2543
-1126
-2319
-3836
-1726
-2251
-3689
-4582
-1837
-2310
-4849
-1905
-3409
-4105
-2009
-4121
-3645
-2197
-3136
-2671
-2119
-2619
-1076
-2082
-2101
443
-2683
-1737
2045
-3096
-1283
3429
-3645
-491
3033
-4147
-47
2447
-4121
448
4043
-3902
438
2450
-4002
93
2052
-3918
-398
1608
-3703
-980
1117
-3377
-1538
530
-3130
-2007
704
-3255
-2244
-597
-2431
-3105
-1312
-2779
-3409
-1258
-2475
-3076
-4322
-1947
-2396
-4413
-2391
-3458
-3811
-2084
-3927
-3243
-2318
-3197
-1857
-2320
-2826
-409
-2416
-2500
566
-2748
-1697
2017
-3331
-1269
1924
-3693
-947
2409
-3824
-135
3177
-4239
873
2771
-4389
1109
2278
-4103
773
1987
-4079
425
1410
-4107
-38
932
-3841
-539
868
-3552
-957
821
-3255
-1450
559
-2815
-2324
28
-2484
-3119
-1710
-2316
-4252
-394
-2800
-3627
-3233
-1426
-2096
-6001
-2055
-3282
-3814
-2125
-4072
-3466
-2128
-3264
-3084
-2396
-3129
-2491
-2335
-2760
-1955
-2377
-2444
-1021
-2433
-2505
246
-2741
-2077
1203
-3247
-1413
1864
-3593
-803
2341
-3853
-575
1843
-4024
-570
2524
-3751
756
2293
-4138
1383
1585
-4055
1027
1192
-4070
710
1825
-4235
668
1992
-4004
517
1543
-3929
159
1556
-3939
130
1523
-3959
5
1621
-3903
-431
1533
-3832
-473
1373
-3694
-738
1368
-3681
-937
1245
-3334
-1396
1329
-3209
-1698
1084
-2823
-2100
802
-2627
-3154
475
-2720
-2917
-208
-2244
-3104
-91
-1842
-3692
-1012
-1404
-5397
-1390
-1545
-5081
-1859
-1377
-4937
-1572
-1646
-4714
-907
-1889
-6264
-563
-1989
-3880
-303
-2155
-3527
19
-2423
-3134
193
-2624
-2817
356
-2794
-2533
653
-3001
-2233
1075
-3254
-1788
1319
-3434
-1517
1659
-3688
-1212
1800
-3872
-761
1809
-3983
-557
2166
-3969
-427
2231
-3939
-251
2067
-3985
-227
1744
-4018
-505
1635
-3938
-791
1682
-3879
-799
1470
-3801
-1022
1418
-3778
-1177
1125
-3605
-1260
836
-3548
-1520
736
-3365
-1826
101
-3173
-2287
-271
-2888
-2507
-650
-2611
-3365
-323
-2755
-3195
-424
-2364
-2935
-1759
-1975
-3614
-1982
-1824
-5193
-1373
-1860
-4682
-1473
-1918
-4122
-1151
-2118
-4088
-840
-2245
-3730
-652
-2411
-3583
-653
-2507
-3414
-543
-2646
-3267
-332
-2826
-3071
-263
-2894
-2852
-106
-3062
-2692
175
-3180
-2372
423
-3346
-1974
622
-3559
-1533
863
-3766
-1216
1069
-3876
-1017
1707
-3960
-775
1972
-3940
-480
1656
-4042
-46
1591
-4219
316
1553
-4254
399
1552
-4159
230
1540
-4099
-71
1454
-4051
-208
1430
-3958
-588
1422
-3942
-713
1265
-3765
-874
1095
-3741
-1199
934
-3547
-1443
818
-3462
-1768
538
-3179
-2321
261
-3070
-2628
-212
-2782
-2826
-765
-2740
-3312
-595
-2550
-3704
-1427
-2402
-4070
-1543
-2303
-3476
-3360
-2026
-3556
-3021
-2044
-4026
-1944
-2144
-3936
-1509
-2346
-3543
-1041
-2489
-3220
-588
-2715
-2965
-272
-2948
-2674
152
-3100
-2425
485
-3275
-2014
648
-3494
-1694
1037
-3645
-1562
1374
-3751
-1386
1661
-3745
-950
1999
-4025
-299
1999
-4104
-74
1964
-4128
-75
1854
-4053
-122
1544
-4022
-285
1516
-3970
-727
1540
-3896
-892
1462
-3843
-912
1195
-3703
-1181
1110
-3676
-1353
842
-3429
-1512
703
-3301
-1784
229
-2842
-2656
-356
-2699
-3369
-1309
-2555
-3811
-1397
-2570
-3543
-1985
-2194
-2730
-4557
-2073
-3539
-3245
-2084
-4247
-2471
-2204
-3478
-2037
-2500
-3038
-1506
-2628
-2863
-1049
-2816
-2856
-701
-3031
-2556
-426
-3201
-2145
482
-3329
-1795
1139
-3641
-1755
1408
-3693
-1502
1763
-3854
-570
1947
-4187
-133
1741
-4137
-320
1811
-4087
-330
1541
-4095
-451
1292
-4041
-745
1282
-3897
-1009
1123
-3762
-1183
1016
-3600
-1479
808
-3439
-1866
606
-3352
-2122
11
-3045
-2713
-313
-3054
-2579
-905
-2652
-3120
-1094
-2629
-3348
-1434
-2327
-3039
-2494
-2207
-2875
-3499
-2044
-3615
-3441
-1914
-3763
-2920
-2029
-3414
-2703
-2202
-3291
-2415
-2359
-3231
-2248
-2421
-3129
-1955
-2541
-2965
-1601
-2656
-2790
-1213
-2788
-2629
-658
-2999
-2424
-38
-3216
-2202
578
-3483
-1674
951
-3808
-1198
1411
-3811
-1223
1894
-3647
-1004
2099
-3923
-259
1745
-4375
252
1566
-4298
114
1771
-3950
-302
1424
-4051
-440
1277
-4016
-679
1317
-3905
-969
1097
-3786
-1261
1077
-3663
-1425
779
-3512
-1814
736
-3491
-1961
459
-3215
-2266
392
-3197
-2571
133
-2960
-2678
-182
-2950
-2803
-344
-2657
-3003
-735
-2538
-3226
-989
-2303
-3277
-1907
-2083
-3848
-1539
-2093
-4045
-1708
-1781
-4154
-2708
-1739
-4246
-2324
-1761
-4290
-2020
-1865
-4221
-1821
-1964
-3815
-1349
-2097
-3387
-1091
-2358
-3131
-778
-2675
-2967
-462
-2804
-2625
10
-2958
-2193
441
-3191
-1961
1057
-3321
-1699
1366
-3664
-1377
1668
-3917
-922
2077
-4129
-518
2194
-4061
-565
2202
-3982
-660
1724
-3989
-607
1409
-4000
-979
1289
-3914
-1228
991
-3860
-1453
1094
-3773
-3568
637
-3697
-1655
620
-3714
-1752
263
-3512
-1984
131
-3420
-2069
-407
-3159
-2343
-518
-3148
-2471
-881
-2881
-2826
-1057
-2781
-3088
-1814
-2489
-3143
-2219
-2467
-3451
-2597
-2326
-3597
-3048
-2242
-3587
-2901
-2279
-3317
-2574
-2434
-3339
-2253
-2510
-3194
-1913
-2616
-2973
-1676
-2729
-2899
-1221
-2788
-2652
-693
-2952
-2366
105
-3182
-1988
924
-3465
-1572
1376
-3670
-1354
1951
-3829
-781
2384
-4090
-255
2151
-4230
-134
1896
-4074
-272
1569
-4021
-468
1251
-4033
-777
1134
-3964
-1064
1079
-3870
-1388
992
-3824
-1564
830
-3752
-1590
619
-3700
-1816
592
-3671
-1778
163
-3517
-2056
299
-3585
-1799
-201
-3277
-2005
-558
-3174
-2466
-630
-2822
-2828
-1148
-2653
-3714
-1600
-2501
-3298
-3588
-2233
-3079
-3488
-2233
-3434
-2875
-2273
-3603
-2463
-2504
-3350
-2191
-2640
-3056
-1898
-2740
-2912
-1681
-2834
-2772
-1232
-2905
-2577
-743
-3044
-2291
11
-3259
-1911
713
-3541
-1524
1343
-3766
-1180
1458
-3949
-589
1974
-4199
24
2101
-4171
275
1764
-4226
73
1503
-4194
-203
1429
-4096
-479
1065
-4014
-756
1076
-4027
-907
963
-3821
-1193
846
-3824
-1409
745
-3660
-1542
324
-3486
-1991
313
-3400
-2041
-354
-3044
-2584
-692
-3058
-2866
-1177
-2738
-3330
-1641
-2704
-3049
-3142
-2398
-2952
-3359
-2350
-3571
-2822
-2445
-3393
-2480
-2596
-3100
-2288
-2719
-2991
-2224
-2759
-2834
-1910
-2769
-2647
-1295
-2912
-2524
-380
-3064
-2430
461
-3346
-2009
1068
-3605
-1690
1469
-3763
-1382
1639
-3917
-970
1893
-4073
-842
1619
-4055
-869
1494
-4031
-959
1287
-4035
-1032
929
-4026
-1124
938
-3929
-1272
818
-3818
-1535
705
-3687
-1710
256
-3557
-1925
-28
-3438
-2251
-502
-3251
-2507
-445
-3254
-2557
-1286
-2929
-2936
-1431
-2979
-2825
-1788
-2765
-2830
-2243
-2736
-2703
-3062
-2561
-2889
-3055
-2510
-3228
-3084
-2516
-3049
-2891
-2618
-2930
-2566
-2631
-2809
-2226
-2737
-2778
-1722
-2817
-2586
-1029
-2955
-2371
-250
-3255
-2147
583
-3532
-1809
1178
-3675
-1503
1148
-3871
-1177
1488
-4054
-854
2120
-4211
-497
1969
-4211
-499
1452
-4085
-597
1146
-4084
-814
892
-4047
-1125
845
-3877
-1352
585
-3761
-1703
712
-3742
-1681
387
-3517
-1776
166
-3526
-2023
-57
-3229
-2214
-492
-2984
-2722
-441
-2837
-2750
-1173
-2509
-3286
-1755
-2373
-3722
-2797
-2068
-4394
-3251
-2063
-4296
-3057
-2096
-3692
-2232
-2235
-3235
-1639
-2483
-3074
-1068
-2850
-2929
-761
-3047
-2692
-488
-3261
-2464
-183
-3295
-2119
153
-3458
-1769
659
-3583
-1549
1189
-3739
-1356
1563
-3888
-2848
1953
-4280
-231
1844
-4287
-68
1737
-4255
-59
1309
-4209
-234
1031
-4136
-556
1024
-4093
-807
894
-3976
-1068
818
-3948
-1269
763
-3859
-1233
524
-3730
-1480
536
-3687
-1552
105
-3404
-1820
-33
-3239
-2069
-490
-2842
-3110
-856
-2677
-3782
-1922
-2463
-3515
-2740
-2390
-3315
-2945
-2340
-3667
-2991
-2347
-3678
-2664
-2519
-3281
-2112
-2655
-3025
-1596
-2779
-2883
-1145
-2970
-2624
-610
-3158
-2346
-53
-3382
-2061
213
-3610
-1713
679
-3659
-1571
1185
-3623
-1157
1657
-3991
-948
1822
-4117
-784
1888
-4118
-592
1638
-4126
-546
1397
-4122
-653
1289
-4014
-838
963
-3916
-1180
780
-3810
-1440
438
-3563
-1639
62
-3474
-2158
65
-3309
-2313
-706
-3038
-2772
-1070
-3055
-3160
-2631
-2917
-3307
-3083
-2766
-3209
-2842
-2677
-3071
-2612
-2770
-3117
-2069
-2792
-2940
-1402
-2980
-2565
-746
-3234
-2254
-97
-3481
-1971
559
-3669
-1415
1221
-3772
-1020
1676
-3916
-528
1799
-4126
-107
1991
-3898
347
2149
-4405
535
2073
-4226
261
1730
-4006
-69
1328
-4031
-375
1042
-3981
-674
864
-3828
-1068
781
-3890
-1151
421
-3607
-1326
494
-3479
-1750
474
-3226
-2120
-457
-2915
-2601
-921
-2789
-2968
-1500
-2453
-3299
-2563
-2343
-3285
-3326
-2230
-3337
-3707
-2171
-3265
-3589
-2087
-3489
-3069
-2245
-3725
-2315
-2295
-3288
-1830
-2516
-2879
-1261
-2756
-2815
-621
-2893
-2509
101
-3090
-2197
807
-3378
-1831
1147
-3672
-1413
1383
-3832
-1049
1734
-3945
-680
1762
-4095
-340
1843
-4130
-323
1718
-4096
-422
1521
-4072
-545
1411
-4030
-689
1183
-3914
-839
948
-3772
-1111
880
-3643
-1475
725
-3501
-1997
388
-3277
-2422
-64
-3179
-2675
-550
-2961
-2689
-1282
-2728
-2954
-1706
-2675
-3340
-4072
-2599
-3791
-2442
-2550
-3976
-2445
-2520
-3742
-2139
-2507
-3611
-1650
-2651
-3368
-1171
-2806
-2921
-537
-3017
-2555
26
-3238
-2168
499
-3488
-1739
995
-3680
-1329
1609
-3798
-1054
1570
-3958
-641
1657
-4085
-231
1658
-4231
-62
1544
-4186
-131
1482
-4125
-378
1304
-4061
-580
1151
-3981
-719
1084
-3827
-963
988
-3718
-1263
797
-3498
-1701
645
-3347
-2211
423
-3118
-2627
0
-3076
-2706
-374
-2851
-3058
-694
-2697
-3434
-809
-2572
-3950
-823
-2490
-4250
-877
-2398
-4164
-730
-2430
-4388
-427
-2448
-4054
-232
-2618
-3467
-35
-2824
-3085
128
-2960
-2649
310
-3208
-2114
594
-3424
-1622
807
-3638
-1197
1259
-3862
-1131
1981
-3935
-903
1918
-4116
-517
1918
-4129
-411
1738
-4075
-530
1632
-4078
-741
1414
-3973
-912
1135
-3852
-1106
883
-3776
-1251
575
-3550
-1619
182
-3447
-2018
-187
-3234
-2239
-502
-3066
-2647
-1160
-2635
-3267
-1960
-2645
-3514
-2218
-2670
-3128
-2887
-2597
-2906
-2688
-2580
-2797
-3540
-2457
-2881
-3126
-2430
-3033
-2495
-2530
-2987
-1772
-2709
-2706
-1241
-2986
-2562
-700
-3242
-2462
-351
-3366
-2330
134
-3494
-2122
443
-3599
-1812
546
-3755
-1547
750
-3842
-1444
1197
-3893
-1264
1377
-3981
-840
1650
-4103
-359
1708
-4199
-121
1675
-4119
-217
1619
-4064
-451
1400
-4046
-629
1394
-3997
-778
1285
-3834
-1013
1195
-3796
-1338
1108
-3653
-1657
936
-3718
-1940
722
-3851
-2078
313
-3949
-2292
-90
-3615
-2591
-816
-3464
-2848
-545
-3265
-2409
-1062
-3277
-2139
-1078
-3672
-2002
-1452
-3280
-2107
-805
-3398
-2514
-1220
-3495
-2894
-1753
-3453
-3181
-1180
-3535
-2674
-1464
-3332
-2048
-1222
-3385
-2517
668
-3468
-2069
1277
-3790
-1213
1252
-4018
-978
801
-4030
-866
1355
-3964
87
1777
-4375
871
1879
-4227
1141
1746
-4464
982
1365
-4260
802
1267
-4197
404
1339
-3996
-58
1308
-3946
-321
998
-3689
-557
1289
-3386
-1126
1209
-3109
-1946
457
-2794
-3031
-41
-2491
-3614
-488
-2434
-4044
-1569
-2106
-3122
-5029
-1619
-2824
-4251
-1839
-4372
-2708
-1994
-4214
-2579
-2277
-3279
-1861
-2336
-2996
-1102
-2486
-2870
-256
-2727
-2443
664
-3042
-1833
1587
-3372
-1348
1856
-3625
-1187
1660
-3561
-864
1910
-3929
-99
2854
-3811
667
2434
-4276
966
2422
-4016
818
1957
-4041
582
1769
-4013
252
1654
-3924
-149
1418
-3746
-600
1122
-3599
-913
853
-3449
-1355
774
-3350
-1965
371
-3010
-3047
-3
-3172
-3363
-733
-3157
-3190
-1007
-2726
-2422
-3377
-2409
-2803
-2633
-2613
-3674
-2212
-2539
-3999
-1899
-2602
-3610
-1561
-2725
-3029
-1032
-2826
-2855
-365
-2938
-2693
214
-3173
-2189
1077
-3447
-1616
1368
-3727
-1279
1421
-3764
-1034
1776
-3929
-787
2163
-3583
-162
2142
-4108
571
2030
-4171
895
2151
-4090
812
2032
-4033
618
1894
-4005
367
1659
-3987
40
1487
-3871
-271
1250
-3663
-641
976
-3665
-980
669
-3386
-1775
452
-3443
-2391
-69
-3238
-2899
-951
-3132
-3087
-1322
-3222
-2156
-2899
-2588
-2025
-3772
-2757
-3954
-2353
-2683
-3934
-2126
-2704
-2835
-1173
-2868
-2774
-748
-3054
-2786
-566
-3131
-2423
141
-3211
-2061
586
-3343
-1535
1650
-3487
-1137
2048
-3893
-729
2416
-3482
335
2689
-4109
1168
2563
-4255
1492
2270
-4021
1237
2082
-3855
734
1858
-3900
330
1639
-3918
24
1544
-3829
-419
1433
-3806
-685
1190
-3541
-955
984
-3539
-1308
841
-3445
-1662
392
-3139
-2318
103
-3024
-2569
-845
-2706
-3384
-987
-2809
-3535
-1707
-2463
-2505
-4297
-2231
-3175
-3447
-2110
-4274
-2833
-2136
-3835
-2391
-2316
-3257
-1891
-2519
-2917
-1170
-2675
-2721
-372
-2835
-2461
657
-3033
-1888
1584
-3363
-1428
1454
-3854
-1037
2436
-3287
-559
2520
-3898
95
2529
-4027
542
2583
-4099
663
2269
-3923
420
1952
-3833
69
1863
-3791
-345
1689
-3735
-661
1513
-3551
-939
1348
-3458
-1259
1246
-3202
-1694
1082
-2973
-2252
485
-2677
-2980
-492
-2588
-3951
-984
-2716
-3900
-1108
-2570
-2532
-4339
-1935
-1884
-4968
-2192
-4567
-2618
-1820
-4585
-1988
-2146
-3219
-916
-2379
-3091
-72
-2524
-2805
873
-2787
-2038
1845
-3219
-1269
1740
-3544
-939
1576
-3631
-631
1966
-3568
403
1771
-3890
1259
1314
-4109
1835
1917
-4272
2249
1828
-4184
1990
1720
-4019
1476
1517
-3935
978
1455
-3875
659
1599
-3849
292
1696
-3642
-59
1729
-3554
-488
1742
-3296
-965
1793
-3046
-1693
1713
-3002
-2238
1505
-2772
-3493
1148
-2897
-3845
-466
-3009
-2938
1138
-2793
-1668
-4244
-2570
-2987
-3249
-2249
-4630
-826
-2099
-3969
-1695
-2496
-3520
-642
-2652
-3488
-386
-2630
-3032
328
-2814
-2474
1182
-3096
-1744
1760
-3420
-1178
1760
-3606
-839
1757
-3592
-110
2149
-3854
758
2260
-4194
1386
2053
-4159
1651
2027
-4120
1510
1692
-4084
1129
1671
-3981
584
1627
-3908
140
1548
-3768
-171
1403
-3699
-480
1534
-3574
-761
1262
-3229
-1359
1419
-3241
-1570
1352
-2883
-2267
642
-2629
-3234
34
-2539
-4001
573
-2068
-4418
-2362
-1667
-5016
-2250
-1856
-5039
-1189
-2089
-4115
-962
-2418
-3302
-449
-2606
-2969
-64
-2780
-2540
526
-3017
-2004
1335
-3352
-1480
1687
-3569
-1317
1826
-3487
-1272
2675
-3585
-709
2693
-4053
-3
2405
-4117
168
2353
-3939
-35
2166
-3907
-251
1915
-3864
-571
1736
-3704
-901
1451
-3575
-1156
1009
-3446
-1560
921
-3293
-2194
432
-3168
-2596
-31
-3052
-3163
-297
-3155
-2877
-1449
-2651
-1877
-3927
-2283
-1706
-3774
-2282
-3720
-2574
-2087
-4757
-2570
-2116
-3616
-1967
-2377
-3090
-949
-2458
-3094
213
-2647
-2611
1230
-2995
-2118
1920
-3306
-1558
1895
-3385
-1244
1885
-3284
-727
2398
-3442
323
2671
-4012
1271
2370
-4073
1680
2392
-3888
1471
2215
-3795
1115
2139
-3816
856
2110
-3728
570
2287
-3617
206
2316
-3522
-181
2115
-3408
-464
1911
-3285
-876
1604
-3179
-1303
1271
-2904
-2009
1096
-2811
-2409
527
-2453
-3622
-613
-2588
-3916
-525
-2571
-3548
-2442
-1872
-2796
-5636
-1913
-4381
-1637
-1927
-4769
-594
-2050
-3623
-355
-2486
-2986
652
-2756
-2563
1268
-3100
-1862
1517
-3416
-1415
1500
-3563
-1220
1702
-3583
-770
2110
-3697
72
2147
-4013
631
1971
-4141
981
2232
-4196
1061
1886
-4130
913
1765
-4092
594
1374
-4061
268
1206
-3982
-54
1029
-3838
-403
699
-3676
-801
759
-3588
-1278
924
-3288
-2011
435
-3112
-2355
-131
-2812
-3371
-405
-2850
-4002
-556
-2803
-2876
-3867
-1653
-1748
-5624
-1820
-3857
-2788
-1877
-4541
-2307
-2122
-3163
-1718
-2530
-2727
-1125
-2484
-2767
217
-2711
-2225
1630
-3161
-1723
1896
-3411
-1361
1737
-3386
-1074
2290
-3239
-239
2790
-3743
781
2634
-4046
1427
2520
-3938
1458
2544
-3790
1183
2219
-3844
927
2450
-3793
648
2310
-3623
299
2252
-3465
-80
2164
-3332
-532
1672
-3064
-960
1202
-2794
-1870
956
-2748
-3240
7
-2765
-4009
-906
-2691
-2382
-4498
-1934
-2394
-4550
-2035
-4318
-1350
-2332
-4407
-1382
-2423
-3488
-817
-2612
-3170
-329
-2737
-2557
680
-2815
-1898
1444
-3124
-1481
1998
-3368
-1199
2274
-3317
-441
2605
-3421
591
2540
-3759
1403
2434
-3902
1683
2583
-4012
1638
2381
-3916
1446
2289
-3842
1130
1975
-3765
771
2094
-3713
411
1924
-3595
27
1799
-3445
-416
1804
-3331
-831
1464
-3013
-1528
1326
-2832
-2555
951
-2693
-3752
-178
-2941
-3255
-487
-2848
-2515
-1375
-2335
-2557
-3998
-2450
-3866
-2322
-2213
-4422
-1922
-2261
-3841
-1587
-2493
-3466
-939
-2640
-3285
-365
-2748
-2865
201
-2960
-2554
731
-3106
-2036
960
-3337
-1472
1146
-3531
-1094
1779
-3653
-773
1993
-3711
-260
2364
-3842
304
2625
-4039
669
2767
-4015
720
2642
-3887
620
2211
-3896
489
2036
-3937
184
1939
-3819
-238
1741
-3735
-526
1359
-3562
-844
952
-3460
-1154
963
-3294
-1503
877
-3076
-2290
702
-2869
-2746
-151
-2591
-3358
-387
-2569
-3900
-834
-2529
-4210
-1142
-2610
-3316
-1638
-2296
-2913
-3339
-2201
-4011
-2430
-1997
-4143
-1951
-2151
-3673
-1227
-2315
-3477
-651
-2452
-3064
-21
-2707
-2611
761
-2950
-2173
1536
-3287
-1592
1956
-3573
-1174
2424
-3653
-895
2395
-3766
-403
1939
-3824
264
2093
-4043
619
2036
-4162
789
1881
-4092
677
1844
-4010
377
1693
-3920
73
1540
-3849
-234
1572
-3783
-624
1494
-3709
-879
1361
-3548
-1191
1288
-3430
-1463
1037
-3143
-2093
900
-3056
-2645
237
-2866
-3412
-1086
-2833
-3687
-990
-2998
-2713
-2660
-2270
-1039
-4477
-2208
-3361
-2830
-2224
-4479
-2752
-2340
-3023
-2239
-2617
-2759
-1812
-2741
-2889
-1375
-2861
-2677
-937
-3004
-2494
-268
-3142
-2188
662
-3328
-1967
1382
-3553
-1602
1296
-3659
-1206
1534
-3699
-857
2047
-3718
-372
2118
-3813
109
2299
-4070
637
2240
-4137
904
2221
-4016
844
2005
-3952
491
1903
-3905
89
1926
-3858
-174
1725
-3770
-430
1560
-3674
-753
1392
-3597
-1078
1184
-3443
-1485
944
-3238
-1957
750
-3155
-2380
524
-3058
-2740
-338
-2883
-3466
-740
-2921
-3606
-418
-2573
-3098
-3954
-2353
-3559
-3090
-2193
-4048
-1191
-2507
-3529
-825
-2688
-2966
160
-2938
-2726
593
-3197
-2207
1164
-3355
-1813
1373
-3509
-1509
1281
-3513
-1290
1551
-3528
-901
2266
-3745
-431
2619
-3931
-28
2314
-3977
300
2229
-3960
222
2157
-3983
76
2058
-3996
-14
1895
-3922
-161
1810
-3853
-389
1726
-3813
-566
1474
-3586
-803
1252
-3397
-1223
991
-3233
-1771
726
-3027
-2204
186
-2686
-2890
-571
-2493
-3200
-1105
-2193
-3541
-2480
-1953
-3682
-4034
-1735
-3687
-3636
-1946
-3899
-2843
-1984
-3783
-2216
-2115
-3359
-1547
-2322
-3212
-993
-2512
-3050
-509
-2666
-2839
185
-2841
-2464
937
-3061
-2080
1474
-3257
-1623
1691
-3374
-1099
1774
-3515
-483
1713
-3573
83
2149
-3866
801
2382
-4075
1383
2661
-3909
1396
2671
-3797
1124
2450
-3797
833
2246
-3761
571
2190
-3711
318
2026
-3627
4
1845
-3556
-261
1657
-3334
-613
1524
-3294
-1069
1459
-3034
-1666
1254
-2754
-2357
722
-2435
-3202
611
-2417
-3860
196
-2275
-4374
-797
-1984
-4329
-1554
-2083
-4462
-1382
-2148
-4376
-1110
-2324
-3937
-770
-2536
-3478
-286
-2684
-3135
-52
-2788
-2815
298
-2937
-2373
677
-3120
-1800
1051
-3321
-1279
1456
-3567
-933
1900
-3629
-666
2026
-3728
-134
2292
-3886
449
2403
-4053
896
2291
-4047
978
2257
-3941
777
2232
-3914
588
2015
-3927
418
1949
-3916
167
2009
-3844
-138
1756
-3725
-477
1419
-3678
-897
1316
-3569
-1315
1193
-3526
-1541
904
-3504
-1710
555
-3368
-2235
525
-3237
-2439
-200
-2961
-3266
-879
-3060
-3434
-912
-2992
-2229
-3807
-2353
-1618
-3985
-2345
-3550
-2379
-2450
-4017
-2324
-2596
-3077
-1727
-2778
-2957
-1268
-2878
-2736
-718
-3030
-2336
82
-3186
-2072
800
-3373
-1739
1300
-3525
-1334
1792
-3686
-977
1868
-3789
-731
1811
-3623
-202
2289
-3671
497
2510
-4079
1248
2244
-4201
1576
1977
-4009
1405
1936
-3957
1009
1744
-4010
742
1749
-3973
473
1712
-3921
205
1603
-3771
-103
1400
-3655
-460
1406
-3522
-918
1212
-3391
-1483
995
-3181
-2102
900
-3040
-2685
299
-2997
-2732
-421
-2950
-2714
-384
-2885
-2267
-1901
-2264
-3406
-2222
-2169
-4562
-1874
-1925
-4842
-1780
-1946
-4511
-1211
-2201
-4188
-675
-2315
-3767
-343
-2477
-3226
-60
-2729
-2900
331
-2884
-2471
738
-3137
-1913
1038
-3419
-1433
1238
-3598
-1182
1610
-3653
-970
1833
-3711
-536
1964
-3787
-129
2064
-3878
246
2276
-4011
654
2412
-4008
819
2378
-3946
648
2086
-3949
451
1958
-3933
291
1837
-3843
52
1708
-3756
-262
1663
-3701
-575
1481
-3516
-963
1350
-3420
-1383
1170
-3194
-2184
887
-3148
-2645
484
-3060
-2828
358
-3085
-2799
542
-2911
-3272
304
-2783
-3842
192
-2736
-4026
58
-2752
-3583
114
-2901
-3313
246
-2956
-3326
390
-2887
-2953
541
-2937
-2466
1044
-3123
-1867
1351
-3318
-1132
1616
-3470
-2560
1750
-3506
12
2210
-3660
726
2336
-3924
1320
2705
-4016
1605
2723
-3974
1627
2562
-3863
1388
2235
-3805
1000
2181
-3728
657
2110
-3655
318
2055
-3534
-91
1867
-3433
-531
1674
-3343
-835
1500
-3135
-1381
1194
-3044
-1798
838
-2710
-2901
268
-2659
-3634
-694
-2586
-4205
-195
-2473
-3463
-2006
-2143
-3855
-1685
-2393
-4528
-309
-2541
-3816
-281
-2694
-3310
197
-2877
-3136
200
-2911
-2969
686
-2964
-2595
981
-3154
-1978
1138
-3418
-1267
1484
-3626
-722
1532
-3706
-329
1557
-3799
194
1667
-3930
808
1611
-4164
1422
1814
-4265
1734
1774
-4145
1697
1608
-4073
1376
1511
-4056
1027
1612
-4035
794
1589
-3984
576
1560
-3932
419
1511
-3595
157
1372
-3395
-508
1387
-3213
-1493
1357
-2922
-2756
1390
-2735
-3697
648
-2731
-3608
-194
-2645
-3675
275
-2740
-3948
-712
-2997
-3447
-1464
-2881
-2727
-1246
-2897
-3227
-1135
-2814
-3388
-750
-2818
-2993
40
-2989
-2673
608
-3175
-2286
1242
-3368
-1631
1606
-3606
-1092
1620
-3633
-829
1265
-3481
-287
1722
-3581
745
1981
-4119
1828
1812
-4269
2470
1839
-4137
2438
1640
-4025
2059
1503
-4007
1660
1489
-4019
1290
1537
-3883
876
1577
-3803
475
1541
-3658
48
1612
-3537
-489
1315
-3332
-1137
1090
-3148
-2020
889
-3060
-2653
53
-2896
-3187
-944
-2952
-3173
-1118
-2820
-2303
-2936
-2256
-2087
-3689
-2204
-3702
-2493
-2012
-4741
-2136
-2071
-3921
-1623
-2329
-3390
-910
-2515
-3215
-138
-2749
-2785
798
-3061
-2413
1349
-3310
-1905
1551
-3525
-1513
1432
-3510
-1360
1420
-3479
-878
1750
-3526
-209
1913
-3777
588
1946
-3988
1354
1960
-4057
1722
1939
-4037
1707
1879
-4040
1487
1802
-3984
1171
1814
-3915
841
1801
-3833
495
1744
-3710
43
1634
-3617
-529
1639
-3491
-1258
1608
-3356
-2105
1416
-3340
-2512
1181
-3448
-2460
822
-3530
-2225
24
-3579
-2130
-176
-3682
-2088
-204
-3735
-1969
-420
-3703
-2007
