-3936
2332
1727
-3609
2157
1022
-3316
1677
268
-3064
1291
-575
-2626
749
-1562
-2199
-763
-2648
-2129
-3025
-2625
-1814
-5355
-2436
-1951
-4385
-1929
-2430
-5904
-1362
-1931
-5650
-1684
-2033
-3760
-1856
-2238
-3139
-2306
-2172
-2943
-2788
-2032
-2074
-2872
-2291
-232
-3038
-3047
931
-3070
-3568
1546
-2225
-3724
1705
-1324
-3916
2499
-236
-3960
2378
-30
-3667
1998
-939
-3362
1613
-1688
-3133
838
-1880
-2905
173
-2044
-2701
-667
-2297
-2420
-1643
-2384
-2206
-3299
-2450
-2105
-4295
-2165
-1927
-5364
-2103
-1923
-6474
-2097
-1828
-6367
-2055
-1770
-4675
-1842
-1693
-2518
-1909
-2230
-1250
-2123
-2652
-100
-1607
-2956
1280
-1098
-3296
2463
-230
-3627
4084
542
-3918
4758
509
-3883
3605
-281
-3393
2318
-900
-3050
1368
-1334
-2655
475
-1772
-2461
-502
-2082
-2310
-2051
-2294
-2120
-3576
-2406
-1920
-4164
-2438
-1819
-4703
-2226
-2098
-6058
-1905
-1958
-6002
-1568
-1929
-4323
-1506
-2096
-2764
-1790
-2216
-1616
-2063
-2438
-380
-2648
-2516
1010
-2806
-2560
2266
-2366
-2658
2418
-519
-3171
2775
2078
-3653
2717
2681
-3454
3429
2093
-3200
3083
1477
-3262
2281
1094
-3406
2124
709
-2889
2191
-91
-2631
1649
-1279
-2290
964
-2457
-2017
-527
-2686
-1953
-2860
-2486
-1554
-5584
-2585
-1741
-4924
-1996
-2226
-5729
-2046
-1764
-4876
-2098
-1999
-3784
-2136
-2114
-3267
-2569
-2163
-2155
-2402
-2428
-1144
-2578
-2723
-157
-2678
-3361
492
-2373
-3320
1206
-1753
-3331
1749
-557
-3831
2329
1069
-4118
2776
1285
-3767
2679
391
-3387
2458
-303
-3196
1867
-879
-3023
1224
-1537
-2680
303
-2050
-2335
-1213
-2591
-2149
-2801
-2639
-1919
-4002
-2422
-2036
-3722
-2201
-2072
-4800
-2079
-1975
-5470
-2053
-1876
-4887
-1843
-1976
-4399
-2052
-2007
-3798
-2192
-2026
-2940
-2136
-2087
-2013
-2432
-2256
-1516
-2473
-2382
-518
-2572
-2554
648
-2398
-2724
1755
-2117
-2707
2899
-1023
-2961
3680
84
-3346
4010
470
-3457
3981
992
-3605
3521
900
-3379
2755
78
-3203
2485
-238
-3137
1799
-631
-2913
1330
-1086
-2753
630
-1621
-2527
-302
-2372
-2313
-1346
-2641
-2104
-2405
-2756
-1883
-3567
-3038
-1995
-3776
-2833
-1986
-4003
-2796
-2004
-4433
-2786
-1927
-4240
-2734
-1966
-4143
-2837
-2072
-3787
-2550
-2197
-3187
-2346
-2349
-2406
-2126
-2656
-1449
-1777
-3121
-869
-1720
-3400
-362
-1702
-3404
580
-1403
-3548
1465
-1242
-3616
2034
-546
-3756
2072
852
-4081
1993
1688
-4085
1978
1461
-3900
2083
862
-3822
1752
422
-3821
1394
130
-3686
1136
-294
-3505
1042
-673
-3196
659
-1357
-2950
156
-2195
-2695
-498
-2455
-2500
-1468
-2411
-2200
-2649
-2776
-2098
-3912
-2949
-1907
-4065
-2457
-1616
-5126
-2500
-1661
-5295
-2357
-2010
-4720
-1947
-2096
-3848
-1792
-2289
-3028
-1780
-2472
-2505
-1883
-2602
-1832
-2096
-2849
-862
-2385
-2959
-127
-2491
-3102
755
-2472
-3224
1323
-1918
-3357
2025
-1450
-3551
2442
-479
-3758
2810
356
-3848
2472
113
-3726
2132
-484
-3613
1812
-823
-3429
1333
-1061
-3321
1006
-1502
-3097
141
-2058
-2874
-815
-2569
-2767
-1573
-2561
-2615
-2381
-2470
-2643
-3045
-2521
-2582
-2930
-2272
-2440
-3586
-2281
-2313
-4231
-2252
-2144
-4267
-2362
-2295
-4218
-2443
-2331
-3650
-2298
-2338
-3057
-2378
-2458
-2317
-2222
-2686
-1228
-2310
-2933
-426
-2467
-3052
457
-2195
-3285
1467
-1663
-3516
2007
-837
-3716
2605
-581
-3749
2714
-936
-3681
2464
-1106
-3601
1952
-1131
-3456
1534
-1420
-3268
1310
-1651
-2987
787
-1846
-2624
-173
-2318
-2357
-1231
-2580
-2076
-2908
-2483
-1957
-3201
-2282
-1899
-3617
-2431
-1920
-3880
-2174
-1677
-5014
-2042
-1540
-4948
-2183
-1653
-4363
-2253
-1781
-3758
-2097
-1690
-3445
-2386
-1758
-3339
-2587
-1837
-2887
-2778
-1887
-2623
-3172
-1933
-2277
-3250
-2089
-1780
-3424
-2317
-1356
-3399
-2515
-864
-3080
-2770
-604
-2819
-2967
-221
-2508
-3153
391
-2348
-3423
981
-2019
-3459
1920
-1237
-3683
2199
-815
-3804
2083
-1287
-3627
1837
-1784
-3521
1426
-1793
-3439
1092
-1924
-3290
682
-1745
-3123
36
-1725
-2874
-919
-2099
-2823
-1772
-2323
-2496
-2303
-2456
-2337
-2701
-2434
-2210
-3124
-2464
-2288
-3752
-2705
-2049
-4698
-2669
-1866
-5337
-2595
-1916
-4761
-2692
-2059
-3961
-2261
-2222
-2562
-2089
-2607
-1417
-1884
-2990
-1034
-1844
-3219
-838
-2202
-3191
-249
-1972
-3452
597
-1693
-3635
1209
-1587
-3760
2170
-1324
-3928
2336
-901
-4035
2205
-531
-3956
1770
-767
-3764
1421
-1089
-3599
1121
-1209
-3390
791
-1349
-3077
397
-1596
-2686
-309
-2013
-2201
-1586
-2463
-1947
-2631
-2519
-1735
-4515
-2709
-2087
-5171
-2530
-1629
-4877
-2392
-1752
-5552
-2360
-1888
-5159
-1960
-1921
-4191
-1902
-1956
-3485
-2137
-2094
-2752
-2164
-2228
-1760
-2157
-2510
-1001
-2071
-2786
-36
-1986
-3088
999
-1865
-3413
1840
-1285
-3655
2578
-230
-4014
3235
397
-3920
3543
755
-3922
2952
874
-3885
2261
143
-3614
1877
-478
-3378
1376
-839
-3064
981
-1317
-2761
258
-1847
-2539
-741
-2495
-2286
-2088
-2772
-2230
-2950
-2230
-2232
-3898
-2369
-2311
-4057
-2272
-1968
-4981
-2246
-1967
-5158
-2081
-2191
-4304
-1942
-2290
-3635
-2121
-2348
-3232
-2203
-2427
-2806
-2163
-2553
-2551
-2214
-2694
-1919
-2232
-2939
-1358
-2187
-3164
-651
-2125
-3443
181
-2018
-3718
633
-1859
-3881
1261
-1392
-3995
1775
-966
-4086
1749
-894
-4076
1678
-799
-3998
1235
-929
-3797
668
-1199
-3647
251
-1301
-3457
-506
-1609
-3333
-1416
-1847
-3202
-2407
-2043
-3089
-3599
-2296
-3044
-4532
-2414
-3063
-3906
-1951
-3158
-3109
-1493
-3219
-2329
-1085
-3338
-1665
-1228
-3288
-788
-1406
-3402
833
-1522
-3630
1746
-1498
-3709
2581
-983
-3808
3408
-671
-3893
3130
-787
-3844
2302
-771
-3724
1652
-861
-3518
1237
-1156
-3264
868
-1418
-3018
520
-1646
-2680
-123
-1978
-2341
-1576
-2330
-2118
-2471
-2434
-1714
-3323
-2409
-1579
-3604
-2240
-1469
-4652
-2377
-1450
-6077
-2518
-1293
-5987
-2118
-1453
-5378
-2094
-1271
-4170
-2518
-1426
-3171
-2404
-1641
-2279
-2721
-1807
-1436
-2998
-2119
-11
-3301
-2679
393
-3284
-2725
804
-2504
-2786
1593
-1578
-3186
2313
-566
-3455
2669
454
-3624
2765
1004
-3755
2399
717
-3660
2447
222
-3630
2307
21
-3536
2222
-204
-3426
2018
-539
-3222
1757
-1041
-2996
1227
-1533
-2838
556
-2041
-2591
-201
-2397
-2373
-1380
-2531
-2206
-2823
-2606
-2161
-3345
-2416
-1955
-3513
-2211
-1829
-4848
-2108
-1721
-5642
-1855
-1721
-5053
-1737
-1908
-5161
-1839
-1732
-4449
-1800
-1650
-3341
-1896
-1740
-2254
-2447
-2046
-1176
-2996
-2520
-282
-3098
-2903
168
-2849
-3018
1329
-2608
-3349
2021
-2150
-3565
1716
-1879
-3579
1735
-1903
-3617
1539
-1746
-3547
1278
-1856
-3371
965
-2119
-3124
605
-2276
-2845
-91
-2279
-2603
-1110
-2470
-2448
-2211
-2524
-2197
-2924
-2438
-2237
-3797
-2417
-2248
-3796
-1960
-2238
-4575
-1891
-2221
-4834
-1654
-2210
-4489
-1757
-2184
-4002
-1977
-2343
-3560
-1944
-2407
-2976
-2084
-2480
-2449
-2263
-2432
-1667
-2783
-2638
-892
-2589
-3162
236
-2001
-3499
481
-1858
-3406
1301
-1786
-3625
2041
-1978
-3697
2087
-2016
-3726
2233
-1860
-3614
1975
-1881
-3451
1142
-1918
-3263
798
-1998
-3058
36
-1939
-2789
-479
-1987
-2468
-1644
-2331
-2340
-2460
-2235
-1868
-2784
-1920
-1862
-3240
-1621
-1686
-4579
-1676
-1438
-5887
-1845
-1159
-6330
-1883
-1393
-5675
-1777
-1655
-4624
-1779
-1617
-3676
-2001
-1690
-2560
-2345
-1969
-1595
-2564
-2236
-1102
-3031
-2583
-1294
-3230
-2535
-1209
-3069
-2445
-485
-3114
-2669
562
-3027
-2890
1213
-2816
-3098
1735
-2319
-3231
2096
-1924
-3355
2436
-1502
-3482
2399
-1387
-3327
2158
-1679
-3177
1903
-1764
-3026
1585
-1956
-2765
1020
-2108
-2494
254
-1982
-2234
-785
-2317
-2056
-2227
-2528
-1832
-3379
-2451
-1531
-4244
-2443
-1462
-4155
-1864
-1391
-5851
-1627
-1707
-6948
-1462
-1578
-5546
-1313
-1639
-4422
-1605
-1665
-3616
-1845
-1749
-2975
-2009
-1672
-2017
-2214
-1683
-959
-3009
-2082
-153
-3338
-2408
980
-2474
-2776
2362
-1776
-3025
3181
-1699
-3171
3345
-1654
-3166
3814
-1524
-3283
3438
-1104
-3289
2861
-1053
-3155
2262
-1309
-3001
1681
-1297
-2760
1136
-1591
-2536
-66
-2454
-2615
-1215
-2606
-2299
-2029
-2415
-1952
-2565
-2421
-1974
-2805
-2116
-2070
-3893
-1975
-1991
-4959
-1913
-1710
-5980
-1979
-1568
-5806
-1758
-1888
-5321
-1745
-1726
-4120
-2039
-1661
-3164
-2355
-1864
-2144
-2399
-2197
-1355
-2525
-2343
-260
-2843
-2618
487
-2591
-3012
1187
-2258
-3438
1852
-1903
-3567
2253
-1604
-3570
2581
-1262
-3608
2726
-1088
-3665
2537
-1233
-3558
2327
-1318
-3392
1859
-1507
-3220
1382
-1717
-2965
906
-1920
-2652
-33
-2331
-2587
-1342
-2498
-2262
-2021
-2355
-1961
-2784
-2303
-2097
-3003
-2104
-2108
-4161
-2055
-1987
-4882
-1835
-1830
-5966
-1768
-1846
-5891
-1610
-1994
-4914
-1864
-2123
-3780
-2132
-2188
-2858
-2138
-2338
-2026
-2221
-2646
-1546
-2144
-2847
-1200
-1931
-2931
-371
-1893
-3129
233
-2150
-3292
1129
-2475
-3424
1908
-2230
-3613
2579
-1453
-3766
2526
-1135
-3846
2256
-917
-3778
1866
-941
-3675
1507
-1185
-3522
1177
-1379
-3322
827
-1554
-3056
479
-1621
-2740
-236
-1808
-2458
-1330
-2195
-2048
-2244
-2228
-1589
-3179
-2504
-1644
-4224
-2365
-1795
-5555
-2483
-1811
-5971
-2667
-1589
-5875
-2713
-1742
-4811
-2552
-1928
-3844
-2506
-1994
-3016
-2394
-2103
-2421
-2342
-2266
-1897
-2227
-2452
-1133
-1952
-2745
-246
-1935
-3025
687
-1820
-3214
1269
-1661
-3384
2180
-1506
-3490
2589
-758
-3672
2871
-255
-3837
3211
28
-3751
2806
-16
-3699
2249
-452
-3661
1865
-819
-3571
1553
-1083
-3469
1139
-1317
-3340
820
-1486
-3196
241
-1769
-3095
-331
-1849
-2960
-992
-1876
-2666
-1793
-2044
-2424
-2496
-2036
-2244
-3432
-2070
-2252
-4623
-2306
-2184
-4879
-2225
-2240
-4532
-1995
-2294
-4360
-2026
-2221
-4045
-2188
-2318
-3919
-2314
-2435
-3674
-2241
-2539
-3083
-2013
-2706
-2277
-1761
-2917
-1632
-1557
-3182
-1066
-1450
-3437
-614
-1364
-3514
-30
-1165
-3611
578
-1057
-3648
1173
-1230
-3618
2139
-1748
-3661
2721
-1732
-3623
2883
-1117
-3733
2364
-982
-3729
1811
-1198
-3615
1456
-1307
-3488
1106
-1447
-3349
626
-1482
-3176
-111
-1435
-3009
-963
-1681
-2775
-2132
-1854
-2715
-3483
-1843
-2684
-4461
-1981
-2653
-4620
-1721
-2613
-5099
-1931
-2675
-4590
-1889
-2612
-3556
-1869
-2614
-2744
-2090
-2743
-1898
-2187
-2947
-1087
-2271
-3114
-748
-2275
-3157
194
-2254
-3289
579
-2357
-3486
1187
-2300
-3633
1639
-1773
-3796
1575
-1369
-3853
1745
-1239
-3856
1625
-1273
-3816
1406
-1360
-3751
1188
-1361
-3614
1030
-1327
-3434
768
-1505
-3113
252
-1786
-2797
-616
-2038
-2547
-1795
-2117
-2232
-2602
-2198
-2085
-3837
-2337
-2283
-4932
-1970
-2192
-5766
-1962
-2149
-5444
-1836
-2334
-4536
-1438
-2369
-4454
-1512
-2171
-3758
-1938
-2079
-3024
-2094
-1976
-2302
-2287
-2179
-891
-2524
-2650
170
-2240
-3058
1300
-2334
-3423
1850
-2117
-3487
2343
-1762
-3495
3219
-1685
-3558
3133
-1426
-3604
2548
-1502
-3540
1822
-1689
-3444
1296
-1799
-3213
972
-1799
-2946
362
-1957
-2799
-369
-2104
-2646
-1448
-2234
-2615
-2467
-2032
-2453
-2953
-2016
-2426
-3181
-2047
-2355
-4081
-2180
-2437
-4814
-2328
-2250
-5084
-2207
-2327
-4777
-2071
-2391
-4767
-2252
-2152
-4135
-2236
-2059
-2758
-1855
-2322
-1501
-1844
-2872
-418
-1909
-3235
442
-1510
-3559
1035
-1470
-3570
1433
-1586
-3669
1770
-991
-4072
2415
-835
-3878
2294
-1209
-3878
1996
-1184
-3863
1603
-1275
-3762
1217
-1449
-3666
836
-1390
-3509
459
-1313
-3308
-3
-1424
-3140
-668
-1667
-2946
-1140
-1985
-2511
-1804
-2310
-2166
-2673
-2696
-2064
-3762
-2905
-2295
-4527
-2824
-2232
-4916
-2673
-2201
-4615
-2409
-2318
-4293
-2225
-2352
-3683
-2024
-2318
-3128
-2028
-2432
-2401
-1822
-2568
-1678
-1604
-2626
-1107
-2286
-2753
-416
-2935
-2992
748
-3000
-3197
1376
-3049
-3289
1776
-2578
-3479
2283
-1941
-3657
2015
-1841
-3582
1824
-1757
-3501
1576
-1756
-3366
1288
-1751
-3163
1059
-1639
-2941
519
-1881
-2638
-466
-2261
-2533
-1473
-2328
-2097
-2740
-2462
-2080
-3946
-2468
-2225
-4338
-2296
-2263
-4617
-2301
-2295
-5100
-2252
-2165
-4714
-2049
-2249
-4015
-2125
-2294
-3477
-2219
-2287
-2712
-2183
-2346
-1987
-2288
-2579
-1134
-2388
-2880
-229
-2560
-3250
-26
-2471
-3389
731
-2309
-3470
940
-1963
-3556
1298
-1977
-3700
2243
-1615
-3767
1898
-1419
-3708
1712
-1525
-3642
1438
-1556
-3540
1115
-1667
-3362
503
-1830
-3220
-22
-1882
-3040
-576
-1957
-2869
-1196
-2163
-2681
-1935
-2371
-2553
-2426
-2412
-2419
-3244
-2532
-2387
-3595
-2453
-2216
-4099
-2749
-2345
-4183
-2823
-2174
-4085
-2898
-2276
-3985
-2708
-2352
-3642
-2560
-2362
-3394
-2689
-2281
-2557
-2348
-2384
-1170
-1983
-2939
170
-1693
-3401
382
-1634
-3469
1341
-1525
-3692
1967
-1519
-3819
2171
-1270
-3904
2240
-1053
-3909
1991
-1072
-3843
1661
-1085
-3690
1292
-1086
-3479
902
-1253
-3217
579
-1271
-2832
36
-1633
-2380
-1356
-2350
-2167
-2240
-2195
-1696
-3314
-2420
-1749
-3992
-2747
-1656
-5230
-2967
-1690
-6043
-3037
-1683
-5643
-2831
-1712
-4882
-2728
-1723
-3826
-2585
-1782
-2687
-2463
-2017
-1556
-2284
-2454
-544
-2461
-2881
177
-2458
-3303
379
-2089
-3573
895
-1650
-3726
1348
-1304
-3853
1423
-1154
-3942
1505
-943
-4024
1583
-772
-3957
1579
-975
-3812
1294
-1120
-3619
976
-1263
-3381
480
-1482
-3100
-441
-1791
-3075
-1506
-1838
-2811
-2289
-2100
-2549
-2685
-2253
-2395
-3368
-2228
-2493
-4307
-2413
-2352
-5230
-2495
-2375
-5033
-2276
-2387
-4212
-2068
-2405
-3648
-2014
-2410
-2948
-2159
-2400
-1912
-2217
-2541
-780
-2552
-2861
-192
-2927
-3080
697
-2354
-3342
1444
-1732
-3534
1322
-1180
-3768
1747
-536
-3896
2014
-400
-3822
2476
-301
-3866
2441
-363
-3842
2206
-617
-3724
1952
-951
-3592
1634
-1090
-3433
1387
-1298
-3219
1112
-1580
-2992
342
-2121
-2854
-375
-2446
-2676
-1231
-2615
-2503
-1881
-2471
-2470
-2913
-2871
-2452
-3185
-2574
-2426
-4296
-2623
-2464
-4665
-2688
-2314
-4327
-2411
-2378
-4016
-2450
-2422
-3346
-2379
-2463
-2646
-2304
-2521
-1833
-2259
-2829
-1031
-2251
-3158
-361
-2109
-3308
-325
-2070
-3137
776
-1969
-3316
1917
-1330
-3649
2034
-930
-3734
2495
-958
-3747
2593
-707
-3859
2389
-456
-3847
2083
-667
-3759
1749
-846
-3667
1537
-997
-3522
1179
-1192
-3347
760
-1466
-3210
59
-1872
-3080
-686
-2057
-2829
-1372
-2286
-2755
-2335
-2453
-2648
-2993
-2369
-2716
-3862
-2375
-2652
-4650
-2213
-2609
-4584
-1979
-2763
-4201
-1919
-2795
-3640
-1757
-2652
-2989
-1900
-2681
-1791
-1930
-3048
-843
-2086
-3277
-523
-2222
-3290
-43
-2019
-3410
708
-2123
-3490
1240
-2101
-3636
1962
-1685
-3753
2072
-1367
-3845
1944
-1014
-3888
1782
-876
-3802
1528
-1080
-3687
1331
-1340
-3547
1009
-1465
-3385
629
-1657
-3187
173
-1784
-2957
-538
-1988
-2689
-1319
-2090
-2427
-2467
-2152
-2181
-3724
-2126
-2406
-5459
-2041
-2405
-5844
-1763
-2484
-4970
-1631
-2623
-4746
-1430
-2341
-3745
-1437
-2392
-2749
-1545
-2387
-1934
-1911
-2453
-776
-2588
-2735
110
-2866
-3036
1021
-2924
-3140
1505
-2510
-3339
1902
-2094
-3584
2182
-1771
-3670
2059
-1439
-3686
1946
-1262
-3643
1671
-1453
-3552
1473
-1627
-3430
1206
-1740
-3285
903
-1876
-3176
285
-2007
-3053
-598
-2215
-2937
-1652
-2421
-2778
-2520
-2375
-2828
-3567
-2413
-2908
-4348
-2229
-2950
-4325
-2066
-3016
-3365
-1833
-3205
-2703
-1648
-3356
-1949
-1532
-3530
-1283
-1490
-3689
-837
-1406
-3793
-456
-1355
-3884
-255
-1351
-3902
-325
-1489
-3854
-604
-1659
-3829
-1157
-1735
-3845
-1527
-1607
-3890
-1623
-1509
-3943
-1365
-1211
-4054
-769
-851
-4102
-443
-885
-4066
191
-858
-4096
733
-769
-4090
1091
-797
-4035
1070
-912
-3924
907
-1098
-3792
570
-1169
-3580
203
-1243
-3296
-172
-1437
-2973
-613
-1565
-2537
-1381
-1984
-2158
-2742
-2444
-1985
-4633
-2248
-1860
-5897
-1864
-1772
-6215
-1489
-2044
-5804
-1454
-1767
-4880
-1685
-1270
-3716
-2196
-1012
-3014
-2869
-941
-1614
-3384
-1401
-66
-3437
-1934
471
-3566
-2051
1723
-3120
-2256
2776
-2768
-2563
3306
-2580
-2956
4117
-1964
-3066
4125
-1442
-3096
3935
-834
-3001
3067
-940
-2880
2247
-1208
-2699
1629
-1316
-2560
832
-1225
-2426
40
-1349
-2392
-967
-2013
-2258
-2696
-2147
-1914
-3825
-2239
-1808
-5403
-2669
-2049
-6355
-2169
-2030
-5613
-1679
-2341
-5105
-1885
-2220
-4318
-1895
-2074
-2989
-2034
-2277
-1857
-2304
-2570
-524
-2546
-3064
211
-2764
-3295
191
-2362
-3186
1304
-1747
-3511
2011
-603
-3961
2330
-40
-3981
2099
-339
-3971
2064
-221
-4018
1771
-283
-3952
1619
-484
-3801
1359
-655
-3602
1015
-892
-3367
653
-1094
-3118
313
-1408
-2720
-136
-1871
-2289
-1097
-2279
-1942
-2049
-2412
-1713
-3499
-2721
-1724
-5444
-2834
-1560
-6732
-2480
-1333
-5745
-2132
-1897
-5559
-1966
-1665
-4287
-2273
-1744
-3362
-2303
-1836
-2238
-2352
-2102
-1340
-2695
-2417
-1069
-2692
-2478
-155
-2717
-2740
421
-2436
-2959
1108
-2242
-3145
1940
-1935
-3282
2505
-1039
-3526
3158
-359
-3683
3090
-347
-3629
2765
-649
-3581
2462
-831
-3523
2103
-1045
-3405
1792
-1276
-3291
1399
-1445
-3110
861
-1756
-2976
337
-1964
-2835
-261
-2334
-2733
-1250
-2518
-2593
-1877
-2448
-2609
-3082
-2489
-2745
-3566
-2176
-2569
-3393
-1990
-2414
-4042
-2000
-2492
-4471
-1732
-2616
-4857
-1726
-2350
-4317
-1757
-2458
-3687
-1680
-2577
-3048
-1875
-2606
-2222
-1962
-2715
-1652
-2070
-2894
-824
-2175
-3110
-127
-2457
-3278
297
-2444
-3320
625
-1914
-3487
1087
-1115
-3430
2320
-416
-3656
3309
-519
-3575
3044
-846
-3574
2871
-939
-3663
2618
-733
-3501
2091
-892
-3413
1775
-1184
-3210
1381
-1396
-2968
808
-1659
-2896
-109
-2200
-2758
-1016
-2680
-2419
-2018
-2697
-2374
-2402
-2597
-2456
-3273
-2714
-2537
-4737
-2689
-2414
-4836
-2673
-2488
-4405
-2189
-2469
-3576
-2059
-2558
-2760
-2310
-2673
-2115
-2404
-2838
-1583
-2218
-3031
-997
-2243
-3232
-722
-2372
-3260
-137
-2031
-3385
764
-2144
-3492
1195
-2034
-3595
1711
-1573
-3751
2097
-1210
-3781
2232
-977
-3776
1951
-1079
-3722
1655
-1267
-3613
1329
-1310
-3397
891
-1401
-3157
556
-1638
-2860
-218
-1954
-2645
-1478
-2448
-2497
-2345
-2407
-2150
-3284
-2453
-2377
-3648
-2297
-2281
-4032
-2403
-2237
-5081
-2609
-2144
-4944
-2158
-2320
-4464
-2077
-2312
-3747
-2091
-2445
-3276
-2044
-2589
-2889
-1944
-2666
-1999
-1909
-2832
-1216
-2120
-3132
-643
-1842
-3251
92
-1795
-3391
963
-1678
-3583
1380
-1278
-3631
2139
-1189
-3719
2432
-1094
-3847
2333
-1087
-3908
2119
-830
-3869
1796
-748
-3800
1351
-1044
-3681
920
-1220
-3549
561
-1313
-3421
-133
-1727
-3353
-742
-1663
-3171
-1505
-1875
-2919
-2363
-2199
-2897
-2836
-2143
-2742
-3080
-2324
-2853
-3884
-2633
-2784
-4076
-2189
-2809
-4342
-1647
-2857
-4364
-1692
-2836
-3795
-1710
-2791
-2670
-1353
-2991
-1720
-1109
-3184
-896
-1037
-3339
271
-897
-3482
1082
-1835
-2756
1644
-2256
-3292
3040
-559
-3554
3811
459
-3930
3553
781
-3859
3102
668
-3675
2684
386
-3477
2117
-139
-3122
1860
-743
-2681
1358
-1446
-2320
645
-2054
-2084
-394
-2604
-2041
-1985
-3061
-1757
-3451
-3279
-1625
-4031
-2899
-1937
-4863
-2676
-2054
-5601
-2585
-1875
-5059
-2401
-2005
-4344
-2295
-1985
-3671
-2422
-1980
-2794
-2636
-2159
-1882
-2566
-2453
-941
-2615
-2770
-452
-2572
-2934
143
-2105
-3158
1143
-1497
-3218
1630
-1518
-3338
2176
-1351
-3457
2982
-1312
-3504
3016
-1206
-3564
2841
-971
-3480
2425
-1247
-3422
1819
-1362
-3248
1487
-1589
-3058
860
-1800
-2896
352
-1820
-2706
-474
-2090
-2582
-1505
-2295
-2201
-2645
-2561
-1967
-4039
-2970
-2171
-3933
-2325
-2001
-3832
-2325
-2092
-5558
-2811
-1824
-4926
-2468
-1976
-3901
-2346
-2176
-3050
-2317
-2348
-2425
-2430
-2397
-1641
-2533
-2676
-1048
-2713
-2900
-871
-2817
-2929
-423
-2352
-3036
906
-1864
-3334
1649
-1660
-3571
2625
-1350
-3754
2825
-969
-3783
2434
-1039
-3682
2129
-1285
-3443
1635
-1604
-3187
1099
-1947
-2972
332
-2220
-2818
-612
-2282
-2653
-1099
-2401
-2476
-1822
-2752
-2430
-2404
-2762
-2268
-2581
-2486
-2204
-3791
-2709
-2041
-4464
-2527
-1864
-4622
-2116
-2223
-5282
-2271
-2010
-4378
-2477
-2023
-3624
-2458
-2109
-3196
-2547
-2145
-1971
-2610
-2438
-935
-2522
-2907
-494
-2237
-2955
53
-1814
-2856
1832
-1982
-3247
2816
-1371
-3489
2639
-438
-3810
2729
733
-3982
2634
841
-3795
2458
255
-3653
2197
-167
-3498
1926
-423
-3257
1596
-867
-3073
1221
-1066
-2702
717
-1682
-2379
-280
-2201
-2122
-2190
-2288
-2101
-4104
-2669
-2113
-4380
-2616
-2023
-5019
-2021
-1944
-5783
-2011
-2017
-4862
-2068
-2128
-3903
-2273
-2183
-3101
-2477
-2302
-2345
-2564
-2494
-1727
-2801
-2776
-977
-2749
-3024
-225
-2317
-3230
665
-1927
-3434
719
-2171
-3480
989
-2194
-3764
1154
-1795
-3799
1244
-1077
-3770
1335
-1132
-3576
1085
-1707
-3403
980
-1623
-3080
567
-1742
-2564
90
-2057
-2048
-1282
-2358
-1620
-2817
-2599
-1313
-4786
-2915
-1391
-6637
-3081
-1498
-6439
-2695
-1752
-4961
-2248
-2084
-4656
-1973
-1827
-3695
-1790
-1818
-2718
-2074
-1932
-1806
-2428
-2078
-497
-2977
-2285
101
-3577
-2648
554
-2517
-2996
546
-1792
-2583
1729
-1525
-2980
3794
-259
-3598
3612
643
-3606
3020
1667
-4020
2510
2096
-3883
2516
2362
-3468
2409
1822
-3286
1844
1099
-3095
1332
427
-2852
977
-155
-2499
487
-1005
-2039
-236
-2164
-1681
-3776
-2486
-1783
-4151
-1860
-1842
-5947
-2855
-2230
-4694
-2088
-1944
-5423
-1853
-2143
-5576
-2287
-2057
-4282
-1906
-2159
-3826
-2262
-2191
-3214
-2361
-2362
-2708
-2373
-2448
-2267
-2628
-2628
-1744
-2515
-2798
-1117
-2658
-3038
-912
-2410
-3114
-398
-1912
-3249
842
-1711
-3389
1673
-1569
-3436
2085
-1104
-3699
2285
-851
-4039
2049
-782
-3859
1751
-717
-3812
1865
-1087
-3624
1181
-1283
-3420
542
-1497
-3231
61
-1874
-3184
-701
-2121
-3009
-1182
-2383
-2866
-1970
-2483
-2782
-2790
-2356
-2695
-2672
-2053
-2621
-3279
-2282
-2606
-3746
-2042
-2592
-4114
-2044
-2482
-4328
-2372
-2414
-4224
-2209
-2474
-4187
-2006
-2258
-3738
-2433
-2110
-2574
-3079
-2311
-1632
-3484
-2545
-995
-3017
-2623
424
-1950
-3199
1841
-1012
-3838
2324
-181
-3878
2365
-179
-3761
2656
-787
-3895
2056
-798
-3651
1580
-685
-3272
1381
-1124
-2826
673
-1666
-2432
-225
-2246
-2200
-1191
-2693
-2091
-2813
-2904
-1776
-3840
-3028
-1738
-4119
-2749
-1783
-4084
-2629
-2092
-4966
-2649
-1627
-5043
-2274
-1660
-5047
-2440
-1709
-3937
-2646
-1812
-3191
-2692
-1860
-2253
-2916
-2155
-1612
-3143
-2323
-509
-2926
-2600
6
-2490
-2800
658
-2470
-3126
976
-2491
-3280
1274
-2214
-3423
1581
-2093
-3614
1635
-1916
-3635
1575
-1816
-3530
1476
-1899
-3252
1015
-2137
-3002
721
-2369
-2759
-128
-2368
-2584
-965
-2477
-2235
-1873
-2910
-2201
-3106
-2710
-2036
-3884
-2601
-2272
-4885
-2548
-2409
-4795
-2133
-2265
-4223
-2257
-2395
-3990
-2470
-2365
-3851
-2376
-2010
-2533
-2741
-2147
-1223
-3289
-2442
-589
-3154
-2694
684
-2559
-3143
1813
-1940
-3474
1841
-1634
-3622
2069
-1269
-3726
1944
-1288
-3820
1782
-1219
-3727
1510
-1271
-3529
1162
-1402
-3343
845
-1357
-3031
295
-1525
-2686
-503
-1937
-2371
-1582
-2223
-2096
-2770
-2372
-1941
-4075
-2311
-1864
-5695
-2563
-1489
-5210
-2382
-1848
-5896
-2171
-2044
-5201
-2468
-1861
-3503
-2500
-2035
-3018
-2456
-2034
-2184
-2926
-2379
-1149
-2873
-2764
-593
-2527
-2930
58
-1917
-3156
998
-1293
-3429
1614
-1070
-3638
2272
-1055
-3720
2794
-1139
-3761
2714
-870
-3707
2347
-699
-3445
1581
-1118
-3209
1156
-1392
-2773
789
-1612
-2390
-413
-2295
-2157
-1719
-2578
-1985
-3974
-2770
-2063
-6243
-2698
-2216
-5691
-1611
-2424
-5662
-1358
-2261
-5454
-1697
-1497
-3236
-2758
-1436
-1020
-3496
-2291
-54
-3465
-2560
873
-2986
-2682
2460
-2376
-3382
2702
-2090
-3496
2427
-1734
-3457
2021
-1779
-3264
1651
-1923
-3029
1083
-2065
-2730
286
-2082
-2375
-626
-2493
-4096
-1734
-2652
-1924
-2767
-2649
-1896
-3198
-2474
-1855
-4013
-2598
-1857
-5215
-2515
-1712
-5917
-2330
-1814
-5425
-2482
-2000
-4956
-2520
-1863
-3889
-2599
-1908
-3072
-2673
-1932
-2123
-2552
-2096
-938
-2482
-2544
-53
-2015
-3010
485
-1517
-3243
1344
-1522
-3379
1530
-1476
-3347
2368
-1532
-3455
3277
-1256
-3529
3427
-1043
-3511
2796
-1000
-3500
2270
-1076
-3367
1665
-1177
-3223
1275
-1110
-2907
759
-1303
-2655
-552
-2041
-2573
-1547
-2279
-2284
-2537
-2049
-2195
-3477
-2310
-2104
-3670
-1917
-1964
-5082
-2099
-1922
-5886
-2122
-2081
-5467
-1801
-2189
-4817
-1662
-2094
-4133
-2027
-1989
-3356
-2376
-1986
-2305
-2505
-2205
-1484
-2855
-2331
-598
-2839
-2555
371
-2717
-2737
853
-2487
-2821
1644
-1826
-3075
2423
-1152
-3360
2699
-929
-3412
3183
-925
-3425
3222
-826
-3474
2729
-854
-3379
2468
-1216
-3228
1973
-1503
-3045
1406
-1727
-2899
908
-1850
-2780
-77
-2054
-2753
-1160
-2220
-2697
-2016
-2067
-2449
-2758
-2258
-2441
-3192
-2157
-2382
-3411
-2008
-2339
-4592
-2088
-2237
-4942
-1919
-2273
-4715
-2040
-2410
-4073
-1973
-2388
-3631
-2110
-2401
-3166
-2204
-2558
-2817
-2217
-2653
-2583
-2260
-2633
-1704
-2221
-2760
-1049
-2371
-2924
-507
-2395
-2900
280
-2473
-2915
1048
-2265
-3030
1987
-1677
-3238
2743
-1044
-3401
3166
-999
-3426
3043
-1116
-3447
2721
-1011
-3450
2399
-1112
-3263
2054
-1367
-3117
1514
-1576
-2942
1154
-1903
-2728
103
-2340
-2688
-878
-2324
-2562
-1813
-2286
-2520
-2974
-2187
-2437
-2983
-1966
-2399
-3583
-2000
-2408
-4447
-1624
-2120
-5350
-1689
-2135
-5401
-1827
-2288
-4848
-1770
-2233
-4240
-2159
-2076
-3206
-2245
-2156
-2331
-2458
-2378
-1561
-2578
-2586
-683
-2524
-2720
325
-2176
-2887
1454
-1895
-3000
2324
-1347
-3247
3280
-911
-3485
3467
-475
-3670
3145
-190
-3623
2630
-593
-3489
2125
-884
-3292
1697
-1165
-3101
1169
-1525
-2877
582
-1745
-2662
-357
-2110
-2520
-1450
-2252
-2313
-1960
-1957
-1970
-3195
-2343
-1974
-3404
-2109
-1726
-4386
-2107
-1620
-5754
-2464
-1584
-6162
-2476
-1749
-5351
-2072
-1755
-4900
-2177
-1595
-3842
-2452
-1675
-3085
-2421
-1778
-2073
-2462
-2095
-1256
-2578
-2272
-344
-2660
-2558
514
-2272
-2736
1124
-2097
-2710
2554
-2060
-2891
2913
-1220
-3139
3339
304
-3694
3513
1293
-3853
3044
812
-3703
2380
45
-3634
2298
-172
-3543
2031
-426
-3323
1621
-856
-3154
958
-1051
-3000
169
-1350
-2793
-579
-1682
-2534
-1655
-2048
-2352
-2629
-2102
-1848
-3565
-2171
-2305
-3659
-2236
-2066
-4135
-2384
-1632
-6157
-2685
-1592
-5504
-2260
-2008
-4769
-2098
-1820
-4182
-2505
-1726
-3156
-2824
-1909
-1987
-2732
-2478
-1363
-2568
-2650
-941
-2423
-2590
677
-2215
-2951
1365
-1594
-3306
2245
-715
-3652
2829
-267
-3746
3033
-357
-3817
2871
-195
-3836
2447
-122
-3698
2095
-513
-3432
1749
-925
-3260
1244
-1002
-2801
1063
-1383
-2422
345
-2235
-2067
-1164
-2758
-1769
-2853
-2868
-1650
-3529
-2148
-1695
-4875
-2286
-1684
-6423
-2636
-1328
-6637
-2561
-1419
-5248
-2236
-1745
-4085
-2364
-1876
-3125
-2432
-1869
-2072
-2470
-1892
-1143
-2818
-2024
387
-2819
-2416
815
-1995
-2514
1667
-1014
-2870
2881
389
-3265
3002
1354
-3516
2931
2093
-3733
2772
2647
-3860
2527
2504
-3675
2577
1906
-3461
2352
808
-3331
2186
74
-3040
1953
-364
-2791
1298
-1026
-2492
518
-1805
-2176
-791
-2434
-2005
-2330
-2364
-2116
-3856
-2133
-2302
-4145
-2074
-2160
-3727
-1967
-2075
-5041
-1914
-1975
-5887
-1603
-1967
-5000
-1633
-2224
-4251
-1778
-2195
-3786
-1986
-2135
-3370
-2223
-2042
-2706
-2532
-2040
-2349
-2672
-2087
-936
-2555
-2538
175
-2643
-2761
1164
-2236
-2800
2392
-1347
-3257
2881
-112
-3761
3424
312
-3736
3493
813
-3769
3130
1007
-3732
2718
213
-3513
2343
-547
-3436
1982
-809
-3260
1606
-975
-2995
1068
-1317
-2811
402
-1549
-2498
-300
-1933
-2254
-1709
-2204
-1985
-3246
-2002
-1829
-4597
-1913
-1993
-4807
-1608
-1778
-5713
-1541
-1915
-6685
-1646
-1791
-5298
-1654
-1877
-4098
-1719
-1860
-3245
-2190
-2016
-2546
-2696
-2229
-1736
-2557
-2341
-745
-2801
-2621
180
-2595
-2850
879
-2118
-2996
1757
-1414
-3244
2307
-304
-3454
3224
326
-3654
3541
701
-3696
3207
513
-3632
2778
-1
-3511
2487
-410
-3486
1912
-615
-3334
1645
-891
-3099
1011
-1221
-2917
332
-1561
-2668
-506
-2035
-2427
-1764
-2468
-2305
-2947
-2025
-2194
-4001
-2167
-2004
-4591
-2175
-1946
-5534
-1757
-2109
-6122
-1444
-2213
-4945
-1322
-2333
-4297
-1256
-2180
-3468
-1495
-2046
-3025
-1976
-1846
-1894
-2437
-1923
6
-3223
-2442
515
-3121
-2286
788
-1926
-2559
3444
242
-3490
4756
1366
-3544
4595
1307
-3381
4140
1067
-3450
3219
654
-3309
2663
-296
-3151
2291
-805
-2795
1912
-1161
-2513
1386
-1624
-2276
786
-2053
-1895
-357
-2601
-1735
-1826
-2745
-1399
-3201
-2502
-1204
-5150
-2614
-1650
-4932
-2191
-2019
-6700
-2270
-1966
-6047
-1691
-1814
-4337
-1635
-1960
-3413
-1710
-2165
-2661
-1874
-2364
-2969
-2724
-1931
-2233
-3374
-1727
-149
-2996
-2207
667
-2350
-2497
1633
-1942
-2691
2365
-1050
-2978
3280
32
-3339
3912
1113
-3803
3659
1566
-3696
3278
787
-3408
2957
80
-3238
2422
-519
-3098
2138
-802
-2737
1541
-1332
-2479
965
-1945
-2249
294
-2187
-1946
-1203
-2364
-1694
-3132
-2214
-1344
-3588
-2366
-1036
-4376
-2193
-1009
-5795
-1898
-1193
-6738
-2031
-1347
-6194
-1998
-1489
-4674
-2122
-1571
-3746
-2053
-1716
-3483
-2196
-1735
-2963
-2591
-1810
-2319
-2738
-1954
-1274
-2890
-2343
-716
-2671
-2737
-87
-2411
-3050
376
-2110
-3008
1154
-1948
-3015
2264
-2056
-3171
3248
-755
-3544
4086
-62
-3597
3204
-574
-3406
2686
-1158
-3318
2045
-1612
-3173
1665
-1812
-2946
1108
-2065
-2784
241
-2361
-2655
-752
-2555
-2576
-1868
-2459
-2502
-2372
-2293
-2399
-2686
-2075
-2365
-2911
-1925
-2398
-3335
-1952
-2277
-3779
-1934
-2136
-4564
-1872
-2063
-4991
-1778
-2130
-4775
-1774
-2177
-4397
-1703
-2163
-3810
-1918
-2238
-3316
-2107
-2346
-2985
-2164
-2366
-2454
-2548
-2358
-1701
-2535
-2625
-1216
-2603
-2931
-606
-2818
-2954
62
-2334
-2894
1028
-2381
-2992
1856
-1818
-3287
2504
-857
-3550
3039
-616
-3597
3235
-679
-3564
2914
-759
-3531
2379
-1024
-3349
2017
-1444
-3196
1573
-1582
-2983
1011
-1795
-2810
467
-1914
-2562
-427
-2144
-2378
-1485
-2342
-2281
-2718
-2447
-2118
-3223
-2244
-2045
-3445
-2050
-1797
-4082
-2614
-1574
-5109
-2332
-1616
-5765
-2141
-1796
-5431
-1929
-1820
-4840
-1897
-1959
-4064
-1900
-1918
-2787
-2123
-2021
-1830
-2324
-2265
-1184
-2596
-2406
-464
-2951
-2515
238
-3088
-2671
1130
-3097
-2885
1814
-2588
-3057
1816
-1696
-3234
2167
-624
-3585
2336
-199
-3726
2448
-79
-3795
2421
69
-3762
2366
-110
-3664
2190
-515
-3516
2063
-940
-3370
1815
-1151
-3168
1453
-1469
-2854
892
-2050
-2713
41
-2413
-2543
-696
-2664
-2267
-1385
-2750
-2130
-2139
-2590
-2095
-2765
-2149
-1890
-3549
-2391
-1702
-4178
-2004
-1476
-5192
-2139
-1450
-5705
-2011
-1530
-5809
-1830
-1540
-5120
-1773
-1625
-4166
-1829
-1764
-3314
-2236
-1985
-2801
-2566
-2070
-1848
-2748
-2308
-644
-3108
-2632
-138
-2938
-2892
307
-2463
-3096
944
-1849
-3332
1192
-1647
-3491
1320
-1340
-3653
1400
-854
-3716
1868
-606
-3738
2476
-216
-3706
2799
-341
-3516
2581
-771
-3297
2053
-1039
-3103
1455
-1374
-2831
856
-1918
-2604
31
-2298
-2340
-929
-2632
-2127
-2229
-2669
-1862
-2840
-2282
-1724
-3426
-2215
-1520
-3964
-2257
-1301
-5201
-2392
-1283
-5926
-2236
-1418
-5708
-2201
-1547
-5047
-1986
-1543
-4382
-2007
