-1253
3677
709
-1229
3693
701
-1199
3668
693
-1227
3651
696
-1262
3686
715
-1298
3725
707
-1254
3681
724
-1247
3662
726
-1268
3687
738
-1297
3695
716
-1260
3670
694
-1225
3664
695
-1220
3685
706
-1282
3706
688
-1265
3665
696
-1187
3681
694
-1259
3668
689
-1239
3680
702
-1262
3674
740
-1272
3672
745
-1308
3670
712
-1292
3675
713
-1254
3678
714
-1230
3677
718
-1229
3674
703
-1250
3686
693
-1259
3679
684
-1259
3672
705
-1252
3672
714
-1247
3675
700
-1245
3687
699
-1258
3682
690
-1248
3690
688
-1238
3684
709
-1264
3674
723
-1283
3677
731
-1297
3675
714
-1296
3670
716
-1268
3680
718
-1255
3686
709
-1230
3669
712
-1252
3671
703
-1270
3685
709
-1284
3683
712
-1253
3673
731
-1254
3681
710
-1257
3669
687
-1261
3675
690
-1272
3677
714
-1259
3674
723
-1253
3681
712
-1258
3684
710
-1264
3675
708
-1251
3682
715
-1271
3684
715
-1274
3687
723
-1260
3668
719
-1248
3659
705
-1267
3675
710
-1277
3681
718
-1276
3670
718
-1246
3682
725
-1249
3680
699
-1232
3672
696
-1246
3672
716
-1280
3681
720
-1259
3678
720
-1249
3672
709
-1248
3678
709
-1240
3685
694
-1243
3682
699
-1246
3674
702
-1247
3696
707
-1253
3684
694
-1241
3677
710
-1233
3666
694
-1250
3684
703
-1262
3696
706
-1250
3691
708
-1235
3682
704
-1242
3674
689
-1270
3670
687
-1287
3677
705
-1287
3693
714
-1241
3665
701
-1220
3661
691
-1266
3682
688
-1285
3701
668
-1238
3670
681
-1250
3675
704
-1276
3703
722
-1277
3695
687
-1251
3654
671
-1257
3666
667
-1272
3699
704
-1276
3702
698
-1253
3694
691
-1244
3675
672
-1265
3671
668
-1257
3686
676
-1259
3681
684
-1268
3693
690
-1253
3683
676
-1248
3677
655
-1253
3671
665
-1251
3675
678
-1261
3683
681
-1266
3691
676
-1261
3688
678
-1255
3694
677
-1249
3686
682
-1231
3676
664
-1254
3682
659
-1268
3690
672
-1270
3686
699
-1252
3681
699
-1250
3686
661
-1241
3682
641
-1240
3697
663
-1253
3694
694
-1257
3687
709
-1285
3690
698
-1300
3670
682
-1276
3672
685
-1247
3676
686
-1234
3691
685
-1252
3693
691
-1263
3675
698
-1282
3679
706
-1266
3668
700
-1270
3673
699
-1253
3684
698
-1257
3681
708
-1259
3673
716
-1263
3664
702
-1262
3670
695
-1275
3679
702
-1272
3673
714
-1255
3677
723
-1262
3680
708
-1274
3673
697
-1268
3680
700
-1267
3679
715
-1256
3673
711
-1258
3679
699
-1272
3689
694
-1265
3687
702
-1231
3661
702
-1255
3677
690
-1273
3698
690
-1269
3682
704
-1245
3673
713
-1254
3672
686
-1246
3689
671
-1252
3684
692
-1265
3680
716
-1278
3685
709
-1274
3673
686
-1260
3667
691
-1257
3681
703
-1263
3685
709
-1263
3680
691
-1264
3666
696
-1263
3672
701
-1270
3690
711
-1275
3679
693
-1242
3671
696
-1250
3665
683
-1270
3687
705
-1286
3695
702
-1260
3678
703
-1246
3668
686
-1260
3687
671
-1257
3692
688
-1266
3679
704
-1261
3677
695
-1267
3684
689
-1257
3677
688
-1255
3680
689
-1259
3684
689
-1261
3687
692
-1255
3679
684
-1251
3676
687
-1248
3678
684
-1255
3693
686
-1264
3687
686
-1255
3682
683
-1233
3668
677
-1250
3680
677
-1258
3700
675
-1258
3695
684
-1234
3676
678
-1247
3680
655
-1240
3686
655
-1246
3698
670
-1256
3691
677
-1244
3681
674
-1245
3685
655
-1256
3687
640
-1234
3688
653
-1234
3690
661
-1253
3699
658
-1255
3697
650
-1250
3691
655
-1243
3686
662
-1252
3700
663
-1259
3696
658
-1254
3693
652
-1231
3677
645
-1257
3686
648
-1254
3699
659
-1268
3696
657
-1248
3690
666
-1245
3682
652
-1238
3686
637
-1240
3692
650
-1254
3682
667
-1261
3679
685
-1276
3689
676
-1274
3682
666
-1263
3677
675
-1244
3685
684
-1251
3687
678
-1255
3687
664
-1257
3681
670
-1264
3677
681
-1268
3692
685
-1255
3694
673
-1242
3681
672
-1233
3676
667
-1251
3683
680
-1262
3694
675
-1273
3683
688
-1260
3669
683
-1255
3668
680
-1251
3693
668
-1259
3694
678
-1248
3676
688
-1253
3678
688
-1265
3692
686
-1266
3683
678
-1250
3680
688
-1258
3687
677
-1264
3694
674
-1246
3687
670
-1241
3668
668
-1259
3697
668
-1271
3695
662
-1239
3684
671
-1231
3673
658
-1249
3691
657
-1265
3692
664
-1255
3684
676
-1240
3678
676
-1258
3681
653
-1248
3684
652
-1260
3686
675
-1271
3686
680
-1255
3680
676
-1253
3681
669
-1270
3688
673
-1262
3679
686
-1255
3680
690
-1256
3686
682
-1255
3688
682
-1262
3673
689
-1268
3680
704
-1287
3682
694
-1286
3685
692
-1243
3660
679
-1248
3680
687
-1268
3695
694
-1268
3685
701
-1259
3672
689
-1272
3672
682
-1256
3677
689
-1246
3684
689
-1256
3685
692
-1260
3680
692
-1257
3676
690
-1267
3679
692
-1269
3677
703
-1270
3683
707
-1266
3682
709
-1271
3676
689
-1258
3672
696
-1261
3675
703
-1274
3685
708
-1283
3680
701
-1260
3673
696
-1258
3670
688
-1268
3678
701
-1277
3687
700
-1263
3682
703
-1255
3670
695
-1267
3676
694
-1267
3682
699
-1281
3678
707
-1270
3672
707
-1265
3669
695
-1268
3680
698
-1275
3675
710
-1267
3675
714
-1271
3683
700
-1276
3679
685
-1258
3680
695
-1253
3677
695
-1268
3678
697
-1277
3683
703
-1281
3682
695
-1248
3670
700
-1258
3671
694
-1267
3688
711
-1282
3674
704
-1274
3675
702
-1280
3661
691
-1270
3671
704
-1259
3684
708
-1273
3676
696
-1284
3661
703
-1275
3662
719
-1287
3676
722
-1290
3675
716
-1265
3672
714
-1276
3670
711
-1288
3674
705
-1288
3667
726
-1295
3665
738
-1299
3671
729
-1298
3675
705
-1272
3682
714
-1259
3651
707
-1247
3668
706
-1266
3676
694
-1284
3680
701
-1272
3669
714
-1279
3666
705
-1255
3679
702
-1273
3685
702
-1273
3676
707
-1267
3679
720
-1278
3677
729
-1290
3671
722
-1280
3670
713
-1264
3675
702
-1247
3686
706
-1243
3677
708
-1257
3669
717
-1267
3685
716
-1285
3683
717
-1251
3660
712
-1255
3666
709
-1274
3681
716
-1277
3680
718
-1252
3676
727
-1269
3670
714
-1266
3667
700
-1261
3680
713
-1271
3679
721
-1262
3674
722
-1249
3688
710
-1239
3671
697
-1262
3668
699
-1295
3685
705
-1280
3668
728
-1250
3676
721
-1249
3682
691
-1242
3698
693
-1250
3693
712
-1250
3679
735
-1278
3658
720
-1295
3673
720
-1295
3684
716
-1253
3685
726
-1236
3674
714
-1255
3675
700
-1267
3678
708
-1286
3671
716
-1277
3666
719
-1267
3666
719
-1263
3667
709
-1276
3671
717
-1274
3675
722
-1266
3671
722
-1260
3678
724
-1267
3674
719
-1271
3683
726
-1273
3684
726
-1271
3679
732
-1248
3659
713
-1265
3676
716
-1272
3682
715
-1262
3688
729
-1262
3677
729
-1264
3667
715
-1257
3678
709
-1266
3685
714
-1261
3678
717
-1244
3672
711
-1238
3685
708
-1252
3681
709
-1242
3672
718
-1269
3688
723
-1276
3678
730
-1268
3665
713
-1253
3683
723
-1258
3689
713
-1239
3685
718
-1242
3671
704
-1254
3674
704
-1272
3677
715
-1268
3685
726
-1244
3669
717
-1238
3664
697
-1243
3687
686
-1244
3685
707
-1250
3673
718
-1268
3682
719
-1276
3681
722
-1272
3669
718
-1263
3679
721
-1270
3684
716
-1256
3681
719
-1260
3676
724
-1276
3674
722
-1257
3671
733
-1274
3667
724
-1273
3682
730
-1280
3677
733
-1266
3677
737
-1265
3674
729
-1266
3674
721
-1266
3681
725
-1276
3680
738
-1272
3674
736
-1254
3665
733
-1259
3663
725
-1274
3672
724
-1268
3673
738
-1266
3677
740
-1259
3665
734
-1265
3676
734
-1270
3672
739
-1260
3669
754
-1264
3651
745
-1284
3675
753
-1282
3678
752
-1269
3665
758
-1256
3663
752
-1259
3663
730
-1258
3672
738
-1276
3670
764
-1287
3670
760
-1282
3663
748
-1274
3665
736
-1261
3660
744
-1268
3661
746
-1277
3674
745
-1265
3670
749
-1260
3659
754
-1273
3673
748
-1277
3675
740
-1260
3663
761
-1265
3657
751
-1286
3680
756
-1296
3670
763
-1283
3666
757
-1260
3658
752
-1261
3673
743
-1257
3681
738
-1271
3679
747
-1273
3666
757
-1274
3669
751
-1271
3666
741
-1268
3664
742
-1262
3663
754
-1272
3671
746
-1267
3671
747
-1267
3665
747
-1272
3667
750
-1263
3672
743
-1275
3674
737
-1246
3655
736
-1252
3659
730
-1273
3680
732
-1282
3673
745
-1265
3664
756
-1268
3668
740
-1261
3670
731
-1266
3671
749
-1274
3670
755
-1272
3671
739
-1274
3681
749
-1272
3658
763
-1259
3633
726
-1274
3678
710
-1269
3691
775
-1257
3668
779
-1259
3664
742
-1313
3670
704
-1272
3672
735
-1226
3659
758
-1258
3676
744
-1280
3679
727
-1272
3673
739
-1263
3661
737
-1257
3674
729
-1241
3687
728
-1252
3672
742
-1268
3666
744
-1275
3670
748
-1259
3670
740
-1260
3666
729
-1248
3675
748
-1253
3687
752
-1259
3668
728
-1252
3667
728
-1260
3684
736
-1266
3682
742
-1235
3661
738
-1253
3668
728
-1281
3694
739
-1271
3682
739
-1224
3667
738
-1232
3675
718
-1247
3690
715
-1241
3689
728
-1254
3675
743
-1260
3675
736
-1252
3671
723
-1241
3670
730
-1250
3681
747
-1261
3681
741
-1261
3675
733
-1255
3664
738
-1254
3666
740
-1254
3689
746
-1268
3679
739
-1233
3665
743
-1249
3660
733
-1270
3683
744
-1274
3689
744
-1256
3674
753
-1254
3663
738
-1252
3671
721
-1247
3683
725
-1250
3673
749
-1260
3670
750
-1258
3669
741
-1255
3670
733
-1250
3664
732
-1250
3670
751
-1259
3677
752
-1257
3671
749
-1263
3657
746
-1273
3661
744
-1269
3682
749
-1266
3677
753
-1243
3656
749
-1256
3668
734
-1263
3679
747
-1289
3680
746
-1275
3668
755
-1268
3663
739
-1247
3663
709
-1233
3675
720
-1255
3686
746
-1276
3680
758
-1275
3671
753
-1281
3657
739
-1277
3662
741
-1260
3674
749
-1251
3680
748
-1236
3675
753
-1257
3669
744
-1276
3674
745
-1276
3674
746
-1236
3671
752
-1229
3661
736
-1244
3677
751
-1273
3680
747
-1259
3674
756
-1247
3660
748
-1255
3671
729
-1245
3673
740
-1258
3671
762
-1264
3667
755
-1268
3672
742
-1259
3669
740
-1258
3669
750
-1266
3669
763
-1281
3678
754
-1268
3676
740
-1249
3667
739
-1252
3672
753
-1274
3683
759
-1272
3682
736
-1234
3659
739
-1252
3665
745
-1277
3677
751
-1300
3672
745
-1264
3659
752
-1256
3659
746
-1260
3668
742
-1272
3677
752
-1273
3669
758
-1266
3673
749
-1263
3665
749
-1266
3664
758
-1279
3662
764
-1272
3664
760
-1267
3665
752
-1250
3662
754
-1247
3662
751
-1258
3675
762
-1275
3676
762
-1256
3662
756
-1243
3657
739
-1243
3670
751
-1265
3674
761
-1274
3667
778
-1275
3660
773
-1272
3654
749
-1253
3670
741
-1252
3679
761
-1251
3667
766
-1259
3666
758
-1282
3666
753
-1290
3669
758
-1259
3683
764
-1247
3689
750
-1246
3666
734
-1253
3651
733
-1265
3671
752
-1284
3685
750
-1250
3662
745
-1244
3656
735
-1248
3682
731
-1254
3678
745
-1253
3670
766
-1263
3657
756
-1273
3666
733
-1268
3677
745
-1246
3663
764
-1250
3663
749
-1258
3671
736
-1247
3661
739
-1231
3661
758
-1243
3683
778
-1260
3689
779
-1246
3663
773
-1242
3655
785
-1243
3626
789
-1214
3643
752
-1167
3619
747
-1215
3649
713
-1240
3672
752
-1318
3708
797
-1345
3629
790
-1383
3620
710
-1446
3613
631
-1479
3676
632
-1506
3627
643
-1414
3606
635
-1424
3644
552
-1449
3698
411
-1375
3652
304
-1322
3618
237
-1383
3640
281
-1480
3679
319
-1603
3595
255
-1617
3571
204
-1634
3656
219
-1570
3777
301
-1588
3827
387
-1595
3701
391
-1700
3590
359
-1882
3687
265
-1840
3791
332
-1603
3675
459
-1402
3644
521
-1312
3627
498
-1329
3614
632
-1399
3694
748
-1466
3679
833
-1286
3718
891
-1256
3810
840
-1172
3649
680
-1140
3429
511
-1144
3581
405
-1159
3741
357
-1177
3487
359
-1224
3454
396
-1253
3400
487
-1179
3464
722
-1368
3429
787
-1622
3431
870
-1613
3364
980
-1637
3427
1127
-1551
3711
1212
-1608
3885
1186
-1572
4165
1050
-1654
4472
901
-1621
4346
832
-1723
4585
755
-1586
4424
664
-1357
3740
694
-1358
3788
643
-1433
4326
464
-1144
4526
381
-977
4042
321
-1080
3404
248
-1200
2922
213
-1144
2777
294
-1121
2802
314
-1096
2879
349
-1179
2988
292
-1338
3364
219
-1367
4188
328
-1182
4626
506
-1329
5168
252
-1687
6149
46
-1526
5121
398
-1235
3063
620
-1480
3512
331
-1207
3677
325
-1129
3275
503
-1371
2809
659
-1595
2651
844
-1496
2978
1044
-1394
3127
1269
-1689
3323
1468
-1826
3323
1562
-1934
3514
1696
-1661
4166
1624
-1448
4604
1443
-1686
4411
1238
-1907
4737
943
-1783
4042
788
-1831
3783
663
-1477
4790
493
-1142
4976
365
-1275
4316
365
-1134
3451
356
-1037
3160
326
-1032
3112
264
-968
2892
223
-1041
2688
242
-1117
2533
252
-1280
2835
251
-1412
3612
364
-1513
4433
565
-1600
5496
692
-1688
6077
946
-1501
4526
1397
-920
3178
1164
-822
3569
665
-1010
3464
505
-1416
2867
493
-1849
2253
579
-1755
2720
738
-1543
3063
890
-1506
3280
1097
-1400
3579
1308
-1448
3476
1402
-1698
4007
1413
-1411
4396
1129
-1509
4443
971
-2002
4474
977
-2103
3969
834
-1955
3841
592
-1622
4503
591
-1093
4789
617
-1057
4698
473
-1226
3866
314
-1218
3238
233
-1203
3130
71
-1104
2848
63
-1076
2413
188
-1161
2370
177
-1289
2829
202
-1229
3601
520
-1282
4620
854
-1218
5631
775
-1463
5646
813
-1668
4018
1380
-1249
3382
1073
-849
4000
652
-1017
3612
514
-1555
2934
542
-1640
2530
957
-1396
2395
1077
-1591
2638
1002
-1602
3192
1414
-1566
3248
1477
-2081
3615
1588
-2158
4360
1428
-1832
4754
1341
-1842
5059
1328
-2182
5735
1041
-1874
4663
855
-1433
3516
717
-1440
3866
454
-1314
4296
205
-1161
4122
104
-1018
3564
-7
-996
3118
-134
-1161
2819
-208
-1176
2710
-87
-1083
2597
108
-1178
2631
233
-1371
3194
296
-1440
4326
372
-1448
5441
610
-1737
6210
827
-1564
5135
1371
-1163
3072
1589
-1046
3631
1064
-729
3891
920
-957
3442
874
-1479
2721
957
-1895
2503
1031
-1921
2739
983
-1718
3318
1204
-1566
3509
1460
-1394
3580
1541
-1453
3819
1327
-1797
4010
1152
-1629
4055
1035
-1540
4429
1024
-1735
4837
860
-1937
5272
639
-1513
4280
538
-1478
4493
423
-1387
4929
193
-1058
4535
130
-957
3871
120
-1019
3232
60
-1237
2902
-80
-1243
2789
-216
-1114
2519
-77
-1133
2477
151
-1228
2891
188
-1227
3484
227
-1386
4611
517
-1413
5106
744
-1652
5801
1147
-1185
4537
1663
-737
3139
1359
-1314
3523
910
-1708
4011
1168
-1353
4014
1502
-1575
3365
1648
-1999
2993
1544
-1807
3201
1517
-1428
3463
1527
-1307
3637
1415
-1501
3320
1139
-1568
3013
970
-1718
3227
850
-1777
3877
709
-1626
4789
642
-1997
5960
607
-1836
5217
512
-1250
3852
345
-1533
4442
208
-1831
5195
91
-1166
4559
87
-906
3819
-108
-1043
3230
-316
-1450
3011
-275
-1513
2843
-141
-1198
2931
-13
-1175
2939
211
-1124
3223
401
-1088
3627
504
-1360
4099
671
-1511
4205
999
-1055
4471
1189
-825
5313
1046
-986
4107
1376
-1234
3125
1464
-1614
3753
1146
-1263
4202
1174
-1101
3878
1273
-1549
3312
1251
-1748
3090
1133
-1487
3171
1130
-1215
3292
1190
-1249
3472
1102
-1446
3360
990
-1499
3227
952
-1565
3369
977
-1596
3849
965
-1478
4346
949
-1684
4883
981
-1934
5671
979
-1765
4566
989
-1330
4016
1013
-1043
4773
772
-869
4798
387
-969
4195
390
-1135
3174
291
-1209
2604
126
-1282
2585
-2
-1001
2547
19
-825
2573
211
-1012
2773
220
-1310
3400
218
-1248
3921
463
-1198
5005
798
-1039
5705
578
-1577
5428
754
-1727
4199
1375
-1307
3683
1282
-1231
3573
875
-1416
3329
1040
-1571
2961
1557
-1522
3012
1675
-1536
3164
1881
-1494
3051
1826
-1908
3133
1829
-1686
3230
1827
-1619
3715
1723
-1605
4208
1435
-1499
4261
1123
-1865
4701
1013
-2267
5229
849
-1750
4090
597
-1478
4210
542
-1406
4817
374
-1040
4710
335
-676
3876
373
-761
3098
153
-1304
2864
-19
-1455
2859
-97
-1233
2709
-113
-1111
2552
132
-1219
2700
320
-1380
3452
329
-1373
4215
395
-1407
4931
721
-1314
5233
970
-1477
5002
1209
-1332
3466
1299
-1450
3394
1026
-1321
3644
769
-1249
3719
892
-1805
3246
1210
-2056
3071
1148
-1952
3402
1007
-1523
3555
860
-1544
3654
801
-1665
3367
713
-1556
3287
471
-1558
3629
340
-1656
4158
311
-1454
4685
200
-1788
5128
174
-2415
5255
263
-1991
4341
441
-1186
4433
490
-1242
4790
481
-1143
4952
417
-921
4278
259
-980
3415
153
-1136
3031
-24
-1200
2756
-39
-1025
2514
128
-991
2300
268
-1237
2482
245
-1534
3207
314
-1548
3794
525
-1737
4363
555
-1846
5352
383
-1879
5560
556
-1518
4001
1078
-1286
4363
816
-1496
4146
433
-1341
3158
412
-1457
2534
518
-1807
2449
552
-1788
2832
773
-1468
3354
1251
-1152
3421
1419
-1652
3184
1352
-2596
3507
1564
-2479
4445
1765
-1705
4726
1750
-1997
5300
1720
-2196
4675
1498
-1858
4284
1355
-1307
4788
1216
-1017
5332
808
-1211
5138
565
-1083
3955
574
-992
3370
362
-1216
2973
159
-988
2440
212
-841
1935
309
-999
1671
335
-1384
2008
336
-1617
2783
516
-1998
3669
701
-2078
4663
670
-1938
5780
707
-1692
6201
972
-1455
4109
1159
-1034
3614
862
-1138
4084
729
-1118
3108
565
-1326
3058
521
-1845
2919
489
-1978
2907
804
-1545
3113
1118
-1525
3233
1141
-1613
3417
1395
-1549
3230
1518
-1860
3639
1733
-1729
4495
1590
-1481
4806
1385
-2016
5129
1347
-2186
4357
1051
-1759
3900
869
-1612
4200
710
-1026
4797
739
-845
5067
605
-1083
4073
253
-1189
3373
49
-1289
3104
-149
-1226
2702
-314
-1040
2288
-238
-1078
2187
-97
-1154
2793
-69
-1170
3588
-58
-1349
4269
258
-1564
5239
549
-1696
5625
790
-1329
4481
1311
-832
4320
1339
-717
4175
1025
-1158
3412
740
-1414
2656
982
-1814
2508
955
-1771
2833
1022
-1650
3174
1292
-1436
3611
1483
-1377
3390
1400
-1909
3573
1498
-2072
4479
1479
-1554
4946
1297
-1709
5054
1352
-2259
5020
1146
-1954
4228
944
-1566
4121
794
-1424
4665
507
-1364
5115
261
-1053
4294
248
-810
3356
121
-993
2979
-129
-1324
2698
-250
-1247
2552
-171
-1087
2370
-34
-1138
2669
92
-1371
3261
306
-1421
3925
833
-1364
4837
1050
-1233
5690
1128
-726
4595
1428
-817
3590
1465
-1136
3737
908
-1139
3673
689
-1441
3210
904
-1755
2823
1132
-1749
3036
1291
-1698
3259
1426
-1541
3459
1638
-1537
3434
1748
-1609
3384
1838
-1873
4111
1822
-1537
4692
1547
-1431
4518
1313
-2129
4903
1268
-2278
4462
987
-1735
3731
834
-1759
4266
580
-1577
5207
369
-979
5151
452
-615
3853
423
-515
3174
276
-1196
2982
-98
-1586
2800
-135
-1131
2479
145
-1109
2314
314
-1333
2679
496
-1212
3324
604
-1139
3962
682
-1283
4750
1019
-1374
5373
1070
-1160
4018
1458
-1224
3816
1335
-909
4285
915
-750
4016
907
-1050
3382
1283
-1437
2644
1182
-1889
2615
1290
-1695
2984
1604
-1546
3584
1736
-1520
3690
1675
-1938
3659
1757
-1964
4189
1756
-1585
4533
1597
-1611
4756
1511
-2133
5124
1339
-1821
4607
1064
-1532
4509
889
-1421
4841
551
-1151
5033
316
-849
4052
347
-770
3208
313
-1014
2947
85
-1214
2695
-233
-1094
2322
-211
-1087
2059
15
-1199
2268
150
-1269
3217
225
-1361
4212
442
-1420
5055
811
-1318
5763
944
-1232
5026
1262
-1159
4228
1505
-1048
4110
1109
-871
3869
832
-1123
3175
928
-1844
2510
1227
-1845
2674
1373
-1677
3046
1621
-1450
3440
1724
-1549
3604
1691
-1873
3667
1693
-1941
4468
1650
-1736
5546
1448
-1811
6208
1171
-1849
4727
971
-1580
3502
694
-1675
4353
475
-1281
5030
316
-816
4440
275
-938
3818
25
-1117
3338
-272
-1135
2868
-402
-1147
2548
-344
-1116
2342
-302
-1194
2402
-265
-1214
3136
-167
-1182
3986
63
-1347
4738
504
-1434
5633
614
-1444
5673
959
-1039
4361
1755
-684
4116
1436
-558
4034
1156
-1274
3317
835
-1389
2647
1184
-1648
2712
1376
-1663
3046
1417
-1539
3403
1489
-1331
3787
1372
-1429
3576
1201
-1854
3890
1306
-1637
4497
1285
-1340
4625
1037
-1836
4950
915
-2102
4776
879
-1773
4160
628
-1223
4333
592
-1298
4957
423
-1187
4856
167
-921
3825
126
-925
3278
168
-1243
2990
-241
-1408
2612
-504
-1233
2455
-380
-1249
2423
-172
-1188
2978
-49
-1102
3745
38
-1435
4356
538
-1584
4853
895
-1311
5637
903
-1168
4834
1356
-1192
3844
1558
-1021
4388
975
-1153
4244
772
-1339
3316
845
-1713
2708
900
-1852
2529
944
-1686
2762
1093
-1461
3223
1319
-1301
3466
1277
-1526
3422
1450
-2100
4114
1522
-1873
4907
1497
-1377
4646
1480
-1872
4962
1444
-1914
4218
1151
-1504
3924
1047
-1444
4510
771
-1279
5113
443
-1024
4518
375
-928
3505
244
-1053
3003
6
-1215
2718
-189
-1054
2502
-180
-1028
2208
-51
-1076
2354
72
-1233
3224
188
-1319
4164
342
-1501
4929
619
-1544
6209
948
-1419
5166
1217
-1013
3484
1483
-909
3750
1038
-1106
3745
728
-1400
3328
850
-1767
2775
1109
-1707
2916
1196
-1717
3257
1333
-1611
3481
1434
-1554
3691
1486
-1443
3508
1635
-1620
3755
1680
-1579
4470
1468
-1426
4686
1222
-1819
4701
1247
-2160
4554
1121
-1722
4288
955
-1116
4917
760
-922
5251
446
-875
5127
273
-1042
3743
118
-1164
2701
8
-1298
2495
-163
-1147
2393
-243
-972
2145
-45
-1086
2235
36
-1485
3030
155
-1838
3879
466
-1747
4333
913
-1732
5148
1288
-1658
5571
1176
-1306
3984
1272
-1295
3597
1181
-1368
4069
846
-1063
3639
757
-1284
3007
1004
-1731
2765
1118
-1700
2845
1217
-1586
3061
1486
-1505
3423
1696
-1517
3376
1838
-1882
3370
2019
-1953
4125
2035
-1689
4703
1718
-1787
5236
1537
-2241
5271
1198
-2199
3818
638
-1891
4133
460
-1598
5473
357
-1015
5662
453
-871
4524
535
-1201
3721
440
-1438
3107
321
-1247
2654
409
-879
2368
666
-816
2180
847
-811
2204
779
-979
2787
487
-944
3210
477
-1270
4673
371
-1651
5336
731
-2094
5494
1287
-1729
5473
925
-675
4708
996
-813
3667
1287
-1269
3104
1295
-1616
2657
1246
-1692
2384
1395
-1455
2647
1739
-1621
3131
1926
-2151
4045
2192
-1931
5582
2234
-1554
6367
1967
-1142
4571
1354
-1194
3237
1105
-1678
3860
901
-1857
4857
666
-1330
4524
666
-981
3748
737
-1081
3416
336
-1137
2981
246
-1021
2637
211
-1158
2398
357
-1158
2318
466
-1239
2818
441
-1296
3289
394
-1466
3948
493
-1614
5410
534
-1403
5922
869
-456
3705
1108
-370
4104
797
-989
4108
287
-2193
3606
222
-2148
2718
817
-1386
2767
984
-1317
3115
743
-1395
3484
666
-1314
3466
694
-1672
3294
919
-1675
3978
1163
-1240
4689
559
-1583
5494
119
-1237
4990
-3
-316
3141
-451
405
3782
-1701
1937
4248
-2364
2595
4466
-2239
368
3398
-1339
-1237
4077
-558
-1202
3815
-76
-1650
4150
661
-2447
4010
609
-1920
3648
575
-1949
3854
718
-1926
4678
355
-1581
3953
327
-1649
4271
787
-2334
5395
663
-1601
5015
745
-955
4766
976
-1242
6218
898
-852
5975
287
-750
4476
317
-1003
3216
370
-1197
2334
292
-968
1995
400
-661
1776
496
-624
1355
606
-929
1342
699
-1275
2282
788
-996
2905
779
-1047
4077
656
-1757
6629
833
-1994
5749
1053
-1750
5116
933
-1045
5341
1330
-1168
5394
1168
-1907
4389
1051
-1275
3206
1725
-739
3124
1527
-1494
3205
647
-1754
3400
480
-1505
3475
556
-1321
3596
512
-1353
3951
155
-1505
4029
-61
-1567
4378
-214
-1083
4695
-280
-645
4776
-103
-848
4275
93
-601
2500
660
-400
3005
583
-821
3539
207
-1352
3562
154
-1663
3403
746
-1620
3180
1140
-1703
3122
1085
-1798
3305
1116
-1797
3582
1352
-1600
3337
1515
-1505
3364
1529
-1729
4256
1344
-1562
4608
1033
-1634
4778
979
-2131
5548
994
-1907
4991
782
-1198
4281
600
-1009
4809
481
-1130
5173
122
-1135
4531
-143
-1060
3471
-381
-1151
2845
-448
-1378
2638
-516
-1196
2611
-596
-1120
2451
-453
-1082
2425
-247
-1191
3114
-58
-1334
3875
261
-1667
4943
704
-1652
5895
1065
-1418
5507
1547
-890
3934
1877
-792
3943
1341
-942
3950
988
-1259
3601
1073
-1849
3185
1486
-1947
2979
1432
-1949
3108
1344
-1829
3404
1400
-1435
3504
1384
-1282
3385
1295
-1573
4070
1284
-1623
4666
1108
-1656
4834
871
-2130
5787
815
-1984
4979
671
-1046
4098
364
-972
4635
323
-1478
5060
91
-1327
4311
-11
-1031
3327
-157
-1091
2861
-314
-1335
2623
-419
-1200
2729
-460
-990
2677
-290
-973
2630
-138
-1138
3196
-115
-1257
3766
24
-1503
4530
446
-1701
5750
658
-1770
6429
870
-1415
4662
1927
-747
3885
1280
-503
3564
1057
-1082
3012
1143
-1715
2753
1298
-1537
2903
1019
-1437
3070
899
-1503
3392
911
-1494
3679
937
-1348
4469
970
-497
4973
993
460
4938
1228
-434
4992
1048
-964
4344
1139
-1233
3327
997
-1752
4098
425
-1679
4507
299
-1072
4564
456
-979
3775
355
-1140
3058
337
-1034
2927
373
-1022
2969
280
-899
2615
355
-998
2370
457
-1206
2806
397
-1240
3194
201
-1967
3683
260
-2751
5037
579
-2525
6292
447
-1828
6654
-61
-1252
3925
197
-373
3031
-115
-1184
3563
-447
-2237
2882
-226
-2353
2363
196
-1820
2276
609
-1744
2717
1241
-1766
2942
1481
-2059
3796
1646
-1785
3980
1716
-1586
3991
1728
-1788
4370
1693
-1753
4683
1411
-1674
4861
1300
-2169
5079
1328
-2417
5125
1014
-2045
5279
420
-1301
5705
379
-672
5358
405
-510
4197
226
-799
3441
73
-1377
2986
-75
-1436
2489
-10
-1024
1739
207
-952
1401
423
-1018
1543
639
-992
1983
735
-1082
3355
568
-1397
4898
301
-1977
5576
243
-2058
4542
857
-1930
4973
1297
-1175
5131
1309
-342
4638
1434
-852
3877
1654
-1765
3165
1754
-1879
2881
1785
-1573
2895
1982
-1540
3320
2093
-1666
3255
1920
-1986
3787
1834
-1866
4701
1592
-1771
5611
1279
-2162
6304
1249
-2239
5047
980
-1679
4388
382
-1652
4709
174
-1398
4796
209
-845
4265
166
-877
3629
-30
-1157
3125
-226
-1318
2473
-61
-1246
2114
118
-1181
1822
238
-1248
1967
341
-1341
2652
591
-1246
3416
599
-1369
4402
729
-1623
5117
1091
-1307
4727
1310
-1417
5141
1443
-658
4608
1264
-701
4041
1047
-1403
3324
1120
-1925
2926
1524
-1727
2802
1630
-1622
3156
1671
-1644
3571
1759
-1624
3621
1864
-1831
4278
1905
-1286
4830
1174
-1831
4814
1139
-2143
4352
925
-1871
4161
679
-1682
4627
470
-1243
5046
362
-790
4366
308
-857
3466
98
-1216
3150
-53
-1416
3053
-162
-1093
2770
-142
-909
2337
78
-1170
2727
236
-1307
3421
521
-1246
4010
895
-1053
4725
1111
-972
5074
1120
-679
4001
1272
-890
3728
1080
-936
3956
658
-982
3822
444
-1556
3201
555
-1860
3209
834
-1853
3094
847
-1935
3305
1408
-1690
3410
1665
-1562
3523
1907
-1484
4614
1472
-1761
4426
1465
-2162
4561
1360
-1945
4899
909
-1778
5537
645
-1618
6022
361
-1112
5165
100
-826
3919
28
-1267
3604
-53
-1342
3348
15
-869
2875
224
-713
2265
385
-1097
2180
422
-1277
2178
553
-1000
2629
988
-754
3504
937
-962
4254
645
-1115
4494
793
-1148
4304
1079
-1208
4813
971
-1074
4551
794
-1100
4025
1090
-1726
3723
1251
-1523
3416
1614
-1580
3487
1705
-1581
3722
1844
-1499
4939
1583
-1417
5067
1261
-1880
5158
1168
-1823
4184
862
-1595
4122
556
-1610
4983
482
-1392
5241
314
-1148
4457
182
-985
3737
-4
-920
3406
-28
-962
3158
-50
-1042
2794
-140
-1235
2483
-50
-1263
2630
111
-1305
3030
392
-1231
3218
919
-1140
3766
1122
-1029
4734
1095
-997
4475
1344
-1085
3757
1360
-1077
4419
933
-851
4782
757
-1082
3894
768
-1629
3364
853
-1819
2959
784
-1742
3180
995
-1460
3425
1351
-1388
3386
1609
-1623
3502
1855
-1997
4202
1874
-1824
4609
1745
-1785
4586
1813
-2047
4638
1634
-1899
4539
1234
-1511
4774
1011
-1386
5261
653
-1118
5131
339
-972
4005
261
-1023
3312
107
-1271
3112
-200
-1297
2955
-294
-1009
2696
-203
-1004
2858
-38
-1064
3365
72
-941
3577
192
-1077
4288
390
-1282
4814
344
-1304
3712
772
-1171
3652
1120
-1184
4067
748
-1065
4443
826
-1311
3796
1078
-1724
3634
1492
-1472
3603
1374
-1531
3496
1478
-1489
3566
1706
-1396
3416
1659
-1506
3659
1714
-1628
4264
1608
-1622
4749
1356
-1900
4801
1330
-2004
4646
1203
-1578
4877
863
-1313
5261
656
-1284
5567
457
-1258
5040
185
-1114
3969
78
-899
3540
21
-976
3343
-158
-1084
3016
-118
-1093
2629
-44
-1036
2291
48
-1188
2690
212
-1103
2894
482
-1022
3669
623
-1063
4688
606
-1308
4582
962
-1477
4594
1370
-1240
4466
982
-933
4244
728
-1111
3864
1017
-1509
3611
1432
-1534
3456
1703
-1421
3449
1835
-1552
3538
1912
-1668
3426
2031
-1673
3662
2136
-1526
4360
1972
-1423
4897
1585
-1589
5027
1196
-2035
4971
1076
-1970
5362
855
-1350
5451
491
-1088
5213
304
-1036
4292
198
-956
3276
109
-933
2933
2
-1028
2681
-157
-985
2321
-126
-966
2080
14
-1114
2249
84
-1321
3113
318
-1301
3937
614
-1480
4468
768
-1610
4919
969
-1515
4626
1279
-1460
4798
1485
-811
4413
1363
-911
3652
1222
-1431
3097
1442
-1819
2937
1516
-1404
2991
1645
-1255
3160
1601
-1560
3229
1599
-1860
3419
1741
-1594
4165
1683
-1387
5270
1419
-1836
5349
1314
-2251
5020
1149
-1894
5108
739
-1211
4828
473
-992
4547
364
-969
3955
260
-1019
3250
78
-1228
2975
-15
-1288
2756
-18
-1019
2216
69
-1000
1887
231
-1258
2314
299
-1367
3014
526
-1317
3888
760
-1371
4541
801
-1603
5134
1046
-1336
4114
1303
-1402
4131
1392
-1166
4603
1272
-1017
4199
1027
-1365
3426
1294
-1803
2895
1482
-1694
2943
1548
-1241
3112
1584
-1280
3444
1591
-1270
3296
1437
-1526
3420
1482
-1499
4312
1356
-1322
4869
1093
-1717
4846
903
-2315
4930
905
-2077
4673
805
-1459
4575
649
-1066
4695
516
-910
4300
350
-920
3409
199
-1022
2904
72
-1257
2706
-40
-1248
2424
-119
-1053
2076
-35
-1048
1972
116
-1338
2847
179
-1398
3850
198
-1646
5084
569
-1921
6726
1012
-1524
4913
1596
-592
3407
1766
-603
3804
1218
-1031
3830
719
-1417
3275
1033
-1801
2701
1578
-1580
2778
1407
-1470
3058
1292
-1559
3357
1334
-1392
3469
1286
-1405
3382
1336
-1678
3938
1347
-1727
4801
1243
-1825
5355
1150
-2096
5070
1144
-1741
4180
852
-1369
4531
766
-1237
4905
556
-945
4335
390
-897
3462
151
-1095
3062
-74
-1450
2792
-246
-1320
2534
-280
-1052
2326
-151
-1167
2585
-6
-1306
3335
73
-1305
3803
270
-1507
4566
634
-1650
5246
990
-1273
4307
1521
-708
3513
1903
-1208
3885
1345
-2042
3371
1233
-1869
3157
1892
-1734
3260
1645
-1669
3393
1466
-1532
3496
1276
-1543
3135
1016
-1655
3235
959
-1909
3972
940
-2113
4329
837
-2247
5371
671
-2547
6425
672
-1928
4179
437
-1386
3940
-139
-1403
4122
-597
-1124
3904
-641
-1374
3782
-635
-1531
3279
-867
-1486
3135
-1028
-1595
3133
-858
-1368
3368
-493
-1132
3639
-201
-1132
4498
7
-837
4894
-28
-807
4554
-58
-1217
4032
35
-1444
2611
423
-1631
2938
857
-1676
4312
1083
-1297
4881
1649
-1845
4067
1581
-1191
3452
1665
-824
3338
1507
-1163
3316
1289
-1433
3433
1354
-1352
3306
1289
-1443
3332
1160
-1892
3949
1131
-2101
4496
964
-1799
5160
747
-1832
5849
772
-1324
3942
650
-1164
3882
433
-1884
4979
320
-2061
5021
186
-1426
4334
-11
-1171
3502
-366
-1443
3173
-378
-1757
3145
-472
-1506
3372
-577
-1298
3452
-341
-1185
3629
-95
-911
3604
277
-1311
3852
795
-1563
2668
1774
-781
2681
2231
-442
3830
2090
-67
4407
1786
-631
3965
1818
-1587
3356
1912
-1860
3210
1244
-1588
3467
902
-1109
3757
1026
-920
4253
997
-1090
4524
889
-852
3491
793
-940
3551
620
-1494
3845
530
-1405
3292
408
-1104
3300
305
-1356
3287
184
-1387
3327
72
-1509
3834
76
-1645
4162
184
-1536
4112
308
-1359
3992
405
-1390
3779
492
-1615
3727
462
-1598
3696
591
-1407
3742
770
-1418
3798
731
-1565
3806
704
-1485
3521
806
-1271
3518
804
-1154
3738
731
-1072
3844
732
-1026
3815
615
-1261
3742
572
-1273
3700
540
-1198
3662
579
-1246
3605
643
-1290
3568
669
-1322
3629
704
-1320
3676
746
-1367
3671
743
-1429
3657
735
-1385
3628
760
-1328
3653
753
-1314
3703
741
-1311
3681
731
-1331
3661
721
-1316
3636
711
-1290
3645
709
-1303
3645
712
-1309
3643
695
-1351
3664
696
-1335
3633
724
-1366
3622
745
-1412
3664
755
-1429
3666
761
-1437
3670
764
-1428
3677
742
-1398
3616
698
-1375
3602
676
-1366
3645
656
-1399
3676
637
-1387
3649
643
-1358
3619
660
-1342
3622
676
-1332
3630
704
-1380
3649
718
-1413
3668
743
-1430
3645
769
-1428
3609
797
-1449
3620
806
-1462
3633
785
-1473
3634
733
-1431
3629
718
-1394
3624
707
-1398
3632
703
-1383
3637
714
-1396
3634
716
-1410
3627
706
-1421
3633
715
-1441
3621
720
-1453
3634
726
-1448
3621
733
-1434
3619
736
-1427
3644
738
-1428
3655
713
-1414
3640
691
-1392
3624
684
-1406
3620
685
-1417
3636
683
-1420
3672
680
-1407
3674
683
-1369
3643
660
-1381
3683
677
-1368
3657
741
-1418
3637
736
-1408
3604
709
-1404
3601
658
-1453
3664
649
-1428
3689
690
-1419
3648
744
-1382
3604
780
-1419
3653
764
-1420
3705
730
-1382
3738
754
-1319
3612
726
-1342
3533
682
-1373
3558
658
-1404
3625
653
-1454
3700
646
-1447
3649
667
-1421
3585
688
-1408
3616
734
-1407
3648
762
-1393
3676
766
-1342
3678
761
-1324
3642
752
-1350
3657
722
-1384
3673
694
-1382
3654
698
-1402
3618
690
-1430
3618
703
-1428
3648
704
-1413
3654
727
-1387
3635
735
-1377
3652
746
-1378
3657
737
-1365
3650
714
-1364
3632
700
-1394
3626
702
-1439
3624
708
-1445
3618
725
-1434
3632
731
-1427
3645
721
-1387
3646
719
-1373
3654
713
-1371
3654
706
-1377
3646
688
-1383
3642
703
-1383
3638
703
-1413
3642
717
-1418
3652
725
-1414
3639
741
-1402
3639
742
-1397
3634
724
-1399
3643
696
-1407
3642
696
-1416
3637
699
-1416
3628
698
-1412
3636
702
-1417
3655
690
-1400
3665
689
-1368
3656
688
-1356
3652
693
-1369
3650
690
-1392
3651
702
-1417
3648
687
-1418
3636
702
-1426
3636
698
-1413
3656
706
-1369
3646
703
-1365
3647
696
-1367
3651
694
-1402
3641
706
-1408
3644
723
-1399
3642
724
-1381
3639
715
-1373
3645
707
-1371
3654
705
-1384
3655
717
-1378
3644
751
-1421
3650
737
-1393
3638
728
-1398
3624
696
-1404
3648
691
-1398
3645
677
-1387
3646
696
-1362
3652
710
-1369
3647
713
-1374
3656
707
-1397
3642
699
-1402
3628
692
-1387
3631
688
-1399
3644
685
-1387
3650
689
-1365
3655
706
-1350
3664
710
-1349
3664
701
-1373
3652
698
-1382
3639
712
-1411
3630
717
-1429
3650
723
-1440
3660
706
-1390
3641
716
-1365
3643
703
-1373
3647
695
-1397
3664
693
-1404
3644
699
-1401
3634
704
-1403
3642
704
-1401
3643
701
-1380
3648
696
-1383
3656
676
-1422
3696
721
-1396
3631
767
-1377
3598
708
-1366
3625
608
-1374
3636
585
-1401
3637
635
-1379
3680
728
-1386
3716
813
-1415
3700
843
-1362
3595
840
-1369
3534
716
-1406
3591
637
-1395
3643
633
-1403
3660
686
-1351
3657
782
-1366
3667
814
-1431
3677
749
-1413
3639
690
-1429
3626
646
-1383
3621
672
-1380
3640
700
-1367
3655
714
-1385
3667
701
-1395
3640
694
-1397
3640
673
-1399
3648
701
-1422
3642
728
-1434
3662
698
-1356
3633
670
-1351
3635
647
-1386
3689
679
-1395
3709
715
-1357
3613
690
-1394
3592
703
-1452
3637
721
-1506
3695
679
-1383
3664
675
-1344
3639
658
-1343
3631
648
-1329
3646
644
-1352
3647
660
-1383
3657
673
-1370
3654
700
-1396
3641
715
-1413
3634
687
-1405
3673
664
-1365
3648
672
-1362
3635
699
-1375
3639
719
-1425
3657
730
-1428
3666
736
-1428
3666
699
-1369
3629
700
-1367
3641
673
-1373
3648
671