193
3848
346
182
3868
356
238
3910
301
247
3872
288
215
3827
317
189
3858
326
141
3883
308
171
3878
288
197
3871
308
194
3891
323
173
3891
311
138
3861
286
145
3875
269
175
3858
293
188
3863
322
214
3864
310
230
3886
299
207
3876
302
171
3866
304
174
3873
300
210
3898
293
205
3885
309
146
3874
321
141
3895
285
133
3883
259
118
3880
280
142
3867
284
159
3885
273
157
3899
274
153
3870
274
158
3868
259
172
3891
267
183
3891
277
169
3881
271
142
3880
264
151
3878
262
161
3881
252
139
3880
249
112
3884
245
118
3874
237
120
3902
239
125
3867
262
118
3883
261
119
3898
254
119
3897
265
119
3892
266
136
3860
267
161
3873
262
158
3892
256
121
3878
264
96
3882
256
95
3887
253
102
3903
257
72
3879
254
96
3896
249
122
3893
257
88
3888
243
40
3893
207
55
3858
228
70
3895
240
84
3906
226
71
3868
245
62
3907
235
58
3898
220
29
3883
206
29
3873
208
44
3901
198
70
3890
226
72
3890
238
63
3874
215
48
3884
211
38
3899
228
35
3883
232
35
3886
212
61
3902
220
49
3907
225
9
3906
219
-15
3868
202
-32
3883
187
-16
3916
185
5
3899
227
28
3860
243
26
3892
195
-12
3907
191
11
3889
241
69
3894
240
124
3914
219
99
3883
229
57
3888
225
58
3899
223
64
3900
227
50
3900
229
39
3881
231
25
3860
218
0
3882
195
-30
3896
204
-14
3897
241
32
3889
253
52
3904
233
47
3900
240
8
3869
248
52
3893
240
64
3912
230
33
3906
252
17
3882
254
40
3881
231
62
3906
233
29
3868
250
16
3890
243
50
3891
244
40
3871
244
42
3896
239
50
3889
251
26
3881
238
36
3890
234
36
3890
249
37
3887
255
42
3896
233
43
3892
236
39
3876
249
84
3913
237
49
3881
234
33
3874
232
68
3885
244
88
3906
269
89
3899
261
48
3883
245
30
3872
233
34
3905
239
35
3875
268
54
3881
251
81
3888
253
72
3904
263
71
3890
269
76
3875
251
61
3879
254
68
3902
258
68
3874
273
78
3891
261
75
3895
251
49
3903
262
42
3881
269
45
3887
251
38
3891
244
18
3880
274
30
3888
277
50
3908
272
28
3877
264
-5
3882
254
-5
3879
252
42
3895
260
69
3886
288
68
3885
276
74
3903
268
22
3875
283
5
3883
268
49
3898
254
41
3888
282
36
3886
297
42
3881
259
20
3887
239
-15
3878
266
-21
3886
256
-6
3892
253
3
3885
260
-7
3898
246
-29
3885
246
-14
3883
244
23
3877
244
15
3904
248
10
3901
261
-16
3882
259
13
3895
243
2
3900
241
-23
3899
256
-10
3890
247
17
3894
241
13
3898
251
1
3894
252
9
3885
242
1
3892
251
1
3886
252
14
3882
235
0
3891
237
-11
3888
246
-14
3886
252
-18
3882
243
-2
3903
245
-23
3879
276
-7
3899
247
12
3892
242
-7
3893
268
8
3890
257
0
3884
249
-6
3884
247
5
3891
251
9
3901
266
-12
3890
263
-24
3879
240
-25
3890
238
-25
3892
260
-5
3905
266
6
3892
257
-2
3882
263
-10
3895
254
5
3899
253
-9
3860
271
28
3885
251
41
3898
256
2
3890
280
8
3876
263
15
3893
245
3
3902
272
3
3883
277
24
3877
262
27
3898
265
-5
3894
269
4
3871
268
25
3881
268
26
3891
278
18
3890
283
13
3883
272
4
3876
283
21
3909
272
25
3885
285
16
3866
276
30
3899
270
8
3901
281
0
3875
285
12
3880
266
24
3896
274
0
3891
279
11
3880
272
18
3889
255
17
3895
276
26
3884
282
29
3884
269
26
3892
280
35
3894
284
31
3887
270
19
3874
274
16
3896
266
34
3897
270
6
3864
280
16
3891
262
33
3904
273
34
3891
289
16
3870
276
13
3896
259
22
3895
275
18
3881
279
58
3881
272
63
3899
272
17
3883
273
2
3884
263
28
3886
266
50
3893
276
55
3893
292
46
3886
284
30
3870
288
25
3906
279
34
3897
292
30
3860
291
54
3881
272
26
3892
280
10
3894
301
6
3876
295
-5
3882
289
-3
3883
308
-8
3878
315
0
3876
309
11
3886
291
10
3880
285
24
3878
284
21
3894
296
14
3942
329
-39
3954
386
-97
3955
456
-192
3906
496
-173
3835
505
-84
3794
490
-58
3731
476
6
3766
439
135
3893
406
167
3871
344
97
3834
285
85
3842
191
71
3900
76
74
3867
35
134
3819
-9
140
3818
-13
15
3953
-65
-75
4062
-157
-47
3909
-175
19
3799
-147
43
3855
-2256
27
3893
-211
65
3994
-211
202
3914
-143
284
3918
-101
468
3943
-40
561
3986
29
561
4024
118
709
4015
162
817
3981
153
835
3916
142
658
4041
66
491
4107
-3
441
4034
-17
332
3989
-42
185
4141
-90
97
4679
-249
-43
4375
-218
77
3560
37
23
3257
50
-261
3300
-146
-330
3709
-292
-94
4046
-352
203
3714
-321
268
3314
-267
157
3453
-256
212
3755
-190
327
3950
-35
315
3999
157
220
4033
218
165
4181
216
245
4175
262
431
4268
315
434
4299
279
260
4420
273
299
4888
250
336
4803
159
306
3808
-91
308
3975
-469
216
4432
-968
236
4042
-1255
65
3745
-1479
165
3694
-1542
132
3980
-1489
128
4140
-1460
183
3840
-1067
386
3706
-612
149
3603
-742
-361
3674
-799
-605
3690
-564
-568
4152
-556
-792
4923
-570
-707
3003
-3
-721
2557
219
-940
3960
-144
-1024
4825
-413
-555
4442
87
-75
3776
365
-109
3691
149
-234
3821
48
-13
3909
209
316
3685
335
464
3746
479
381
4261
503
164
4763
419
22
5036
339
151
5343
305
293
4757
228
352
3245
113
401
3470
132
254
4452
-63
-119
4392
-561
-201
3760
-587
42
3605
-437
-24
3803
-453
-106
3825
-620
-158
3764
-542
-251
3905
-541
-330
4396
-509
-456
4374
-489
-428
4098
-230
-447
4276
-101
-390
3682
-39
-257
3205
228
-15
3867
557
-31
4426
625
-139
3932
536
214
3469
714
433
3569
837
450
3835
740
449
3944
821
480
3706
782
461
4186
634
386
4832
486
259
5021
304
139
5580
308
69
4501
222
160
3537
148
10
4227
160
-176
4555
-29
-337
3742
-143
-253
3411
-151
-172
3520
-165
-255
3593
-261
32519
3542
-286
-116
3604
-182
-118
3697
-107
-147
3796
-100
-154
3795
41
-124
4147
140
-150
4621
21
-322
4703
-52
-136
4156
267
66
3891
530
-252
3466
274
-275
3376
183
-80
3716
248
115
4097
228
264
4219
306
418
4055
462
371
3835
556
304
3808
456
433
4254
445
378
4538
317
316
4433
238
280
4805
169
115
5051
34
15
4056
56
111
3494
101
212
4160
122
112
4660
18
-89
4227
-129
81
3723
-48
184
3896
28
120
3813
-71
28
3555
-99
17
3426
-123
8
3600
-131
7
3768
-120
-101
3854
1
-101
4154
46
-181
4716
-88
-32
4175
-29
175
3775
352
224
3928
434
46
4013
241
10
3630
147
138
3608
289
201
4025
249
229
4278
208
352
4083
339
414
3884
456
342
4027
448
373
4286
430
374
4477
439
394
5115
437
178
5217
343
171
3666
377
327
3269
519
193
4300
477
-190
4949
288
-376
4425
200
-98
3836
215
100
3781
263
23
3615
155
-32
3443
135
59
3362
144
83
3405
92
114
3709
54
126
3990
30
181
4239
57
58
4781
-101
53
4300
-91
230
3277
135
415
3487
247
69
4324
-66
-263
4618
-217
95
3810
3
512
3467
109
472
3722
39
318
4122
50
400
4182
177
556
4047
369
504
4307
427
354
4464
452
296
4654
489
328
5150
495
192
4617
400
284
3868
321
265
4176
174
32
4424
-48
-160
4060
-153
-54
3884
-160
-49
4144
-266
-88
4040
-385
-27
3746
-339
76
3413
-220
129
3228
-203
151
3362
-98
94
3716
1
42
4114
-9
-42
5077
-195
36
4721
-70
312
3142
374
517
3346
605
267
4071
319
-245
4390
-47
-55
4027
139
320
3767
336
368
3733
287
278
3784
232
273
3713
338
444
3722
444
532
4151
474
376
4571
490
325
4749
536
256
5429
440
188
5061
330
381
3634
336
390
3732
128
167
4515
-208
-81
4434
-411
-126
3908
-378
-83
3805
-337
-47
3766
-404
58
3499
-308
155
3472
-175
176
3512
-122
97
3499
-22
-2
3573
-39
97
3910
77
115
4077
56
92
4478
-216
82
4543
-220
276
3712
49
346
3631
16
-157
4474
32391
-336
4860
-445
52
4184
-141
345
3563
-145
292
3774
-149
100
4034
-188
275
3983
40
384
3814
261
381
3682
360
305
3854
403
237
4186
382
143
4438
271
168
4707
252
160
5080
203
116
4541
68
184
3809
-54
198
4075
-286
234
4534
-590
198
4386
-784
158
3998
-805
277
3905
-798
338
4008
-797
301
3968
-864
314
3772
-841
386
3518
-737
429
3388
-649
367
3555
-546
226
3668
-360
197
3854
-167
176
4425
-106
110
4741
-126
110
3796
150
363
2609
502
552
3191
654
-34
4589
422
-447
5069
235
-198
4386
686
175
4047
690
162
4185
456
17
4237
512
119
3967
565
265
3697
482
124
3620
301
12
3860
7
16
4088
-290
251
4110
-335
365
4250
-367
391
4778
-484
246
4771
-644
166
3805
-637
45
3770
-789
117
4516
-725
103
4416
-774
41
4194
-854
-9
3953
-732
106
3913
-621
210
3954
-609
319
3837
-575
307
3694
-522
286
3560
-287
302
3584
-2200
274
3829
-17
151
4053
129
61
4297
120
21
4571
93
161
3836
265
372
2652
445
440
2978
464
182
4252
269
-78
4877
67
43
4367
212
295
3967
390
246
4017
426
65
4055
243
156
3939
390
293
3717
401
368
3599
356
383
3915
340
314
4360
252
255
4385
134
289
4565
111
361
4900
173
370
4756
188
291
4280
179
128
3527
99
125
3958
41
136
4640
-102
92
4413
-339
46
3850
-317
47
3606
-243
79
3624
-325
105
3614
-352
72
3413
-335
94
3294
-255
68
3642
-194
-90
4095
-198
-169
4238
-108
-84
4607
-81
53
4663
-120
95
3606
42
350
2978
335
290
3908
350
-94
4555
31
-47
4047
235
261
3569
504
269
3667
475
193
3979
434
135
3983
488
132
3866
528
277
3897
479
317
4240
391
220
4637
256
179
5054
194
285
5236
269
266
4508
215
213
3671
107
139
4147
-3
95
4528
-188
34
4082
-317
-4
3655
-322
58
3830
-361
80
3779
-456
54
3636
-354
152
3310
-255
241
3127
-88
142
3480
-57
-80
3993
-82
-108
4229
34
-83
4699
46
-66
5085
-140
11
4183
91
315
2902
468
74
3616
407
-343
4459
17
-90
4078
230
249
3442
453
250
3614
362
223
3924
372
152
4098
482
186
3881
559
260
3798
603
250
4273
530
153
4687
436
234
4761
456
165
5157
278
-44
4864
80
87
3704
-58
267
3735
73
388
4132
-17
295
4250
-173
110
3869
-210
110
3879
-237
92
4081
-323
70
3965
-347
123
3508
-290
177
3167
-168
140
3425
-138
-29
3883
-136
-81
4191
-133
24
4574
-142
-47
4307
-162
109
4320
50
219
4784
425
142
4227
451
-54
3073
255
25
3244
450
72
3757
465
366
4305
540
430
4132
697
451
3676
835
306
3743
798
109
4193
521
187
4459
375
310
4665
269
311
5433
302
341
4950
200
332
4151
58
169
4244
36
34
4544
52
-304
4316
-182
-115
4139
-202
4
4092
-200
-56
3639
-263
82
3286
-220
141
3024
-153
157
3081
-96
43
3473
-87
-65
3941
-63
-18
4181
-43
-39
5117
-131
-34
4783
-91
276
3800
381
464
4170
710
43
4489
326
-426
3992
57
17
3548
476
302
3634
532
385
3829
413
256
4008
470
253
3765
480
465
3818
555
442
4228
512
275
4487
456
321
4705
467
371
5492
514
190
4834
344
163
3460
165
380
3960
322
250
4733
150
-93
4567
-105
-146
4119
-150
-44
3997
-269
36
3927
-323
72
3779
-322
116
3441
-284
154
3150
-227
136
3357
-143
23
3771
-155
-70
3971
-101
-64
4049
12
24
4629
-112
149
4162
-74
366
3442
303
561
3984
590
191
4483
369
-274
4470
100
-34
3953
393
331
3928
493
468
4406
406
405
4259
454
407
3698
639
395
3588
622
343
3899
460
296
4423
344
171
4649
215
162
5084
124
322
5187
215
442
4175
226
306
3529
113
164
4288
189
-14
4819
-12
-98
4438
-193
-130
4075
-309
-63
3872
-294
-26
3730
-310
46
3664
-324
135
3412
-245
137
3248
-116
106
3493
-53
92
3724
11
72
4002
71
9
4890
-38
121
4169
125
376
3043
481
499
3829
630
42
4696
218
-210
4541
-74
172
3791
364
430
3555
459
390
3831
150
185
4170
158
200
4115
285
462
3978
439
461
4047
488
321
4433
469
197
4618
412
216
5031
370
326
5541
426
308
4215
329
231
3227
229
223
4025
147
283
4424
-50
219
4123
-265
142
3924
-343
203
3909
-405
240
3890
-497
237
3742
-521
251
3465
-433
333
3152
-364
335
3130
-258
244
3479
-189
141
3996
-156
64
4303
-160
4
4890
-254
87
4686
-210
466
3336
286
617
3316
591
263
4190
246
-225
4971
-96
-227
4357
171
305
3741
496
595
3837
476
460
3869
281
212
3802
359
184
3648
329
355
3709
257
327
4165
147
206
4374
-31
225
4644
-140
284
5355
-164
424
5261
-91
361
3745
-98
155
3540
-180
196
4465
-179
120
4460
-382
70
3927
-500
-2
3664
-510
28
3690
-544
143
3736
-681
127
3611
-731
138
3521
-670
143
3498
-584
85
3553
-436
31
3752
-271
14
4122
-96
-96
4668
-111
-189
4713
-157
132
3674
218
497
2837
552
544
3498
589
177
4589
367
-174
5061
345
21
4213
615
236
3728
650
256
4009
577
116
4050
541
143
3898
457
204
3733
305
173
3708
139
33
3988
-94
79
4184
-295
139
4378
-351
179
4945
-350
136
5277
-498
147
4104
-452
-5
2800
-491
149
3519
-509
221
4223
-663
-86
4174
-945
-269
3918
-899
-125
3648
-714
60
3524
-663
45
3606
-642
-20
3500
-585
-86
3464
-527
14
3642
-404
7
3871
-321
-65
4174
-259
-66
4566
-279
-3
4994
-361
17
5228
-331
250
3587
27
565
2230
447
613
2972
301
153
4230
-128
-488
4813
-369
-226
4015
-223
207
3859
71
342
3849
7
-44
3706
-153
-388
3742
-145
-405
3827
-137
-259
3889
-167
-251
3968
-229
-306
3882
-295
-227
3792
-334
22
3810
-235
218
4153
-209
241
4820
-372
169
4765
-459
222
3567
-405
275
3278
-413
361
4048
-494
317
4384
-519
183
4306
-606
17
4028
-583
-123
3928
-547
18
4214
-537
116
4269
-639
28
4018
-631
-33
3900
-508
-57
3945
-449
-3
3907
-327
-12
4001
-205
-67
4005
-90
-137
4191
-75
-75
3775
82
162
2967
314
380
3068
484
257
4017
435
-13
4602
297
-135
4184
262
110
3840
396
359
4060
494
121
4293
455
114
4234
483
180
3916
542
269
3720
535
311
3921
426
104
4436
168
80
4619
-33
459
4766
197
551
5169
198
292
4217
-3
168
3245
17
258
3889
110
84
4790
-56
-272
4751
-370
-312
4355
-2440
-130
4052
-328
0
3872
-331
104
3721
-313
9
3360
-203
-26
3047
-169
-10
3353
-94
-99
3822
-151
-101
4011
-120
-55
4498
-175
26
5038
-286
222
3968
-39
446
3218
506
437
3965
575
-217
4821
-39
-560
4860
-222
-34
4248
338
451
3909
450
549
3961
261
334
4035
231
145
4003
273
332
3838
313
501
3799
397
467
4043
474
267
4342
554
132
4862
516
-27
5874
352
48
4995
302
237
3163
205
338
3582
223
219
4854
-18
-227
4991
-421
-314
4403
-496
-316
4183
-514
-27
3892
-432
169
3602
-360
186
3347
-297
95
3063
-284
87
2801
-173
158
3013
-1
151
3591
87
78
4225
12
-159
5182
-234
-134
4659
-159
137
3864
230
365
4474
360
343
4818
70
21
4176
-10
5
3870
329
386
4078
475
489
4271
603
267
4139
566
255
3822
644
342
3610
676
450
3755
533
328
4151
298
182
4486
26
286
4912
-149
391
5406
-282
304
4928
-451
64
3567
-676
-14
4164
-653
160
4653
-543
184
4592
-673
69
4257
-755
182
4101
-686
226
3952
-648
321
3801
-693
262
3622
-701
177
3252
-608
176
3267
-494
183
3662
-387
108
3884
-243
-29
4188
-127
-57
4732
-83
-9
4196
111
302
3047
529
397
3504
779
29
4637
446
-353
5269
135
1
4410
573
402
3841
777
290
4063
603
36
4164
466
67
3952
533
379
3631
539
459
3835
500
269
4168
269
198
4359
187
325
5158
222
180
5521
83
141
3966
-37
196
3720
-47
327
4374
-43
276
4325
-215
-9
3996
-376
-44
4055
-405
-47
4185
-421
-21
4015
-403
53
3829
-295
102
3507
-173
152
3381
-68
71
3641
-16
-71
3981
-6
-177
4040
-22
-64
4420
-123
97
4214
-118
287
3050
146
473
3631
416
234
4750
359
-233
4806
27
-262
4145
248
216
4122
555
346
4474
528
222
4375
475
353
3960
658
442
3725
683
365
3829
596
171
4149
391
199
4307
276
304
4613
182
463
5000
285
356
4363
189
138
3697
99
24
4129
98
77
4581
3
-237
4687
-204
-356
4118
-330
-131
3885
-238
156
3782
-79
192
3577
-66
160
3320
-71
195
3108
37
217
3291
121
166
3907
61
44
4204
63
43
4537
84
19
4992
-25
136
4177
73
366
3105
393
426
3728
415
-77
4412
-65
-273
4311
-164
129
3788
111
457
3674
145
468
3921
175
384
4066
251
319
3897
439
290
3746
455
360
3977
436
370
4547
463
176
4538
364
237
4861
313
228
5049
212
267
4526
197
247
3772
137
219
4034
133
139
4555
-41
-169
4344
-337
-211
3936
-414
-109
3662
-392
79
3683
-355
71
3699
-404
9
3517
-373
54
3209
-253
135
3136
-115
46
3575
-54
-99
4218
-48
-139
4554
-76
-95
5364
-161
67
4648
-60
408
2995
428
486
3472
631
8
4321
104
-362
4556
-96
12
3851
286
442
3452
458
493
3639
324
270
3871
263
136
3780
348
347
3614
391
426
3999
404
208
4527
306
17
4689
196
145
5083
240
207
5474
223
208
4411
220
231
2956
159
177
3607
72
127
4691
-46
-127
4250
-325
-2
3565
-219
60
3492
-208
107
3587
-269
85
3585
-327
35
3465
-344
21
3290
-314
93
3439
-200
-52
4099
-200
-176
4414
-218
-114
4866
-169
41
5007
-112
181
3782
158
376
3096
545
122
3943
448
-387
4458
-50
-264
4071
161
159
3495
476
333
3539
392
202
3848
271
125
3769
293
273
3591
369
317
3718
357
238
4120
300
53
4683
195
62
4819
112
225
5060
197
307
4771
245
285
3527
212
217
3287
167
190
4150
81
43
4501
-150
-71
4087
-259
-76
3815
-264
27
3836
-195
-5
3856
-246
-45
3696
-274
56
3371
-208
52
3277
-120
34
3641
-96
-59
4110
-93
-111
4437
-103
-151
5282
-157
118
4468
8
414
2788
499
330
3207
454
-278
4196
-265
-338
4463
-334
139
3890
120
434
3579
242
278
3691
70
181
3913
113
199
3954
238
297
3803
326
336
3952
341
236
4544
274
112
4750
202
221
5132
203
313
5398
238
270
4181
240
299
2897
234
382
3663
190
142
4642
-33
-227
4420
-352
-125
3820
-315
15
3794
-270
98
3887
-364
-18
3898
-473
-57
3610
-434
36
3306
-291
165
3240
-134
24
3653
-112
-67
4057
-86
-79
4277
-60
-5
4671
-87
98
4176
-28
326
3442
312
317
4120
417
-101
4663
82
-311
4153
30
70
3461
332
314
3532
338
340
3861
238
196
4062
294
287
3793
445
350
3689
515
154
4021
331
-26
4442
166
61
4550
104
156
5187
74
131
5324
31
203
3936
73
235
3132
128
260
3616
82
233
4230
-60
37
4257
-300
49
3839
-280
199
3786
-171
223
3792
-209
217
3809
-238
105
3647
-217
120
3377
-180
203
3478
-117
126
3889
-81
-26
4114
-78
-72
4243
-59
-28
4826
-172
36
4362
-119
266
3589
243
350
3915
456
-123
4168
34
-257
3785
-44
146
3537
257
349
3665
226
325
3881
172
231
3971
256
264
3786
367
349
3735
411
281
4182
374
116
4548
236
116
4771
149
158
5439
145
184
5131
120
219
3455
42
264
3595
130
291
4342
122
-107
4243
-193
-238
3782
-310
-153
3788
-269
71
3677
-312
68
3496
-371
-41
3430
-398
-9
3192
-372
40
3393
-254
-117
4018
-291
-270
4338
-267
-198
4429
-198
-169
5179
-218
-15
4581
-101
319
3100
465
338
3531
706
-236
4178
168
-494
4081
-83
28
3634
322
414
3612
490
365
3789
347
218
3914
332
152
3850
348
255
3731
325
351
3995
347
264
4441
253
180
4802
200
71
5464
173
38
5157
171
233
3499
196
341
3626
210
137
4364
13
-73
4191
-232
-2128
3555
-245
8
3598
-264
35
3684
-375
50
3652
-402
-18
3454
-331
23
3235
-303
39
3471
-273
-164
4004
-277
-221
4225
-253
-74
4439
-144
9
5132
-173
30
4459
-105
263
3091
280
286
3662
379
-281
4518
-168
-420
4252
-200
106
3413
257
386
3443
244
344
3727
162
169
3954
238
185
3788
324
301
3688
360
366
4037
398
204
4473
292
123
4319
177
300
4631
252
360
5158
217
318
4294
144
185
3764
121
1
4322
79
-135
4548
-31
-247
4238
-178
-295
4063
-241
-145
4199
-229
-63
4053
-300
-14
3629
-299
39
3146
-152
69
2907
-153
105
3032
-112
56
3492
-93
53
3875
-72
12
4382
-62
-18
4930
-180
57
4625
-93
267
3945
293
390
4352
597
-52
4620
237
-318
4165
110
107
3461
427
345
3338
407
257
3677
274
78
4012
195
222
3831
195
440
3592
354
359
3647
370
117
4075
217
8
4471
216
209
4685
340
230
5365
364
-26
4702
336
-51
3212
483
81
3484
573
41
4445
399
-273
4902
101
-449
4282
-67
-220
3871
28
9
4043
100
-10
3917
1
-2136
3601
-48
-21
3341
9
17
3206
57
46
3078
46
77
3218
31
97
3586
15
115
3903
-13
67
4564
-175
-162
5669
-549
-78
5211
-542
348
3558
135
315
3876
133
-244
4526
-528
-377
4498
-468
115
3771
-112
500
3617
-7
494
3780
5
336
3767
167
263
3709
344
349
3656
473
362
3733
520
354
3995
579
232
4121
619
240
4231
736
270
4651
712
22
4880
527
-75
4610
523
-21
3680
542
99
3379
467
46
4063
291
-124
4796
43
-333
5017
-135
-325
4411
-2248
-101
3741
-55
150
3604
104
127
3551
43
34
3326
22
-8
3099
80
111
3039
249
177
3144
290
160
3548
205
71
3875
92
-10
4569
-54
-153
5618
-296
-55
5710
-229
274
4502
129
396
3384
371
-4
3255
86
-133
3981
-137
-73
4564
-277
220
3963
-203
406
3141
-37
294
3286
-51
-12
3684
-135
-140
3997
-58
135
3974
157
278
3797
431
98
3740
594
-124
3875
554
-279
4079
463
-128
4448
474
-107
4965
398
-198
4124
228
-228
3639
176
-286
3832
87
-323
3784
-17
-411
3668
-89
-458
3939
-182
-432
4148
-338
-416
4082
-324
-532
3932
-328
-340
3733
-263
-155
3778
32519
-137
3898
-286
-122
3910
-288
0
3929
-213
96
3920
-87
105
3991
-50
53
4072
-95
146
3852
-82
291
3669
-9
376
3696
98
310
3740
140
223
3827
203
199
3936
260
199
4006
278
194
3933
342
150
3884
399
150
3954
410
178
3873
356
247
3801
291
221
3801
220
147
3814
154
162
3846
115
212
3812
93
208
3821
103
204
3936
144
186
3971
207
190
3891
278
150
3888
280
85
3909
257
57
3907
244
84
3908
206
124
3906
176
96
3868
146
73
3857
130
105
3893
121
113
3887
119
90
3877
109
104
3889
102
89
3881
101
73
3906
91
64
3888
100
33
3909
103
36
3924
123
49
3909
155
55
3906
147
66
3903
137
90
3907
116
104
3894
98
108
3862
102
108
3859
100
84
3885
95
55
3894
89
18
3895
101
11
3894
121
21
3896
145
51
3891
156
73
3891
146
76
3899
125
101
3883
120
122
3860
136
146
3869
137
150
3891
133
141
3915
138
116
3895
141
69
3887
133
31
3899
120
34
3915
112
35
3878
123
62
3888
135
83
3894
139
110
3902
142
108
3898
148
94
3883
152
84
3910
147
60
3897
152
68
3882
158
72
3907
152
82
3903
154
84
3874
152
71
3863
157
61
3872
152
59
3894
154
53
3891
154
51
3883
149
54
3882
163
75
3901
153
81
3884
157
70
3879
162
65
3901
167
65
3898
160
65
3894
171
62
3874
169
70
3898
148
80
3895
140
79
3880
151
69
3893
154
63
3900
149
49
3904
149
50
3881
148
58
3875
135
81
3887
130
86
3899
138
66
3899
152
50
3889
164
51
3887
160
72
3917
147
83
3888
149
65
3881
162
57
3911
153
39
3903
146
16
3888
148
35
3874
162
65
3902
154
79
3893
158
65
3878
163
32
3895
152
21
3894
164
30
3890
176
71
3881
190
86
3883
182
76
3886
166
66
3887
161
57
3883
167
56
3889
182
62
3900
188
80
3902
175
72
3862
175
55
3885
164
63
3905
157
55
3886
160
55
3886
174
67
3890
171
85
3897
165
81
3888
170
66
3892
167
85
3890
166
99
3900
179
88
3887
180
77
3883
162
93
3903
158
105
3898
161
98
3890
168
70
3890
167
56
3881
171
55
3909
154
81
3888
167
73
3866
178
88
3895
179
96
3910
174
84
3889
178
79
3871
192
104
3886
176
129
3892
155
120
3871
171
91
3893
176
78
3892
179
71
3883
186
85
3895
185
110
3884
179
116
3892
175
100
3894
183
74
3885
178
57
3881
178
72
3901
169
102
3904
172
86
3874
187
68
3898
192
63
3904
185
56
3894
179
51
3882
180
52
3883
174
56
3879
172
59
3878
177
61
3897
184
58
3902
192
50
3897
197
49
3884
193
56
3886
189
73
3892
184
92
3891
197
83
3888
206
60
3879
198
51
3892
181
68
3903
179
77
3858
197
84
3893
192
91
3896
180
100
3881
183
94
3893
191
85
3900
187
55
3896
183
33
3885
183
43
3893
181
78
3894
174
85
3896
180
86
3894
182
89
3891
186
