-1767
3554
191
-1766
3536
180
-1782
3552
197
-1777
3568
197
-1764
3544
165
-1784
3552
182
-1780
3567
195
-1761
3574
189
-1748
3565
180
-1761
3555
189
-1774
3541
177
-1785
3555
180
-1770
3560
180
-1748
3565
196
-1753
3539
192
-1777
3545
196
-1792
3576
198
-1761
3554
165
-1734
3551
188
-1763
3565
225
-1782
3536
196
-1776
3526
151
-1777
3561
179
-1802
3605
219
-1769
3600
209
-1780
3543
139
-1848
3511
137
-1876
3464
104
-1958
3452
8
-2010
3444
-180
-2450
3338
-265
-2808
3411
-523
-2873
3347
-699
-2948
3270
-730
-2954
3031
-641
-3248
2895
-659
-2900
2720
-740
-3106
2810
-785
-3274
2974
-910
-2988
2702
-1138
-3778
2708
-1119
-3168
2766
-1351
-3243
2362
-1593
-3026
1758
-1723
-2726
1846
-1976
-2730
1376
-2066
-2284
1110
-2592
-2050
697
-2996
-2176
711
-3152
-1930
342
-3584
-1919
70
-3541
-1530
275
-3416
-1188
264
-3679
-701
-78
-3804
-627
-275
-4225
-576
-370
-4389
-852
-614
-4624
-872
-501
-4888
-982
-515
-4706
-814
-327
-4458
-664
-19
-3948
-792
149
-3506
-997
439
-3248
-1721
688
-3425
-1991
1277
-3056
-2639
895
-3061
-2191
1173
-2762
-3245
1027
-2405
-2643
1278
-2745
-2872
1288
-2272
-3143
1249
-2190
-2806
1377
-1885
-3023
1348
-1636
-3103
1419
-1379
-2912
1533
-1224
-3271
1634
-1277
-3093
2136
-999
-3393
2196
-1192
-3392
2617
-911
-3118
2929
-809
-2989
2979
-654
-2778
3205
-568
-2598
3473
-582
-2235
3742
-732
-2082
4235
-767
-2013
4313
-791
-1610
3711
-788
-1412
3681
-613
-1535
3919
-284
-1213
3945
-35
-1191
3726
113
-1355
3622
228
-1273
3655
262
-1415
3678
299
-1385
3707
230
-1342
3660
164
-1323
3757
108
-1282
3777
34
-1358
3744
-15
-1689
3684
-121
-2191
3672
-346
-2702
3517
-702
-2804
3463
-822
-2620
3568
-741
-2719
3499
-723
-2544
3326
-765
-2420
3335
-734
-2865
3114
-828
-2510
3134
-942
-2880
2993
-1034
-2889
3079
-1200
-2646
2820
-1392
-2889
2758
-1426
-2751
2598
-1618
-2707
2219
-1802
-2602
1932
-1978
-2439
1903
-2136
-2390
1464
-2305
-2046
1030
-2656
-1888
885
-3032
-1721
569
-3224
-1753
553
-3382
-1546
449
-3516
-1359
404
-3630
-1125
333
-3803
-733
123
-3836
-707
-109
-3834
-788
-66
-4040
-882
-219
-4154
-755
-403
-4609
-988
-450
-4828
-546
-241
-4835
-485
-205
-4794
-388
-222
-4593
-214
-52
-4376
-570
-112
-4298
-839
19
-3909
-1354
1
-3765
-1404
153
-3492
-1642
209
-3368
-1569
360
-3175
-1718
427
-2959
-1869
319
-2794
-2211
675
-2693
-2169
922
-2483
-2491
941
-2376
-2495
1239
-2312
-2960
1133
-2254
-2614
1438
-2311
-3055
1464
-2211
-2757
1665
-2058
-3117
2043
-1838
-3242
2142
-1647
-3253
2199
-1217
-3362
2226
-1248
-3310
2490
-1081
-3339
2404
-1217
-3158
2936
-1074
-2864
3167
-869
-2764
3050
-970
-2525
3336
-898
-2580
3689
-743
-2499
3814
-764
-2298
3611
-801
-2062
3522
-666
-2212
3713
-652
-1767
3919
-843
-1776
3504
-94
-1961
3431
354
-1815
3560
270
-1926
3498
264
-1766
3513
244
-1762
3594
167
-1713
3641
59
-1740
3661
-59
-1785
3657
-137
-1613
3369
-84
-1586
3208
9
-1730
3339
134
-1707
3751
180
-1622
3985
125
-1316
3689
-34
-1539
3604
-58
-1801
3612
19
-1878
3599
4
-1945
3680
-47
-2108
3463
-123
-2280
3339
-302
-2471
3153
-525
-2712
3208
-635
-2654
3364
-718
-2779
3382
-817
-2885
3417
-769
-2979
3309
-845
-2859
3245
-801
-2871
3215
-782
-2851
3135
-815
-2938
3218
-831
-2940
3020
-1046
-2743
2753
-1347
-3041
2654
-1425
-2817
2462
-1657
-2998
2479
-1586
-2846
2108
-1858
-2492
1484
-2291
-2340
1170
-2262
-2104
1074
-2496
-1735
706
-2817
-1663
527
-2996
-1694
232
-3261
-1579
438
-3310
-1371
275
-3311
-1137
33
-3538
-890
45
-3831
-844
-130
-4174
-804
-96
-4351
-646
29
-4677
-777
-18
-4427
-668
-146
-4696
-395
-50
-4642
-342
-131
-4610
-38
140
-4710
-264
302
-4126
-626
442
-3850
-849
396
-3660
-1444
737
-3667
-1277
1096
-3406
-2099
1074
-3346
-1796
1039
-3020
-2743
726
-2972
-2029
1415
-2152
-2716
1053
-1897
-2100
1624
-1730
-2558
1746
-1751
-3056
1702
-1752
-3233
1910
-1582
-3342
2127
-1325
-3516
2249
-1335
-3440
2350
-958
-3242
2495
-648
-3319
2658
-539
-3047
3052
-545
-3015
3213
-691
-2942
3494
-827
-2731
3677
-874
-2451
3731
-765
-2413
3651
-673
-2251
3691
-581
-1910
3689
-383
-1578
3546
-259
-1394
3645
-136
-1176
3767
-56
-981
3993
5
-1292
3796
266
-1524
3618
357
-1441
3595
313
-1547
3572
255
-1454
3694
219
-1358
3754
194
-1385
3691
208
-1438
3671
202
-1475
3687
272
-1496
3671
233
-1347
3726
218
-1473
3706
231
-1415
3745
218
-1435
3635
226
-1397
3666
237
-1436
3728
304
-1328
3739
256
-1436
3624
173
-1530
3631
90
-1766
3634
-108
-2249
3645
-237
-2625
3491
-380
-2463
3437
-794
-2751
3267
-575
-3145
3326
-594
-2882
3382
-815
-3030
3289
-777
-2966
3241
-809
-2894
3351
-849
-3024
3069
-1028
-2932
3239
-1178
-3259
2825
-1359
-2620
2522
-1651
-3101
2396
-1667
-2692
2136
-1943
-2415
1858
-2062
-2236
1543
-2209
-2015
1374
-2506
-1650
792
-2736
-1697
447
-2906
-1321
240
-3170
-1171
203
-3295
-935
280
-3546
-525
337
-3723
-779
149
-4032
-279
159
-4571
-389
184
-4524
-284
201
-4511
-266
176
-4543
-486
218
-4332
-386
407
-4249
-595
568
-3885
-1194
667
-3621
-1150
1139
-3360
-1981
1067
-3505
-1778
1481
-3219
-2318
1324
-2959
-2608
1446
-2770
-2856
1439
-2502
-3152
1715
-2329
-3085
1754
-2053
-3071
1799
-1876
-3110
1892
-1602
-2986
1843
-1822
-2935
2149
-1651
-3090
2182
-1574
-3171
2361
-1257
-2959
2412
-963
-2981
2608
-656
-2845
2776
-590
-2810
2879
-774
-2511
3196
-777
-2300
3493
-907
-2227
3557
-810
-2093
3680
-675
-2347
3653
-607
-2204
3753
-457
-2144
3696
-382
-1784
3578
-417
-1840
3550
-354
-2139
3696
-260
-1905
3591
-55
-1729
3452
315
-1621
3484
352
-1656
3588
344
-1696
3578
281
-1723
3571
155
-1674
3602
85
-1694
3631
136
-1727
3598
191
-1670
3590
241
-1646
3589
236
-1627
3617
172
-1683
3599
114
-1814
3572
72
-1930
3545
-111
-2239
3504
-343
-2442
3507
-492
-2694
3484
-656
-2840
3430
-753
-2861
3364
-800
-3195
3198
-759
-3131
2998
-724
-3337
2926
-679
-3254
2894
-783
-3185
2793
-976
-3235
2587
-1004
-3086
2443
-1333
-3072
2420
-1471
-3095
2082
-1599
-2741
2023
-1924
-2676
1812
-1879
-2494
1514
-2118
-1799
1218
-2369
-1849
891
-2506
-1351
914
-2954
-1285
852
-2996
-1315
385
-3190
-1306
141
-3619
-1545
454
-3753
-1445
481
-3885
-789
340
-4188
-929
197
-4251
-640
126
-4367
-565
147
-4624
-731
151
-4635
-389
182
-4966
-554
38
-4729
-368
-4
-4953
-518
233
-4563
-640
333
-4172
-699
361
-3987
-977
378
-3733
-1051
451
-3653
-1219
784
-3875
-1689
1153
-3127
-2035
837
-3501
-1827
957
-2989
-2452
927
-2325
-1909
1115
-2430
-2029
1347
-1932
-2666
1252
-1388
-2170
1349
-1506
-2361
1464
-1629
-2955
1732
-1534
-3608
2394
-1636
-3244
2498
-1407
-3759
2448
-1427
-3579
2750
-1363
-3138
2968
-1310
-3024
3114
-1185
-2827
3188
-946
-2737
3120
-720
-2511
3189
-663
-2387
3411
-638
-2236
3666
-609
-2094
3928
-598
-1930
4039
-600
-1749
3600
-523
-1614
3498
-362
-1484
3687
-434
-1582
3821
-76
-1773
3640
387
-1518
3508
353
-1580
3550
286
-1437
3732
266
-1230
3801
189
-1412
3768
187
-1521
3727
119
-1569
3686
-6
-1960
3524
-345
-2203
3563
-711
-1912
3634
-822
-2489
3462
-902
-2947
3365
-847
-2724
3174
-769
-3128
2956
-753
-3110
2868
-751
-3152
2788
-778
-3398
2696
-790
-3382
2478
-868
-3187
2542
-1040
-3316
2399
-1135
-3139
2357
-1401
-2718
1981
-1662
-2820
1469
-1879
-2286
1653
-2368
-2598
1472
-2389
-2040
1120
-2881
-2122
650
-3285
-1957
541
-3651
-1762
862
-3760
-1566
581
-3579
-1226
575
-3504
-718
551
-3546
-588
491
-3679
-29
457
-3890
-678
60
-4104
-224
228
-4847
-750
9
-4715
-431
80
-4860
-289
170
-4926
-432
212
-4690
-422
523
-4439
-674
605
-4004
-976
545
-3900
-989
960
-3688
-1671
841
-3719
-1512
1176
-3643
-1921
1065
-3438
-2177
1217
-3187
-1955
1180
-2901
-2341
1094
-2692
-1993
1363
-2379
-2423
1306
-2221
-2123
1309
-1748
-3089
1016
-1618
-2174
1330
-1548
-2960
1318
-1488
-2801
2029
-1290
-3257
2370
-1451
-3623
2404
-1349
-3053
2672
-1308
-3483
2681
-1113
-2933
2917
-823
-2696
2957
-1018
-2374
3146
-1003
-2363
3442
-923
-2351
3793
-687
-2359
3998
-526
-2105
3870
-492
-1609
3513
-558
-1404
3587
-519
-1500
3860
-372
-1717
3924
-168
-1713
3715
-5
-1548
3518
49
-1467
3658
113
-1414
3791
239
-1291
3706
218
-1323
3673
164
-1457
3687
162
-1475
3672
197
-1423
3668
176
-1376
3757
135
-1543
3693
175
-1437
3760
-16
-1662
3658
-232
-1799
3683
-620
-2441
3676
-788
-2595
3551
-897
-2815
3523
-824
-3010
3531
-730
-3070
3436
-781
-3011
3115
-766
-2960
2887
-812
-2981
2808
-925
-2974
3157
-1096
-2828
2728
-1209
-2904
2645
-1286
-2766
2468
-1443
-2638
2366
-1611
-2837
1953
-1703
-2391
1967
-2007
-2277
1771
-2111
-2221
1487
-2335
-1584
1336
-2788
-1579
960
-2924
-2154
474
-2890
-1397
603
-3143
-1827
541
-3059
-1424
119
-3594
-1368
-132
-3695
-1220
-111
-3849
-1001
-202
-4192
-858
-350
-4408
-322
-9
-4773
-856
-152
-4809
-692
-377
-4861
-240
-227
-5090
-361
-88
-4832
-237
40
-4639
-308
263
-4101
-1022
306
-3549
-1059
458
-3592
-1592
544
-3433
-1651
894
-3388
-1756
759
-3360
-2011
933
-2976
-1642
1358
-2455
-2766
643
-2489
-2458
987
-2172
-3498
818
-2160
-2739
1360
-1868
-3180
1355
-1793
-3002
1843
-1422
-2781
1933
-1486
-3304
1697
-1504
-3401
1867
-1701
-4435
1572
-1588
-3712
2512
-1356
-3287
2459
-1217
-3222
2583
-1090
-2905
2877
-1041
-3053
3013
-941
-2899
3027
-895
-2580
3086
-791
-2404
3407
-659
-2247
3451
-683
-2207
3503
-603
-2036
3572
-556
-1880
3679
-457
-1930
3731
-335
-2042
3656
-193
-1962
3545
-114
-1598
3457
-87
-1772
3457
-9
-1770
3578
4
-1786
3592
13
-1839
3573
66
-1796
3511
71
-1844
3498
54
-1866
3521
24
-1905
3466
-15
-2023
3451
-93
-2149
3320
-188
-2278
3393
-225
-2300
3549
-415
-2361
3525
-624
-2689
3371
-766
-2826
3409
-836
-3099
3382
-890
-3083
3393
-952
-3013
3211
-968
-3221
2883
-884
-3006
2677
-994
-3076
2672
-1132
-2976
2632
-1319
-2744
2463
-1446
-2687
2195
-1600
-2643
2070
-1782
-2590
1763
-1987
-2506
1930
-2015
-2339
1953
-2077
-2055
1666
-2405
-1884
1194
-2714
-1650
840
-3177
-1436
500
-3617
-1314
257
-3688
-1407
270
-3507
-1212
445
-3559
-1354
133
-3676
-1104
244
-3726
-1005
637
-4038
-980
377
-4217
-324
294
-4336
-516
203
-4539
-478
126
-4638
33
251
-4816
-54
77
-4875
-47
-63
-5114
259
182
-4898
-286
417
-4565
-355
492
-4172
-688
481
-4008
-507
576
-3662
-924
575
-3433
-770
684
-3232
-1308
438
-3210
-1318
870
-2729
-1383
317
-2994
-1695
559
-3072
-1213
920
-2618
-1725
900
-2855
-1863
1158
-2602
-2132
1112
-2433
-2259
1285
-2066
-2330
1117
-1905
-2730
1474
-1810
-2838
1356
-1826
-3017
2136
-1789
-3081
2427
-1858
-3397
2911
-1599
-3052
3205
-1555
-3267
3237
-1524
-3069
3530
-1123
-2876
3596
-1020
-2717
3456
-990
-2649
3569
-783
-2570
3900
-775
-2189
3982
-741
-1881
3750
-568
-1657
3503
-598
-1813
3424
-310
-1944
3566
-41
-1900
3710
127
-1769
3674
254
-1506
3607
213
-1374
3677
228
-1462
3684
255
-1526
3687
242
-1509
3585
275
-1605
3569
268
-1569
3634
263
-1715
3592
217
-1578
3724
229
-1596
3593
226
-1479
3676
55
-1805
3560
-158
-2298
3556
-321
-2931
3555
-586
-2874
3542
-995
-2835
3526
-1015
-3346
3447
-773
-3385
3471
-752
-3187
3343
-867
-3222
3119
-808
-3369
3073
-829
-3309
3013
-1046
-2930
2726
-1273
-2846
2443
-1387
-2866
2169
-1587
-2659
1961
-1709
-2641
1713
-1682
-2505
1541
-1886
-2080
1171
-2168
-2021
436
-2380
-1728
671
-2658
-1333
630
-2744
-1379
401
-3075
-932
340
-3469
-1195
333
-3610
-840
460
-3711
-892
415
-3696
-661
495
-4113
-627
55
-4232
83
-193
-4574
-155
-251
-4986
-146
98
-4952
201
524
-5077
61
352
-5029
480
402
-5004
513
725
-4269
-41
832
-3460
-766
877
-3275
-1051
657
-3197
-1404
896
-3363
-1512
772
-3449
-2032
1237
-3137
-1895
1058
-3020
-2390
1219
-2598
-2443
1392
-2279
-2903
1449
-2100
-1978
1605
-2040
-2898
1713
-1903
-2419
1955
-1755
-3148
1833
-1521
-2990
2277
-1406
-3406
2407
-1399
-3259
2769
-1226
-3349
2830
-1447
-3011
3175
-1246
-2831
3186
-947
-2798
3290
-808
-2494
3461
-603
-2326
3625
-614
-2173
3472
-608
-1985
3440
-615
-2107
3930
-538
-1948
4115
-532
-1772
3680
-486
-1655
3580
-316
-1302
3658
-117
-1536
3665
174
-1335
3822
262
-1326
3687
253
-1452
3573
238
-1447
3649
226
-1500
3686
213
-1541
3648
134
-1539
3625
120
-1577
3650
80
-1632
3681
-11
-1749
3670
-163
-2233
3640
-494
-2394
3564
-590
-2650
3436
-679
-2831
3431
-689
-2770
3253
-578
-2635
3031
-725
-2820
2869
-773
-3079
3230
-826
-3014
3584
-1004
-3080
3279
-1304
-2815
3188
-1459
-2887
2760
-1557
-2640
2700
-1585
-2784
2870
-1561
-2536
2533
-1773
-2423
2198
-1940
-2213
1869
-2199
-2026
1540
-2615
-1759
1241
-2846
-1558
992
-3064
-1323
749
-3195
-1354
488
-3338
-726
509
-3627
-988
435
-3709
-115
588
-3831
-188
137
-4004
93
-107
-3946
176
-267
-4228
198
-298
-4313
473
-267
-4274
466
-359
-4316
635
-83
-4146
316
27
-3957
-210
157
-3766
-976
350
-3758
-1210
856
-3623
-1388
1302
-3380
-1448
1415
-3097
-1995
1106
-3136
-1729
1474
-2662
-2811
1371
-2629
-2480
1654
-2394
-3052
1746
-2189
-2506
2088
-2143
-3102
2054
-1928
-2468
2298
-1852
-3067
2087
-1767
-2989
2522
-1488
-3175
2498
-1364
-3524
2825
-1045
-2845
3145
-879
-2898
3117
-681
-2645
3000
-791
-2479
3210
-975
-2431
3454
-986
-2369
3701
-998
-2414
4018
-916
-1956
3657
-872
-1572
3263
-792
-1751
3683
-498
-1778
3940
-361
-1449
3816
-245
-1477
3540
-167
-1362
3561
-121
-1364
3675
-75
-1481
3758
-82
-1380
3744
-122
-1506
3571
-106
-1625
3628
-172
-1634
3672
-273
-1898
3588
-421
-2261
3571
-671
-2373
3536
-924
-2938
3448
-1012
-3114
3472
-997
-3038
3427
-943
-3300
3264
-800
-3205
2990
-842
-3280
2849
-860
-3398
2708
-832
-3345
2659
-1114
-3205
2682
-1229
-3359
2417
-1402
-2984
2137
-1698
-3140
1935
-1721
-2900
1805
-1908
-2369
1500
-2198
-2505
1209
-2242
-1698
998
-2758
-1760
691
-2921
-1387
522
-2951
-1277
533
-3069
-1312
381
-2954
-1044
110
-3110
-735
288
-3403
-800
67
-3676
-636
96
-4142
-539
157
-4294
-434
132
-4511
-308
141
-4642
-330
45
-4503
-78
-67
-4716
-158
-209
-4695
39
6
-4907
243
244
-4885
240
328
-4647
182
433
-4307
-221
662
-3808
-904
658
-3356
-938
891
-3156
-1030
786
-2712
-1857
703
-2813
-1200
1188
-2877
-2434
1217
-3080
-1947
1666
-2714
-2481
1510
-2531
-2359
1798
-2231
-2842
1697
-2151
-2602
2126
-1804
-2673
2120
-1692
-2744
2207
-1403
-2894
2287
-1243
-3140
2564
-1251
-2745
2680
-1134
-3277
2809
-1215
-2912
3321
-1076
-3065
3454
-945
-2729
3444
-793
-2621
3392
-667
-2102
3544
-631
-1917
3712
-613
-1931
3759
-474
-1835
3977
-600
-1771
4164
-777
-1857
3852
-769
-1704
3386
-368
-1703
3575
479
-1541
3670
551
-1371
3716
308
-1317
3683
91
-1449
3678
121
-1566
3653
297
-1566
3612
283
-1558
3599
163
-1653
3620
117
-1654
3612
96
-1716
3594
-56
-1913
3569
-196
-2093
3561
-231
-2492
3608
-367
-2569
3439
-503
-2895
3230
-574
-2948
3283
-490
-3357
3346
-571
-2994
3415
-789
-3017
3157
-883
-2748
2960
-1033
-2875
2886
-1131
-2852
2989
-1285
-2707
3030
-1481
-2729
2826
-1677
-2505
2477
-1838
-2447
2162
-1914
-2387
2076
-2093
-1977
1780
-2233
-1791
1404
-2467
-1409
1107
-2686
-1528
868
-2773
-1179
780
-3223
-1084
491
-3525
-1019
396
-3700
-579
412
-4041
-249
382
-4191
-70
301
-4160
172
309
-4074
119
81
-4226
475
13
-4398
795
-48
-4558
795
-12
-4612
873
301
-4530
674
448
-4314
281
555
-4036
-284
573
-4033
-779
680
-3902
-841
1109
-3573
-1414
1136
-3522
-851
1465
-3053
-2013
1225
-3104
-1350
1417
-2950
-2399
1564
-2812
-1786
1813
-2534
-2583
1660
-2128
-2333
1846
-1780
-3140
1623
-1789
-2676
1768
-1640
-2981
1727
-1968
-3059
1962
-1675
-2980
2329
-1564
-3212
2368
-1644
-3361
2823
-1226
-2919
3061
-1128
-2928
2816
-1263
-2868
3323
-1281
-2366
3941
-952
-2366
3794
-725
-2192
3324
-617
-2200
3509
-312
-1988
3774
-337
-1809
3672
-481
-1652
3627
-486
-1579
3848
-556
-1637
3797
-200
-1704
3586
307
-1566
3620
393
-1438
3557
219
-1428
3698
125
-1523
3710
194
-1564
3647
215
-1559
3616
186
-1635
3557
143
-1667
3653
106
-1638
3640
91
-1616
3636
49
-1782
3580
-48
-2024
3614
-214
-2360
3652
-526
-2460
3534
-761
-2564
3360
-727
-2622
3234
-874
-2497
3226
-769
-2890
3105
-656
-2804
3371
-778
-2792
3369
-944
-2972
2971
-1090
-2935
2796
-1097
-3270
2663
-1303
-3035
2620
-1558
-2992
2480
-1561
-3001
2103
-1702
-2401
2069
-1966
-2636
1661
-2009
-2104
1575
-2344
-1977
1297
-2919
-1668
1201
-3070
-1520
819
-3335
-1054
777
-3490
-1356
397
-3541
-591
339
-3742
-676
107
-4087
107
153
-4304
360
199
-3966
730
-367
-3815
666
-292
-4198
646
35
-4676
733
185
-4636
671
85
-4558
554
164
-4327
473
385
-4091
-208
627
-3688
-348
562
-3703
-1324
571
-3514
-948
1030
-3533
-1655
1085
-3594
-1710
1585
-3220
-2262
1134
-2962
-2218
872
-3124
-2347
1335
-2698
-2752
1277
-2505
-2557
1461
-2352
-3120
1234
-2220
-2355
1666
-2096
-2799
1751
-2237
-2637
1971
-1725
-2866
2291
-1620
-2702
2472
-1178
-2796
2448
-823
-3271
2488
-956
-2882
3137
-762
-2575
3408
-781
-2689
3581
-820
-2556
3696
-770
-2397
3700
-801
-2219
3775
-757
-2214
3732
-705
-1991
3959
-876
-1880
3774
-692
-1635
3438
-238
-1442
3512
380
-1434
3577
573
-1511
3606
472
-1562
3733
230
-1607
3722
30
-1719
3679
-13
-1724
3617
144
-1753
3544
257
-1790
3517
194
-1820
3505
122
-1705
3607
115
-1697
3648
87
-1783
3571
5
-2115
3517
-245
-2443
3437
-460
-2922
3406
-536
-2939
3466
-772
-2692
3560
-982
-2741
3570
-1018
-2888
3463
-1179
-2656
3123
-1386
-2681
2746
-1396
-3253
2602
-1357
-2928
2857
-1571
-2979
2580
-1586
-2836
2395
-1720
-2807
2238
-1807
-2760
2060
-1966
-2397
2127
-2010
-2253
1677
-2237
-1971
1338
-2515
-1571
818
-2918
-1554
697
-3074
-1203
550
-3212
-963
392
-3205
-697
354
-3290
-564
545
-3464
-321
554
-3603
91
549
-4176
-144
314
-4104
158
312
-4107
-230
83
-4612
81
237
-4981
328
423
-5086
443
291
-4994
330
309
-4739
45
683
-4197
-527
666
-3820
-988
789
-3738
-894
974
-3355
-1487
858
-3569
-875
1385
-2886
-1968
1197
-3096
-1402
1454
-3051
-1766
1815
-2502
-2137
2002
-2346
-1730
2220
-1898
-2788
1934
-1738
-2476
2130
-1410
-2859
2357
-1488
-2847
2406
-996
-3131
2534
-1007
-3321
2528
-919
-3154
3170
-806
-3177
3248
-876
-3042
3584
-726
-2590
3781
-717
-2404
3674
-703
-2186
3763
-612
-2051
3663
-620
-2055
3584
-627
-2283
3654
-485
-1814
3869
-566
-1355
3611
-349
-1316
3386
244
-1419
3615
569
-1401
3807
521
-1338
3767
322
-1279
3791
131
-1479
3689
69
-1537
3675
231
-1485
3609
311
-1468
3630
305
-1385
3704
258
-1336
3751
252
-1371
3721
260
-1386
3683
277
-1358
3734
310
-1414
3675
261
-1479
3635
109
-1640
3622
-7
-1751
3749
-91
-2069
3726
-234
-2398
3647
-279
-2132
3637
-364
-2349
3447
-485
-2623
3266
-596
-2415
3336
-712
-2589
3144
-686
-2926
3070
-685
-2876
3219
-785
-2881
3008
-972
-2887
2712
-1177
-2941
2676
-1241
-3091
2587
-1512
-2880
2453
-1720
-2701
2258
-1932
-2431
1882
-2103
-2252
1795
-2181
-2039
1078
-2577
-1758
754
-2890
-1656
323
-2961
-1400
663
-3163
-1309
637
-3455
-1111
688
-3732
-897
662
-4042
-789
500
-4160
91
375
-4281
88
297
-4037
246
66
-4322
257
-103
-4509
662
81
-4713
524
22
-4686
489
-157
-4885
410
472
-4535
-104
804
-4190
-309
832
-3954
-720
746
-3858
-1355
809
-3816
-1354
1197
-3659
-1706
1251
-3274
-1687
1081
-3064
-1966
1318
-2727
-2221
1530
-2521
-1893
1687
-2409
-2516
1638
-2083
-2265
1665
-2164
-2795
1661
-1970
-2549
1942
-1827
-2797
1917
-1891
-2859
2144
-1274
-2987
2279
-1322
-3211
2601
-1214
-3056
3006
-968
-3071
3073
-1183
-2546
3400
-1233
-2066
3588
-1080
-2256
3478
-883
-1906
3472
-793
-2136
3848
-601
-1967
4240
-504
-1463
3800
-524
-1239
3431
-364
-1327
3826
-346
-1403
3987
-208
-1514
3807
42
-1285
3622
223
-1197
3629
400
-1202
3736
399
-1245
3799
321
-1253
3779
238
-1253
3727
227
-1278
3722
233
-1353
3698
245
-1291
3733
246
-1184
3757
274
-1280
3709
270
-1260
3780
201
-1350
3726
152
-1451
3667
31
-1603
3654
-24
-1659
3765
82
-1701
3675
43
-1899
3437
-100
-2260
3262
-365
-2566
3245
-694
-2671
3331
-672
-2832
3518
-815
-2834
3773
-785
-2963
3670
-520
-2713
3532
-607
-2802
3050
-835
-3338
2554
-982
-3139
2550
-1312
-3334
2163
-1688
-3226
2026
-1745
-3034
1684
-1977
-2729
1506
-2020
-2432
1068
-1812
-2099
973
-2000
-1945
655
-2172
-1985
158
-2779
-1710
-171
-3437
-1592
-102
-3790
-1532
-22
-3900
-1237
111
-3911
-1052
77
-3705
-734
16
-3872
-258
72
-4289
-618
117
-4634
-114
345
-5022
-128
180
-5013
405
252
-5157
269
187
-4863
239
379
-4541
100
570
-4172
-397
655
-3806
-600
912
-3544
-941
910
-3609
-1331
1102
-3282
-1804
1245
-3225
-1672
1129
-3045
-2238
1086
-2652
-2281
1210
-2391
-2691
1181
-2195
-2438
1586
-2162
-2807
1800
-2233
-2486
2052
-2068
-2484
2077
-1858
-3207
1935
-1769
-2794
2231
-1604
-3264
2277
-1782
-2873
2597
-1355
-3024
2620
-1345
-3169
2615
-1484
-2741
3092
-1122
-2497
3284
-936
-2223
3396
-897
-2045
3508
-724
-1704
3564
-636
-1719
3522
-620
-2051
3787
-521
-2097
4035
-442
-1920
3733
-437
-1648
3429
-571
-1457
3642
-671
-1530
3954
-445
-1519
3809
115
-1650
3578
464
-1539
3438
334
-1666
3474
185
-1755
3648
48
-1693
3676
15
-1568
3615
133
-1607
3549
236
-1662
3621
211
-1674
3643
95
-1794
3589
-57
-1857
3616
-212
-2007
3583
-540
-2554
3476
-739
-2785
3355
-863
-2778
3246
-909
-2829
3231
-895
-3215
3108
-972
-3132
3107
-1000
-3134
3045
-997
-3137
2909
-1208
-2806
2974
-1325
-2902
2701
-1520
-2736
2440
-1737
-2763
2452
-1806
-2783
2157
-1840
-2386
1816
-2284
-2328
1340
-2321
-1952
1095
-2693
-1454
763
-2952
-1620
445
-2936
-1047
361
-3118
-1438
441
-3051
-705
581
-3204
-1083
188
-3426
-218
205
-3872
-210
-6
-4005
123
289
-4454
-172
303
-4947
-330
305
-5225
177
470
-5360
440
184
-5165
332
170
-4974
384
270
-4600
230
570
-4160
-132
856
-4010
-242
931
-3665
-658
998
-3558
-801
1226
-3317
-1245
1007
-3328
-1096
1372
-2941
-1962
1157
-2777
-1841
1472
-2511
-1587
1311
-2277
-2530
1395
-2220
-1839
1819
-2060
-3012
2132
-1767
-2281
2221
-1524
-3066
2079
-1406
-2542
2594
-1192
-3061
2514
-1366
-3182
3063
-1473
-2980
3353
-1181
-3428
3198
-1424
-2948
3290
-1146
-2577
3220
-1007
-2455
3166
-882
-2253
3154
-728
-2353
3611
-524
-2235
4609
-407
-1563
4091
-580
-1317
3247
-739
-1743
3509
-239
-1997
3834
495
-1653
3638
538
-1316
3434
248
-1324
3573
198
-1605
3775
298
-1588
3729
263
-1522
3599
205
-1539
3557
239
-1631
3623
247
-1564
3738
271
-1413
3679
224
-1623
3610
133
-1859
3583
-195
-2215
3517
-530
-2716
3377
-777
-2734
3294
-784
-2821
3111
-739
-2844
3094
-699
-2995
3138
-626
-2859
3136
-645
-2992
3110
-661
-3029
3094
-876
-2829
2682
-1044
-3000
2477
-1139
-2771
2264
-1557
-3072
2234
-1654
-2976
2169
-2020
-2749
1998
-2114
-2809
1977
-2134
-2357
1806
-2458
-2388
1421
-2586
-1711
1202
-2897
-1511
1077
-3041
-1145
737
-3441
-1356
896
-3406
-1005
1025
-3666
-688
710
-3774
-295
841
-3872
-72
813
-3950
-449
472
-3913
-152
334
-4260
-757
227
-4356
-406
403
-4584
-623
451
-4838
-181
385
-5083
-163
401
-5448
-326
454
-5301
-466
628
-4774
-788
622
-4191
-716
585
-3756
-801
824
-3216
-777
765
-3152
-825
1074
-2986
-1343
1091
-2829
-1388
1244
-2660
-1443
1110
-2270
-2131
1251
-2028
-1794
1424
-1852
-2563
1646
-2020
-2535
1893
-1912
-2651
1971
-2190
-2770
1971
-1904
-2946
2445
-1907
-2896
2453
-1752
-2812
3149
-1256
-2833
2877
-1400
-2631
3247
-1194
-2399
3604
-922
-2316
3585
-1074
-2160
3393
-985
-2259
3685
-763
-2422
4047
-711
-2162
4094
-803
-1801
3697
-855
-1286
3831
-1161
-1104
3999
-932
-1984
3629
318
-1734
3501
629
-1394
3470
331
-1388
3649
170
-1339
3871
63
-1380
3769
190
-1534
3621
319
-1521
3592
286
-1476
3644
229
-1447
3724
174
-1471
3722
182
-1457
3646
213
-1480
3622
155
-1676
3626
-13
-1873
3670
-377
-2165
3603
-571
-2680
3563
-640
-2752
3624
-713
-2691
3580
-724
-2537
3377
-801
-2670
3309
-846
-2775
3051
-958
-2849
2993
-1085
-2756
2860
-1032
-3048
2879
-1185
-2731
2748
-1365
-2925
2923
-1553
-2580
2697
-1677
-2419
2337
-1798
-2314
2141
-1840
-2108
1794
-2093
-1766
1637
-2235
-1844
1262
-2576
-1013
1400
-3029
-1270
916
-3168
-992
1047
-3576
-1104
737
-3708
-859
638
-4032
-425
782
-4000
-284
680
-3745
23
612
-3868
-356
371
-4192
47
292
-4604
-121
449
-4901
-152
587
-4991
182
663
-5132
267
463
-5028
409
653
-4719
82
848
-4172
-295
838
-3945
-380
961
-3448
-969
995
-3473
-895
1242
-3190
-1192
1175
-3274
-1404
1157
-3253
-1567
1327
-2786
-2266
1133
-2949
-1699
1447
-2628
-2437
1330
-2302
-2025
1604
-2092
-2377
1454
-1897
-2357
1564
-1600
-2596
1640
-1706
-2865
2105
-1270
-2910
2196
-1477
-3132
2802
-1238
-3149
2943
-1133
-3563
3125
-1271
-2778
3494
-1203
-2653
3482
-1104
-2642
3350
-980
-2535
3257
-883
-2738
3510
-666
-2619
4185
-604
-1882
3933
-755
-1407
3481
-1058
-1496
3612
-607
-1982
3745
342
-1833
3656
547
-1582
3407
326
-1498
3508
94
-1493
3737
-10
-1697
3702
76
-1746
3595
212
-1688
3495
213
-1726
3487
140
-1762
3546
25
-1838
3615
-87
-2065
3530
-223
-2557
3402
-470
-2552
3565
-849
-2555
3706
-1047
-3008
3628
-1109
-2915
3483
-1115
-2759
3373
-1041
-2834
2946
-1037
-2584
2735
-1127
-2690
2825
-1037
-2884
3014
-1198
-2609
2680
-1366
-2851
2650
-1514
-2566
2427
-1789
-2747
2165
-1848
-2384
2142
-2093
-2215
1721
-2295
-1987
1440
-2319
-1926
1283
-2850
-1726
1161
-2984
-1458
875
-3287
-1260
775
-3512
-1369
282
-3705
-1167
474
-3782
-723
336
-3782
-316
281
-3982
-28
217
-4250
132
308
-4299
22
11
-4461
53
-211
-4532
-102
-420
-4525
10
-438
-4509
10
-328
-4742
96
-218
-4545
-14
-80
-4465
-156
126
-4263
-298
129
-4076
-242
406
-3817
-261
497
-3601
-649
578
-3449
-629
860
-3342
-1247
987
-3304
-1163
1124
-3062
-1795
1197
-2955
-1505
1397
-2827
-2019
1315
-2669
