3868
489
347
3799
515
255
3792
457
158
3867
388
230
3844
448
222
3717
581
156
3752
643
34
3768
1134
-35
3873
1435
100
3795
2100
-336
3691
1362
-1432
3632
1443
-1982
3533
1327
-1918
3504
1118
-2275
3767
705
-2515
3832
632
-2494
3776
980
-2465
3489
661
-2492
3418
589
-2607
3177
492
-2435
3143
326
-2533
2516
457
-2603
1858
170
-2914
1332
-18
-3238
1006
-51
-3182
715
-432
-3134
314
-757
-3469
189
-563
-3474
-101
-594
-3509
-85
-460
-3567
-277
-562
-3768
-207
-608
-3802
-286
-433
-3779
-335
-436
-3919
-301
-727
-4106
-409
-769
-4235
-186
-800
-4451
-85
-1008
-4578
-92
-938
-4643
-242
-819
-4546
-158
-738
-4309
396
-725
-3783
704
-195
-3597
1067
382
-3318
1418
331
-3310
1620
624
-3355
1760
725
-3247
1953
1566
-2912
2464
1099
-2788
2241
1700
-2334
2871
1311
-2305
2178
2162
-2528
3045
1194
-1967
3046
1441
-1561
3399
1193
-1095
3163
1461
-932
3378
1656
-786
3629
1699
-607
3661
1818
-656
3756
1714
-457
3807
1659
-469
3766
1510
-246
3979
1461
-217
4013
933
13
3768
751
280
3689
685
-167
4190
660
49
4257
1096
-837
3826
-161
-31
3916
156
782
3938
-220
898
3571
-96
701
3655
-294
454
3725
-328
459
3869
-515
522
4131
-356
403
3989
-210
237
3835
-153
-103
3803
375
-2
4095
704
277
4207
541
143
3914
-52
-390
3590
586
-720
4073
620
-690
4169
688
-854
4030
1026
-990
3913
1257
-1458
3892
1162
-1360
3734
1023
-1859
3591
888
-2359
3702
385
-2727
3550
-17
-2921
3343
-169
-2555
2916
-56
-2597
2523
422
-2776
2413
677
-2578
2316
643
-2693
2205
496
-2790
1333
391
-3129
777
-145
-3198
370
-339
-3342
190
-257
-3162
-102
-207
-3663
101
-613
-3764
99
-666
-3724
-171
-695
-3688
-351
-790
-3934
-346
-678
-4125
-145
-820
-4286
-193
-1168
-4254
-306
-1629
-4304
-133
-1912
-4194
13
-2183
-3785
24
-1852
-3607
237
-1610
-3408
470
-653
-3247
899
-267
-3273
1139
-197
-2817
1745
661
-2794
1854
1231
-2386
2516
1219
-2276
2299
1925
-2702
3087
1708
-2291
2578
2102
-2204
3660
1894
-2389
3541
1297
-1775
3616
1865
-1489
3733
1968
-1168
3673
1830
-1101
3816
1710
-1087
4097
1642
-701
4059
1948
-254
3885
1456
-506
3600
966
-393
3957
681
-84
4187
1157
288
3609
668
276
3692
430
-586
3936
115
-117
4353
227
699
4117
-15
780
3768
-249
516
3836
-348
295
4018
-319
752
3983
68
936
3712
-665
-72
3964
-96
-467
4026
52
-193
4105
-41
270
3738
136
313
3768
248
223
3907
500
126
3843
708
126
3783
1071
-94
3835
1046
-396
3776
1551
-615
4030
1207
-855
4078
1309
-1340
3831
1388
-1454
3550
880
-1782
3870
378
-2132
4240
442
-2202
4250
681
-2464
3834
369
-2732
3756
16
-2749
3449
63
-2982
3240
215
-2956
2691
-112
-3020
2040
-180
-3008
1908
153
-2575
1711
194
-2620
1433
81
-2754
817
7
-2809
455
-296
-3276
-63
-241
-3404
-328
-395
-3591
-521
-567
-3815
-439
-761
-3932
-737
-786
-3926
-1015
-656
-3801
-1374
-488
-3593
-1340
-558
-3686
-1294
-693
-3920
-1291
-741
-3752
-1076
-833
-3614
-735
-884
-3433
-519
-939
-3362
-88
-1512
-3049
89
-756
-3351
650
-360
-3429
972
35
-3066
1451
140
-3361
1665
243
-2746
1958
688
-3430
2481
548
-2943
2953
1003
-2908
3203
1175
-2892
3870
889
-2445
3604
1506
-2853
3993
1186
-2463
3879
946
-2323
3730
997
-2192
4156
745
-1821
3879
1004
-1604
4107
1023
-1173
3830
1115
-931
3742
736
-522
3681
770
-560
3498
646
-243
3753
540
-350
3887
473
73
4005
358
-163
4123
-460
-894
4387
-329
-1384
4013
-623
204
3766
-619
645
3574
-599
630
3877
-497
335
3825
-285
118
3756
217
32
3837
419
49
4188
717
417
4110
1131
395
4305
523
62
4260
1170
80
4235
1201
-267
4311
1179
-663
4668
956
-1029
4636
1516
-1288
4483
2487
-1015
4185
2096
-1180
4053
1627
-1575
3739
1336
-1550
3271
1300
-1783
3162
1517
-2031
2913
1237
-2197
2335
1559
-2304
2027
1136
-2504
1615
555
-2777
1166
604
-3026
875
397
-3010
574
-57
-3130
241
-215
-3013
-128
-309
-2965
-401
-281
-2921
-604
-158
-2947
-774
-488
-3303
-738
-273
-3513
-852
-315
-3644
-1032
-369
-3600
-1159
-156
-3432
-1113
-255
-3685
-901
-438
-3985
-841
-713
-4425
-916
-698
-4735
-1003
-740
-5129
-796
-926
-5126
-620
-826
-4889
-503
-846
-4471
-347
-854
-4081
-201
-748
-3546
-161
-552
-3287
110
-522
-3163
189
-448
-3367
468
-293
-3428
777
-133
-3423
842
96
-3387
1288
494
-3231
1437
721
-2921
1806
1048
-3154
2249
680
-2649
2322
1079
-2969
2626
902
-2480
2983
1315
-2340
3320
1380
-2447
3363
1384
-1675
3264
1924
-2503
3672
1173
-1626
4075
1858
-1367
4187
1582
-1020
3945
1730
-533
3956
1604
-531
4099
1818
-332
3834
1097
-456
4101
815
-62
3853
665
1
3962
943
-390
3884
1038
-356
3883
10
545
3610
-436
843
3723
-401
457
3974
-146
389
3937
-48
412
3802
35
406
3784
277
394
3841
168
338
3953
251
408
3972
-180
460
3951
17
572
3845
-152
607
3876
18
533
3942
44
460
3804
423
282
3893
762
40
4086
1061
-93
3933
532
-282
3729
884
-483
3875
1516
-875
3916
782
-1533
3848
606
-1750
4029
633
-2105
3842
578
-2233
3782
526
-2341
4045
319
-2176
3834
163
-2407
3765
236
-2418
3293
171
-2340
3139
-33
-2436
2802
-273
-2491
2340
-400
-2611
1953
-390
-2619
1549
-90
-2865
1311
-95
-2848
922
-47
-3099
739
-245
-3178
438
-157
-3375
237
-285
-3410
172
-160
-3550
-73
-290
-3689
-531
-466
-3595
-570
-457
-3695
-676
-539
-3902
-682
-326
-4084
-367
-489
-4211
-333
-615
-4187
-279
-380
-4247
-261
-452
-4402
-264
-628
-4716
-343
-822
-4737
-321
-895
-4687
-101
-830
-4282
7
-305
-4226
454
-233
-3209
589
-166
-3467
924
-62
-3060
1048
582
-3447
1422
209
-2974
1798
980
-3372
2196
1151
-2821
2529
1341
-2444
2558
1913
-2710
2675
1775
-2141
3109
1594
-1807
3279
1525
-1612
3556
1287
-1123
3231
1910
-1236
3714
1847
-1033
4065
1344
-644
3835
1220
-538
4012
1175
-422
3933
1006
-506
3951
833
-290
3921
966
-264
4081
954
-189
4102
777
-539
3870
1167
97
3875
501
365
3567
-816
-108
3715
-226
656
4003
-361
641
4056
-817
388
3896
-764
4
4171
-1045
-52
3796
-872
9
3831
-655
229
3851
-341
465
3934
-216
399
3868
-221
406
3863
45
332
3881
84
137
3972
132
298
3896
94
266
3848
112
161
3869
467
137
3845
635
52
4072
790
-346
4136
612
-825
4026
947
-1356
4061
799
-1356
3921
342
-1450
3500
153
-1688
3754
378
-1817
3968
699
-2229
3792
350
-2396
3469
-416
-2985
3149
-279
-2862
3189
208
-2683
2940
-34
-2700
2881
-52
-2582
2632
337
-2624
2131
161
-2780
1903
390
-2773
1424
-44
-3040
917
-203
-3211
727
-141
-3300
516
-41
-3425
215
-162
-3451
-170
-236
-3341
-366
-273
-3512
-103
-421
-3700
-165
-558
-3847
-193
-596
-3922
-257
-644
-4068
-227
-926
-4176
-356
-1028
-4192
-350
-1055
-4336
-357
-1116
-4583
-233
-1118
-4385
-51
-1193
-4043
-36
-1108
-3949
104
-1271
-3989
435
-822
-3786
903
-512
-2953
1112
-45
-2793
1525
579
-2856
1927
898
-2860
2264
875
-3014
2621
703
-3064
2944
1410
-2890
2997
1498
-2725
2856
1696
-2525
3337
1281
-2528
3609
1393
-2122
3418
1334
-2029
3692
1270
-1524
3781
1299
-1306
3993
1307
-932
3589
1520
-878
3227
1582
-336
3688
1358
-105
3451
845
-89
3589
648
-308
3807
501
-269
3899
622
-109
3863
177
-346
3952
-91
-80
3641
307
29
4195
179
-347
4218
739
-702
3912
137
-301
3825
-123
322
3906
-294
319
3971
-287
452
3992
-359
310
3914
-590
-20
4125
-775
-71
3749
-376
-15
3854
-392
-121
3888
-98
42
3900
527
-53
4014
362
-1
3801
520
-319
4033
25
-1015
4053
684
-1639
3795
753
-2005
3840
347
-2242
3914
264
-2094
4053
334
-2441
3758
387
-2691
3814
282
-2702
3915
163
-2581
3905
295
-2434
3611
280
-2409
3090
136
-2553
3199
56
-2514
2638
-43
-2501
2079
140
-2544
1430
220
-2391
1148
188
-2540
889
209
-2640
667
128
-2647
399
98
-2958
249
-41
-3160
-52
-212
-3244
-50
-337
-3426
-186
-328
-3431
-278
-320
-3542
-290
-454
-3856
-123
-886
-4261
-220
-1353
-4380
6
-1412
-4476
142
-1299
-4630
52
-1407
-4801
38
-1470
-4765
171
-1485
-4651
250
-1597
-4678
362
-1604
-4517
390
-1634
-4230
202
-1696
-4026
211
-1465
-3520
180
-1292
-3385
315
-1104
-3060
513
-560
-3170
664
-277
-3538
1059
-69
-3481
1301
176
-3366
1390
783
-2895
1729
1441
-3069
1998
1232
-2511
2136
1899
-2264
2422
1251
-1695
2698
2062
-1789
2850
1269
-1315
3148
1919
-1074
3507
2053
-1167
3085
1844
-542
3441
2150
-835
4325
1913
-528
4082
2056
-410
3706
1639
-622
3921
1753
-564
3938
1112
-356
3786
871
-597
3857
623
-294
4045
569
-40
3896
769
87
4015
623
370
4068
517
124
4249
36
-268
3909
689
-517
3708
-634
-178
3837
-284
641
3778
-336
488
3854
7
389
3937
54
388
3927
-537
485
3816
-470
449
3894
-439
257
3815
-279
185
3948
-64
381
3854
-28
410
3650
193
274
3796
408
198
3980
417
187
4180
1031
396
4078
1180
278
4099
1393
-82
4056
588
-626
4216
1082
-967
4182
1315
-1028
4220
1226
-1424
4326
1676
-1343
4389
1134
-1552
4310
904
-1983
4076
801
-2112
3884
961
-1940
3377
961
-2000
2921
613
-1917
2505
498
-1890
1950
234
-2086
1896
339
-2124
1736
381
-2308
1522
228
-2408
1109
186
-2915
831
-298
-3167
698
-211
-3338
258
-248
-3555
-371
-447
-3710
-162
-185
-3538
6
-251
-3804
168
-387
-3826
61
-378
-4068
-170
-696
-4175
-191
-770
-4107
-129
-722
-4231
71
-796
-4289
279
-786
-4330
367
-942
-4250
163
-881
-4311
-150
-1028
-4656
-222
-1103
-4406
-106
-1078
-4184
62
-979
-4050
200
-967
-4186
443
-1011
-3690
689
-906
-3819
1148
-478
-3367
1459
-159
-3442
1631
-154
-2792
1805
165
-3582
1907
26
-2199
2693
525
-3342
2775
-336
-2207
2846
1024
-2215
3408
238
-2576
3275
791
-1579
3833
1001
-2301
3525
-113
-1471
3731
1113
-1160
4605
1110
-804
4476
1549
-606
4367
1387
-479
4046
1661
-504
4273
227
-468
4379
1286
-875
3950
1261
-595
3510
-245
644
3529
-223
750
3492
-393
967
3510
-601
1054
3507
-793
808
3848
-834
744
4035
-893
761
3948
-932
447
3842
-906
97
4037
-922
332
3938
-830
670
3917
-841
597
3869
-599
412
3949
-998
179
3866
-1341
198
3892
-699
284
3860
-494
-1
3869
-327
84
3978
-195
274
3869
-212
-77
3723
-458
-370
3876
400
-716
3952
719
-840
4175
1422
-1191
4251
1179
-1455
4218
263
-2068
4359
-684
-1990
4337
-1017
-1667
4021
-644
-1620
3831
-308
-2074
3565
-154
-2299
3241
-17
-2107
3135
-186
-2449
3108
-191
-2641
2736
-119
-2869
2501
-106
-2744
2353
-199
-2813
2192
-367
-2880
1964
-74
-2604
1505
-164
-2815
1023
-227
-2771
647
-459
-2936
418
-504
-3219
182
-690
-3668
-24
-841
-3850
62
-855
-3985
44
-850
-3717
21
-702
-3541
-280
-823
-3728
-477
-954
-3913
-385
-994
-3835
-217
-1050
-3917
-280
-989
-4180
-474
-1233
-4340
-499
-1313
-4659
-456
-1635
-4901
-499
-1835
-4295
-395
-1198
-3910
-35
-1395
-3946
-84
-1165
-3996
85
-875
-3809
119
-302
-3407
574
71
-2838
1064
-260
-3017
1332
103
-3247
1533
680
-3074
2109
-28
-3116
2403
769
-2895
3064
571
-3413
2772
377
-2806
3070
777
-2723
3053
1007
-2285
3504
1304
-1470
3234
1450
-1909
3618
906
-1739
4060
1038
-1297
4093
1290
-1016
4199
1247
-886
4073
816
-849
3825
566
-843
3804
750
-662
3772
621
-360
3930
453
20
4014
14
-155
4001
-138
-17
4111
284
-62
3674
-994
-168
3738
-559
502
4007
-644
321
3775
-504
137
4023
-368
353
3975
-505
395
3764
-449
234
3788
-372
116
3837
-204
113
3865
1
160
3957
3
209
3861
225
-2
3869
516
-276
3992
582
-173
4144
971
-74
4192
827
-205
4216
876
-464
4152
492
-827
3995
311
-1236
4107
308
-1284
4104
715
-1615
4197
617
-2080
4137
-189
-2414
3878
-479
-2573
3658
-490
-2749
3535
-437
-2726
3217
-119
-2723
2897
-278
-2315
2508
-280
-2149
2323
-239
-2179
2135
-356
-2378
2048
-325
-2747
1468
-342
-2823
762
-545
-3223
684
-526
-3351
412
-547
-3395
305
-691
-3512
153
-438
-3544
-59
-631
-3704
-359
-606
-3779
-450
-752
-3938
-495
-897
-4143
-562
-667
-4113
-430
-603
-3621
-341
-389
-3467
-478
-929
-4261
-621
-1610
-4915
-518
-1937
-4587
-336
-2103
-4118
-338
-2012
-3748
-232
-1815
-3720
-172
-1768
-3602
152
-1263
-3392
230
-874
-3050
991
-33
-3085
1450
532
-2875
1527
1098
-2993
1938
932
-2752
2237
941
-3015
2436
769
-2880
2570
971
-2576
2847
1173
-2752
3366
961
-2650
3808
747
-2447
3644
519
-2266
3639
507
-1877
3435
1193
-1679
3898
1182
-1254
3862
1381
-875
4409
1574
-1060
4199
591
-650
3833
1210
-427
4033
1031
-536
3776
1163
-390
3811
346
-185
3935
-217
-219
3885
-160
92
3983
-173
175
3696
-656
-570
3916
-1187
-82
4146
-490
694
3961
-779
682
4036
-959
564
3890
-854
420
3937
-814
177
3791
-747
208
3855
-678
330
3806
-628
262
3925
-535
144
3908
-326
334
3849
-224
406
3777
-9
391
3696
499
54
4140
465
-312
4419
177
-697
4369
111
-1062
4145
-102
-1265
4065
-215
-1250
4049
198
-1587
4087
54
-2040
4239
-100
-2445
4011
252
-2488
3726
103
-2492
3706
282
-2400
3683
465
-2259
3437
566
-2117
3027
445
-2256
2694
326
-2357
2287
160
-2515
1735
124
-2721
1470
14
-2777
1306
-88
-3235
1180
-235
-3101
807
-287
-3224
321
-513
-3481
126
-79
-3318
-67
-28
-3527
-287
-293
-3584
-468
-292
-3546
-636
-335
-3712
-603
-707
-3788
-704
-590
-3999
-793
-641
-4187
-741
-812
-4450
-782
-882
-4458
-787
-837
-4657
-664
-807
-4429
-647
-1033
-4099
-724
-1592
-3656
-630
-1761
-3622
-324
-1072
-3412
-90
-1586
-3395
253
-864
-3042
439
-228
-3278
573
-737
-3180
759
-687
-3488
1005
59
-2985
1677
929
-3902
2037
-65
-2548
2329
976
-2828
2994
918
-2722
2484
1247
-1649
3816
2252
-3130
3798
627
-1819
3630
819
-1700
4152
981
-2342
3959
802
-1826
4212
832
-1467
3958
733
-1248
4130
961
-1325
3948
966
-1151
3933
431
-691
3871
294
-1060
4079
-459
-1017
4196
1096
321
3478
646
401
3656
501
-502
3778
440
-238
3986
496
126
4016
408
312
3992
131
303
3850
127
207
3855
-100
81
4112
-260
77
3955
81
343
3747
-203
265
3742
-370
-215
3885
-78
-360
3866
492
-102
3917
610
-148
3794
792
-182
3946
1232
-369
4059
1321
-659
4250
1863
-883
4408
1873
-1204
4223
1724
-1395
4334
1724
-1424
4205
1300
-1647
4091
809
-1939
3807
580
-2312
3716
336
-2482
3426
376
-2482
2907
395
-2666
2730
221
-2737
2521
226
-2948
2364
-190
-2855
1756
-195
-2912
1236
144
-2731
684
-211
-3088
378
-403
-3274
148
-286
-3122
-261
-216
-3071
-407
-439
-3222
-599
-447
-3297
-786
-505
-3465
-939
-509
-3444
-1048
-593
-3553
-1353
-690
-3705
-1389
-405
-4072
-1273
-792
-4226
-1179
-935
-4426
-1172
-829
-4347
-1266
-1162
-4099
-1221
-1162
-4039
-1039
-1139
-3706
-939
-1115
-3726
-671
-1464
-3740
-201
-997
-3673
-9
-641
-3643
287
-341
-3402
554
-36
-3421
903
314
-3261
1276
706
-3156
1599
834
-3213
2005
683
-2922
2378
1039
-2996
2400
799
-2535
2862
1059
-2746
2752
741
-2406
3103
864
-2752
3071
792
-2316
3595
1137
-2082
3607
1355
-1696
3827
1155
-1679
3373
1505
-1268
3876
1831
-1111
4494
732
-1146
4076
833
-1095
3912
994
-738
4086
1021
-603
4054
778
-538
4013
679
-388
3788
371
-438
4106
153
-623
4055
988
-234
3700
336
-117
3908
7
258
3782
-180
245
3857
-352
194
3918
-151
44
3945
-280
-40
3949
-118
68
3840
-115
94
3803
53
34
3829
140
-6
3997
97
77
3904
-24
312
3820
-147
204
3907
-222
-9
3954
16
-82
3888
331
-39
3985
9
22
3861
-149
174
3875
-274
170
3839
-332
-37
3862
-238
-288
3972
26
-182
3987
97
-70
3907
131
36
3874
553
-80
3776
743
-632
4064
960
-680
4062
72
-836
4152
1592
-845
3860
1782
-941
3452
1097
-1693
3387
97
-2112
3883
704
-1793
4127
1218
-1618
3855
893
-1916
3800
776
-2173
3485
808
-2233
3462
418
-2398
3353
291
-2378
2943
175
-2546
2647
277
-2487
2005
578
-2484
1725
233
-2920
1209
50
-3341
1088
-10
-3512
788
-79
-3524
779
-155
-3710
287
-742
-3666
145
-774
-3819
-48
-699
-3772
-187
-770
-3704
-177
-714
-3604
-239
-789
-3829
-415
-852
-3616
-596
-989
-3670
-689
-935
-3792
-792
-873
-3790
-638
-804
-4036
-526
-887
-4232
-330
-957
-4393
-407
-979
-4620
-354
-1145
-4583
-194
-892
-4276
-56
-740
-3989
125
-658
-3691
145
-557
-3696
433
-504
-3572
611
-399
-3459
850
-159
-3560
1025
-349
-3410
1292
-275
-3639
1507
-356
-3469
1780
-485
-3279
2189
-358
-3353
2268
-607
-2954
2695
-153
-3074
2615
-404
-2362
3014
-163
-2692
3163
-254
-2044
3429
804
-2468
3543
33
-1848
3527
879
-1995
3896
488
-1587
3914
754
-1048
3941
923
-1030
3898
1159
-623
3979
1195
-644
4042
1009
-476
4159
516
-264
4001
77
-128
3967
230
-30
4267
411
-1337
3750
953
148
3562
-41
185
3898
252
3
4041
352
336
4095
-282
224
3875
-195
368
4116
-321
585
3774
-466
316
3727
-342
154
4305
-251
567
3767
-574
308
3865
-510
0
3951
53
29
3991
-648
-66
3896
-5
-59
3892
-2
-31
3906
113
-155
3931
202
17
3995
322
0
4041
331
-226
4158
859
-578
4386
577
-1452
4118
-35
-1408
4081
1204
-1147
4054
1614
-1215
3829
1726
-1094
3902
1572
-1282
3767
1170
-1358
3637
1334
-1154
3424
1346
-1171
3120
1306
-1359
2792
1249
-1693
2469
736
-2052
2051
-256
-2505
1991
-950
-2677
1743
-1043
-2984
1741
-378
-3218
1764
-528
-3356
1766
-513
-3592
1742
-492
-3568
1652
-329
-3563
1496
-334
-3628
1080
-387
-3586
908
-331
-3742
652
-416
-3847
537
-436
-3749
271
-367
-3731
134
-195
-3645
-150
12
-3795
-180
-108
-3961
-212
-215
-3940
-233
-185
-3935
-127
-204
-3904
-236
-202
-3967
-460
-368
-4176
-176
-475
-4173
-93
-497
-4556
-83
-582
-4656
34
-724
-4446
-10
-538
-4245
-30
-332
-4317
239
-547
-4224
409
-670
-3668
634
-261
-3223
725
-354
-3297
809
-566
-3255
992
-645
-3250
1194
-544
-3454
1546
-572
-3581
1756
-542
-3432
1948
-287
-3266
2077
-461
-3118
2301
203
-2616
2507
286
-3137
2653
-268
-2393
2700
453
-2846
2650
304
-2180
3059
404
-2463
3318
139
-2043
3647
859
-1753
3897
452
-1561
3955
248
-1502
3882
409
-1380
3984
561
-1218
4082
666
-1128
4348
793
-965
4225
823
-649
3992
641
-522
3771
636
-250
3901
551
24
4028
831
176
3985
716
145
4002
192
-188
4111
319
-109
3998
-574
-264
3892
-418
289
3859
-520
381
3881
-544
403
3973
-486
491
3874
-530
298
3914
-289
-133
3890
-8
-432
3849
58
-12
3897
64
281
3857
10
217
3915
-72
116
3904
-224
-12
3907
-203
12
3932
-23
90
3901
-74
42
3904
149
29
3865
222
-39
3819
775
-88
3779
1149
-242
3800
1125
-814
4114
1271
-846
4130
1685
-1121
3850
1409
-1384
3479
1150
-1753
3722
1019
-1721
4327
1032
-1705
4126
968
-1719
3745
930
-1852
3298
682
-2095
2997
628
-2240
2936
554
-2336
2530
585
-2526
2259
451
-2628
1911
930
-2756
1860
647
-3069
1578
568
-3245
1196
199
-3482
682
-99
-3578
445
-275
-3715
366
-404
-3624
38
-323
-3649
8
-369
-3728
174
-484
-3835
-113
-605
-3909
-282
-831
-3982
-364
-783
-4119
-367
-752
-4060
-414
-660
-4097
-349
-780
-4124
-522
-811
-4390
-525
-894
-4457
-353
-973
-4346
-167
-743
-4300
-133
-688
-3967
-77
-827
-3760
-89
-534
-3655
172
-228
-3670
102
231
-3660
245
786
-3523
672
1132
-3159
864
1302
-3084
1012
1072
-3145
1486
1355
-2986
1781
1356
-2845
2062
1242
-2768
1825
1281
-2796
2474
1432
-2758
2317
1035
-2431
2865
1060
-2153
2818
761
-1723
3143
705
-1404
3111
951
-1179
3460
2026
-1290
3894
1666
-1107
4288
1874
-1290
4365
1571
-1245
4152
1152
-1132
4110
993
-1095
4015
984
-772
4004
935
-704
3886
749
-380
3976
577
-325
3798
404
42
3974
364
170
3964
39
-114
4240
-194
-759
3856
36
-883
3789
-593
273
3938
-445
564
3833
-352
408
3755
-282
60
4108
-145
68
3992
-226
266
4124
-142
183
4178
-203
329
3555
-310
173
3616
-9
-18
3843
-91
-66
4168
812
-1
4558
1295
-261
4594
1212
-694
4296
2250
-546
4270
1095
-741
4488
1005
-1065
4229
289
-1784
4045
753
-1771
4356
1363
-1742
4024
1332
-1422
3646
1928
-1418
3285
1518
-1654
2863
1734
-1785
2491
1646
-1829
2296
1269
-1690
1968
1472
-1730
1487
1299
-1928
1016
1075
-2080
393
987
-2575
299
626
-2970
280
280
-3263
199
-287
-3811
-23
-432
-3668
12
-493
-3459
-256
-679
-3450
-565
-606
-3461
-484
-737
-3601
-404
-830
-3834
-442
-718
-3785
-718
-1025
-3982
-690
-1277
-4092
-707
-1750
-4342
-514
-1757
-4679
-420
-1752
-4800
-381
-1788
-5125
-457
-1747
-5052
-410
-1616
-4757
-403
-1292
-4168
-256
-282
-3714
-390
-1556
-3540
-300
-1449
-3434
-239
-1048
-3402
55
-1400
-3307
265
-1051
-3043
453
-634
-3164
763
-876
-3243
1253
-547
-3607
1334
-803
-3228
1424
-770
-3188
1714
-363
-2846
2218
33
-3139
2334
-442
-3135
2596
-201
-3027
2591
-183
-2896
2790
-274
-2740
2961
14
-2507
3064
698
-2542
3391
242
-2378
3844
412
-2228
3973
28
-2091
3594
-157
-2192
3789
-419
-1576
3823
310
-1521
3851
134
-1262
3864
66
-1192
3999
134
-1129
4063
336
-1116
4070
20
-1098
4195
455
-868
4042
519
-762
3702
614
-240
3727
505
-138
3808
-359
-387
4038
1307
-57
3655
-26
86
3922
-131
398
3913
4
327
3920
-157
345
4043
-142
325
3739
131
86
3780
334
-14
3875
309
100
3879
570
-22
4050
650
-354
4146
1268
-592
3910
288
-1116
4006
63
-1693
3977
170
-2074
4186
-240
-2206
4301
-271
-2157
4056
-54
-2400
3580
-571
-2575
3444
-475
-2374
3985
-134
-2279
3807
-77
-2297
3247
-335
-2427
2771
-283
-2252
2486
-42
-2375
2244
-59
-2525
1895
-195
-2603
1431
-90
-2553
1273
-83
-2396
1004
14
-2462
910
-300
-2845
689
-518
-3592
551
-1017
-3976
381
-1183
-3923
242
-1131
-3889
110
-1187
-3925
267
-1109
-3991
107
-971
-4141
-24
-946
-4278
-41
-1063
-4181
206
-1108
-3861
80
-1189
-4008
-231
-1416
-4143
-481
-1702
-4286
-790
-1772
-4324
-610
-1677
-4334
-268
-1563
-4362
-221
-1381
-4077
-184
-1223
-3804
-184
-1359
-3442
-188
-1411
-3518
-62
-1273
-3431
146
-1152
-3465
401
-1206
-3539
525
-1244
-3399
780
-945
-3294
821
-409
-3474
1291
-530
-3341
1506
-306
-3704
1577
-187
-3355
1968
289
-3215
1768
26
-3055
2483
-25
-2652
2657
351
-2539
3038
573
-2433
3197
219
-2243
3289
299
-2304
3455
292
-2160
3384
353
-2052
3689
679
-1987
3935
697
-2030
4270
798
-1919
3997
582
-1780
3675
462
-1468
3876
313
-1391
4013
463
-1118
3961
738
-932
3812
768
-713
3682
659
-518
3808
760
-228
4067
775
65
4249
593
-580
3989
-241
-1743
3756
11
-517
4058
218
279
3894
-200
201
3796
125
422
3779
-5
319
3898
75
29
3922
254
-109
3896
174
-265
3907
220
-144
3883
271
-13
3918
242
26
3784
121
-23
3807
21
-76
3905
147
-27
3890
25
-35
3918
66
-148
3915
150
-114
3883
188
-78
3872
205
-92
3840
364
-166
3842
649
-448
3917
737
-467
3905
950
-481
4137
1097
-590
4189
1043
-878
3879
1594
-1260
3959
1381
-1641
3993
986
-1786
3838
887
-1895
4291
468
-1683
4128
425
-1752
3776
-42
-2030
3238
-73
-2158
3033
-146
-2180
2896
100
-2169
2668
38
-2356
2259
111
-2624
1828
-88
-2833
1746
-131
-3052
1457
-99
-3204
1275
-301
-3282
1010
-390
-3329
742
-514
-3431
494
-588
-3454
364
-559
-3749
380
-820
-3612
536
-1024
-3896
450
-1162
-4098
251
-1127
-4196
57
-1330
-4298
-11
-1242
-4228
-100
-1166
-4182
-184
-1110
-4089
-245
-1099
-3992
-199
-1114
-3927
-433
-911
-4113
-512
-1405
-4139
-540
-1221
-4174
-353
-1454
-4125
-335
-1396
-4230
-262
-1474
-4168
-314
-1314
-3944
-608
-1092
-3502
-447
-638
-3221
-143
-495
-3210
95
-598
-3610
337
-669
-3876
618
-782
-4052
756
-999
-3915
906
-1162
-3798
1063
-843
-3027
1403
-211
-3000
1585
-376
-2529
1796
-23
-3127
2203
-491
-2387
2522
1744
-2688
2739
855
-2518
2693
979
-2581
2665
1345
-2063
3043
1645
-2169
3463
1230
-1811
3585
1328
-1547
3875
1471
-1489
4014
926
-1096
3797
1309
-936
3916
1328
-747
4225
1165
-642
4055
1129
-671
3838
1237
-798
3973
1166
-876
4156
1109
-890
4081
933
-718
3948
622
-576
3745
161
-359
3956
-151
-550
4066
131
-608
3946
-277
-125
3992
-303
-50
3822
-416
63
3916
45
94
3912
131
122
3897
31
83
3952
29
74
3835
278
59
3895
376
51
4000
500
144
3922
632
293
3924
824
270
4069
1149
-175
3981
539
-813
4011
712
-1016
3841
718
-1415
3940
525
-1861
3782
466
-2136
4025
1013
-1860
4388
1434
-1624
4201
999
-2073
4141
858
-2167
3653
835
-2151
3119
891
-2271
2882
942
-1832
2425
789
-2127
2333
953
-2270
2111
770
-2388
1852
704
-2567
1244
420
-2815
646
8
-3347
526
-95
-3475
485
-523
-3886
357
-697
-3897
201
-1007
-3658
-24
-1041
-3663
-143
-777
-3530
-379
-981
-3771
-552
-1015
-3977
-482
-978
-3995
-551
-1115
-3892
-339
-1192
-3986
-164
-1331
-4009
-305
-1480
-4257
-437
-1662
-4301
-497
-1750
-4192
-489
-1618
-4033
-377
-1419
-3971
-283
-1111
-3717
-164
-804
-3522
92
-586
-3457
271
-484
-3570
645
-325
-3407
669
482
-3602
957
791
-3495
1031
595
-3642
1128
423
-3462
1363
481
-3374
1632
495
-3533
2056
273
-3258
2125
583
-3157
2283
639
-2844
2477
955
-2867
2625
996
-2620
2925
937
-2511
2772
1237
-2222
3073
1007
-2068
3209
1004
-1793
3128
876
-1868
3727
605
-1577
3875
842
-1640
3799
921
-1559
3858
1023
-1625
4007
791
-1751
4178
675
-1533
3992
611
-1338
3911
395
-1131
3972
372
-915
3713
363
-764
3954
38
-966
3722
259
-604
3908
668
-135
3956
333
-62
3869
400
167
3967
144
-32
3795
-541
-141
3889
-375
180
3958
-527
111
3851
-576
-35
3896
-556
-57
3932
-449
-119
3946
-383
-125
3882
-186
-32
3875
-151
-10
3921
-11
43
3866
-154
-16
3914
-148
-65
3901
-114
-34
3849
-79
-108
3880
126
-188
3978
453
-135
4057
43
-235
3906
349
-186
3837
590
-185
3937
444
-444
3983
459
-761
3922
476
-988
3938
626
-1144
3893
368
-1363
3811
390
-1378
3775
714
-1415
3748
542
-1493
3796
45
-1999
3561
-176
-2343
3611
-415
-2288
3414
-264
-2309
3398
-263
-2532
3158
-118
-2636
3005
-208
-2816
2706
-194
-2864
2473
-71
-3016
2044
-249
-3273
1886
-222
-3214
1565
-452
-3460
1510
-624
-3415
1239
-680
-3530
1098
-769
-3523
845
-721
-3494
686
-790
-3493
529
-899
-3297
209
-982
-3516
-4
-1189
-3552
-135
-1135
-3539
1
-1016
-3491
-123
-1018
-3824
-395
-811
-3926
-595
-781
-3984
-461
-840
-4072
-457
-870
-4019
-483
-852
-3906
-573
-769
-3989
-553
-831
-4094
-383
-922
-4284
-387
-1073
-4579
-342
-1142
-4510
-346
-1135
-4413
-362
-1138
-4274
-315
-1152
-4189
-331
-1111
-4022
-306
-1186
-3946
-307
-1113
-3941
-297
-913
-3897
-160
-840
-3860
21
-938
-3681
159
-855
-3562
102
-752
-3467
221
-400
-3542
413
-360
-3223
794
-11
-3094
870
274
-2937
