-637
3875
285
-602
3834
335
-660
3765
284
-708
3861
163
-696
3948
161
-670
3936
243
-597
3902
274
-542
3847
229
-589
3837
248
-622
3894
323
-644
3788
296
-599
3832
241
-563
3834
121
-687
3911
-70
-566
3900
-392
-719
4066
-589
-765
4263
-839
-749
4264
-992
-952
4345
-1144
-641
4323
-1103
-994
4244
-1121
-556
4152
-1135
-758
3963
-879
-892
3840
-1102
-648
3686
-1235
-1301
3473
-1597
-674
3417
-1913
-1143
3274
-1903
-1054
3253
-2285
-1152
2927
-2279
-1091
2853
-2323
-752
2765
-2435
-1045
2164
-2588
-666
2617
-2771
-639
2324
-2648
-829
1857
-2931
-710
1819
-2817
-1028
1318
-3105
-576
1239
-3258
-959
1110
-3515
-725
652
-4051
-439
851
-3908
-258
323
-4109
-434
21
-3911
-233
-76
-3784
-267
-394
-3481
-502
-644
-3190
-61
-870
-3227
176
-859
-3181
551
-926
-3722
561
-1056
-3953
167
-1183
-4458
455
-816
-4906
271
-775
-4949
293
-878
-4539
180
-840
-4251
279
-874
-4247
186
-814
-4167
166
-901
-4151
156
-834
-4086
235
-796
-3967
271
-887
-3929
166
-847
-3906
521
-752
-4068
580
-611
-3990
380
-683
-4075
616
-359
-3936
121
-233
-3886
542
28
-3687
-271
8
-3906
-213
358
-4027
371
859
-3826
-461
736
-3652
-43
1051
-3317
-992
1423
-3293
-172
1578
-3115
-1283
2067
-2756
-775
2449
-2924
-995
2446
-2937
-1052
2750
-3200
-798
2471
-2688
-1591
2771
-3138
82
2880
-2042
-2527
2636
-1523
-1315
2743
-2216
-793
2562
-1400
-2111
3144
-1828
-252
3640
-2134
-1312
3462
-1327
-1285
4129
-1393
-850
4330
-972
-1516
4217
-693
-1485
3777
-927
-1614
3783
-1079
-1136
4058
-1149
-1001
4508
-949
-1218
4049
-728
-878
3765
-687
-937
3872
-365
-833
3791
53
-881
3776
234
-792
3813
236
-736
3924
106
-886
3881
157
-726
3862
110
-782
3837
95
-782
3827
77
-746
3883
164
-830
3847
199
-723
3870
161
-880
3848
129
-871
3822
-3
-724
3912
-140
-996
3944
-211
-937
3932
-492
-916
4131
-599
-834
4194
-593
-957
3954
-685
-1187
4105
-887
-1136
4202
-1072
-1489
4147
-1048
-1447
4151
-1207
-1254
3970
-1065
-1596
3862
-1188
-1051
3772
-1255
-1498
3554
-1344
-1195
3203
-1575
-1372
2911
-1529
-1306
2878
-1678
-1288
2780
-1794
-1616
2634
-2035
-1473
2526
-2317
-1459
2477
-2245
-1431
2374
-2503
-1313
2064
-2525
-1513
2152
-2691
-1364
2064
-2824
-1590
1807
-2742
-1432
1667
-3125
-1335
1626
-3211
-1093
1498
-3381
-957
1244
-3683
-1016
702
-3119
-1353
954
-3374
-988
749
-3626
-1043
471
-4043
-568
526
-4416
-344
343
-4415
-165
-1
-4182
-549
-103
-4021
-565
-281
-3860
-758
-278
-3741
-511
-372
-3809
-558
-597
-3762
-533
-524
-4000
-488
-568
-3975
-402
-455
-4151
-16
-490
-4237
-299
-559
-4256
-231
-553
-4324
-309
-437
-4374
-205
-431
-4432
-114
-525
-4292
-258
-459
-4050
-185
-502
-3886
-277
-568
-3863
-204
-510
-4030
-165
-461
-4073
-268
-447
-4038
-179
-561
-4096
-245
-487
-4075
-129
-498
-4132
-185
-567
-4129
-138
-557
-4122
-132
-648
-4357
36
-414
-4481
617
-438
-4475
904
-458
-4143
928
-232
-3920
450
56
-4075
536
458
-3725
-295
64
-3684
-320
649
-3330
-714
779
-3386
-899
976
-3317
-510
1365
-3220
-1219
1304
-3185
-571
1836
-3090
-1346
2029
-3073
-1008
2094
-2799
-1191
2313
-2746
-477
2572
-1941
-1818
3040
-2499
-1484
3003
-2775
-1456
2732
-2353
-2396
3071
-2436
-684
3055
-2022
-1662
2927
-1513
-1216
3289
-1599
-840
3528
-996
-1716
3374
-855
-1856
3837
-1203
-1471
4467
-983
-1207
4262
-1228
-1326
4097
-1024
-1611
4390
-1166
-769
4496
-1107
-820
4181
-758
-665
3535
-242
-653
3503
186
-469
3706
220
-748
3789
7
-839
4060
-117
-867
4111
-221
-665
4038
-175
-709
3854
101
-566
3798
98
-736
3855
121
-893
3837
33
-883
3893
-349
-961
4132
-511
-1043
4241
-816
-534
4192
-1332
-1014
4354
-1383
-1226
4419
-1703
-857
4581
-1702
-1298
4399
-1625
-1154
4300
-1519
-1284
4069
-1441
-1225
3806
-1470
-1366
3434
-1314
-1542
3354
-1606
-896
3066
-1982
-668
2998
-2143
-1011
2424
-2192
-847
2217
-2185
-881
2035
-2137
-866
1612
-2217
-635
1524
-2381
-1049
1341
-2752
-581
1502
-2997
-809
1288
-2939
-980
1291
-3155
-923
944
-3353
-754
914
-3655
-290
1021
-3680
-628
597
-3698
-275
600
-4100
92
593
-4042
-95
470
-3963
88
254
-4238
52
230
-3996
-174
-43
-4106
-34
-60
-4038
-154
-31
-3982
-58
-263
-4132
25
-423
-4054
188
-435
-4023
-160
-526
-4000
-299
-294
-4311
151
-242
-4803
-31
-211
-5025
236
-310
-4789
-7
-273
-4280
-96
-307
-3889
-268
-360
-3785
-19
-301
-3781
106
-438
-3837
92
-362
-4094
299
-233
-4323
89
-359
-4394
261
-289
-4457
746
-32
-4235
743
-169
-4057
318
165
-3954
564
285
-3916
17
219
-4156
354
653
-3653
-140
697
-3693
56
1093
-3718
-332
1507
-3721
-294
1704
-3396
-855
1528
-3460
-974
1793
-3477
-336
1967
-3117
-1286
2102
-2944
-938
2374
-2778
-840
2321
-2614
-1031
2319
-2142
-1430
2786
-2424
-241
2840
-2549
-1248
2323
-1873
-2309
2650
-2278
-272
2854
-2511
-1200
3012
-1779
-1794
2965
-1539
-1807
3361
-1799
-698
3845
-799
-1981
3543
-617
-1900
3754
-747
-1745
4056
-732
-1392
4026
-1175
-645
4292
-1247
-953
4169
-1210
-1142
4087
-1207
-1197
3966
-917
-591
4005
-786
-390
3863
-459
-603
3794
-134
-918
3777
33
-919
3984
6
-724
4149
-146
-598
3800
-248
-736
3814
-211
-828
3852
-26
-682
3864
-146
-860
3908
-186
-1184
3894
-381
-1026
3924
-824
-1082
4178
-807
-1341
4068
-723
-1315
4104
-957
-1094
4213
-993
-1275
4109
-1051
-987
4106
-1386
-1108
4032
-1378
-1209
3930
-1342
-997
3715
-1504
-1181
3419
-1512
-1104
3198
-1666
-1347
2813
-1937
-844
3103
-2039
-1369
2947
-2150
-974
2837
-2237
-1023
2703
-2181
-1095
2490
-2227
-1281
2047
-2325
-1212
1984
-2678
-969
2055
-2846
-1134
1942
-3084
-1150
1355
-3038
-1496
1276
-3232
-1201
1193
-3557
-1015
1030
-3622
-1041
979
-3509
-1035
758
-3402
-783
470
-3392
-582
70
-3823
388
101
-4278
355
-224
-4149
187
-194
-4247
385
-399
-3939
216
-485
-3835
428
-354
-3832
-217
-428
-3876
-335
-424
-4054
-253
-491
-4209
-551
-319
-4355
-284
-531
-4528
-501
-422
-4441
-422
-448
-4360
-432
-492
-4388
-304
-395
-4363
-269
-377
-4256
-430
-406
-4086
-461
-341
-4009
-468
-359
-3888
-461
-352
-3722
-286
-343
-3710
-105
-386
-4004
81
-329
-4229
-142
-287
-4397
-231
-193
-4409
-126
-260
-4468
113
-105
-4283
181
-50
-4121
176
55
-4329
200
318
-4289
-135
364
-4441
339
784
-4099
-254
798
-3815
-12
935
-3472
-303
982
-3385
-152
1224
-3099
-155
1135
-3310
-811
1347
-3507
-359
1970
-3342
-839
2207
-3216
-814
2298
-3046
-843
2359
-2972
-892
2571
-2629
-689
2710
-3111
42
2398
-2419
-713
2274
-2113
-1067
2565
-2574
23
2819
-2068
-1619
2626
-1975
-1077
3098
-2319
-1324
3025
-2022
-1421
3381
-1903
-1419
3369
-1650
-1513
3424
-1275
-1380
3711
-1039
-1474
3634
-985
-1253
3932
-822
-1066
4102
-860
-1104
4091
-754
-1035
4038
-950
-224
3823
-1178
-217
4253
-1084
-281
4366
-725
-137
4076
-606
0
3947
-514
-78
3940
-360
-72
3986
-246
-139
3975
-63
-247
3943
-14
-372
3847
71
-490
3871
221
-376
3889
107
-399
3974
159
-471
3855
56
-463
3929
14
-529
3909
-123
-579
4017
-169
-365
4047
-307
-507
3944
-522
-538
4040
-561
-493
4080
-526
-738
3947
-569
-752
3956
-768
-586
4090
-878
-768
3957
-948
-690
4011
-1096
-708
4022
-1070
-802
3806
-1075
-779
3739
-1217
-566
3797
-1293
-833
3607
-1425
-672
3446
-1634
-613
3484
-1743
-835
3238
-1820
-607
3051
-1982
-983
3122
-2036
-1068
2969
-2107
-932
2746
-2241
-965
2671
-2354
-830
2494
-2585
-725
2478
-2814
-896
2315
-2989
-748
2298
-2966
-794
1932
-3079
-623
1824
-3223
-776
1569
-3168
-149
1418
-3526
-119
1239
-3624
-47
1043
-3710
243
836
-3673
207
725
-3780
805
360
-3937
385
335
-3864
321
222
-3819
435
-147
-3424
-9
-289
-3391
514
-303
-3824
478
-253
-3936
328
-463
-3891
194
-414
-3966
98
-328
-4268
215
-412
-4476
154
-260
-4545
271
-168
-4444
286
-113
-4411
242
-72
-4261
236
-123
-4101
236
-52
-4106
198
-53
-4068
200
-134
-4079
298
-96
-4148
401
-129
-4268
681
23
-4434
1036
-17
-4560
1084
58
-4643
942
171
-4461
942
192
-4366
852
521
-4066
1115
565
-3622
617
485
-3567
921
959
-3259
686
1204
-3283
676
1412
-3130
622
1619
-3054
157
1398
-3056
156
1685
-3008
-510
1817
-3185
-142
1956
-3049
-717
2048
-2934
-844
2387
-2937
-785
2616
-3056
-171
2675
-2550
-918
2716
-2704
-318
3034
-2573
-85
2449
-2241
-1746
2649
-2756
64
3299
-2494
-313
2931
-1803
-1415
2963
-1990
-193
3609
-1609
-1082
3126
-1417
-1037
3828
-1373
-446
4169
-1099
-724
3970
-1011
-514
3994
-927
-383
3938
-819
-660
4051
-771
-531
4222
-640
-698
4110
-483
-581
4253
-431
-614
4059
-475
-173
4102
-691
-514
3987
-315
-740
3952
-44
-730
3879
171
-791
3796
451
-638
3822
172
-882
3941
237
-708
3840
261
-547
3828
184
-655
3929
317
-563
3806
213
-900
3818
-67
-936
3994
-255
-674
4122
-438
-821
4072
-655
-935
4184
-839
-819
4160
-957
-1161
4099
-931
-945
4165
-1145
-858
4262
-1069
-1267
4251
-1100
-933
3948
-1211
-1282
4023
-1243
-1200
3833
-1365
-1156
3621
-1386
-1270
3423
-1490
-1331
2949
-1608
-1207
2786
-1739
-1052
2714
-1891
-677
2805
-1925
-1092
2506
-2009
-493
2242
-2315
-509
2009
-2481
-509
1799
-2756
-435
1592
-3192
-438
1780
-3303
-410
1606
-3510
-807
1396
-3642
-724
1463
-3897
-476
1357
-3808
-177
1291
-3851
82
875
-3717
153
659
-3718
442
413
-3728
103
258
-3648
192
-54
-3925
254
34
-3855
268
-147
-3875
173
-407
-4012
-174
-389
-3936
247
-337
-4111
173
-308
-4026
272
-482
-4434
435
-208
-4288
121
-298
-4339
422
-294
-4452
310
-427
-4446
351
-352
-4412
371
-359
-4162
129
-327
-3920
195
-384
-3893
161
-269
-4003
254
-329
-4223
99
-316
-4374
450
-313
-4355
636
-395
-4511
695
-154
-4511
915
-134
-4510
664
92
-4312
990
265
-4085
1014
216
-4017
297
457
-4046
1180
682
-3646
332
347
-3705
-85
892
-3253
92
645
-3637
-111
851
-3590
129
1218
-3472
-416
1074
-3432
-284
1216
-3285
-707
1733
-3304
-852
1660
-3158
-986
1583
-3107
-1167
1822
-2977
-1173
1828
-3076
-588
2117
-2957
-1047
2259
-2650
-1060
2313
-2195
-1859
2472
-1814
-2175
2168
-2095
-1406
2631
-2155
-2019
2738
-2089
-1469
3046
-1842
-1587
3110
-1888
-1410
3281
-1712
-1399
3639
-1418
-1355
3567
-1631
-1150
3798
-1452
-1456
4045
-1532
-1237
3997
-1712
-1167
4171
-1597
-1141
4127
-1337
-684
4123
-1008
-173
3942
-1046
-25
3725
-836
-692
3727
-582
-669
4019
-319
-366
3985
-234
-400
3755
-318
-312
3956
-245
-675
3945
-261
-628
4090
-307
-430
3983
-132
-653
3836
-41
-566
3879
-11
-637
3844
-68
-758
3888
-327
-804
4091
-367
-906
4052
-534
-1026
4037
-620
-1070
4027
-688
-1280
4093
-745
-1349
4124
-906
-1327
4283
-930
-1472
4084
-998
-1370
3996
-1140
-1310
3891
-1079
-1602
3953
-1170
-1192
3848
-1438
-1328
3623
-1479
-1247
3414
-1526
-739
3101
-1754
-1398
2947
-1795
-1493
2904
-1908
-1130
2937
-2016
-1311
2464
-2180
-1037
2176
-2258
-1159
2014
-2496
-1117
1848
-2648
-949
1556
-2958
-1020
1506
-3061
-1131
1398
-3138
-1109
1201
-3266
-1174
1101
-3391
-817
943
-3413
-921
652
-3377
-782
697
-3464
-301
538
-3873
79
476
-3955
-142
357
-3934
-141
52
-3926
-333
-77
-3859
-110
-14
-4148
330
-124
-4047
-228
-112
-3842
-17
-236
-3886
-210
-189
-4030
-41
-50
-4549
-51
-46
-4896
41
108
-5010
461
36
-4845
44
51
-4326
-178
15
-3994
20
34
-3914
37
-10
-3926
-40
-49
-4051
124
-12
-4175
18
6
-4196
121
-4
-4265
210
96
-4306
367
106
-4411
1036
125
-4574
1041
384
-4407
925
565
-3987
455
668
-3751
124
906
-3537
-58
1016
-3562
-369
1138
-3423
131
1628
-2896
-844
1429
-2485
-1006
1985
-2689
-302
2096
-2697
-1736
2142
-3114
-571
2499
-3263
-1081
2558
-2702
-1627
2969
-2344
-663
2978
-2383
-987
3060
-2599
10
3249
-2309
-1150
3181
-1851
-962
3441
-2003
-145
3437
-1840
-1575
3304
-1648
-607
4046
-1581
-409
3892
-1254
-775
3586
-1087
-782
3704
-968
-659
3902
-937
-797
4085
-932
-579
4155
-853
-658
4107
-659
-712
3960
-566
-577
3968
-498
-752
3969
-363
-774
3825
-170
-815
3861
-61
-723
3840
-166
-660
3886
-156
-840
3823
184
-989
3843
288
-863
3817
174
-670
3870
147
-792
3825
133
-688
3886
95
-741
3908
83
-906
3818
-40
-1008
3800
-256
-1107
3972
-450
-993
4154
-692
-1271
4109
-818
-1281
4017
-1020
-1253
4275
-1086
-1357
4232
-992
-1315
4170
-1002
-1047
4167
-765
-1137
3844
-680
-1356
3615
-1018
-1223
3655
-1402
-1201
3404
-1548
-1288
3295
-1662
-1092
3133
-1557
-1403
2892
-1564
-1540
2715
-1713
-1415
2643
-2045
-1267
2658
-2202
-1431
2730
-2325
-1369
2379
-2477
-1220
2301
-2650
-1403
2148
-2706
-1277
2018
-2737
-1188
1972
-2704
-1358
1789
-2868
-1236
1599
-2977
-1385
1420
-3288
-1114
1209
-3380
-1407
981
-3560
-1017
974
-3574
-1038
886
-3548
-730
799
-3886
-654
516
-3788
-826
463
-4049
-301
391
-4121
-713
424
-3941
-548
385
-3820
-750
234
-3449
-675
69
-3391
-371
-22
-3571
-388
-22
-3912
-682
-172
-4326
-813
138
-4678
-509
135
-4991
-686
14
-4943
-592
109
-4681
-470
106
-4244
-554
104
-3889
-456
77
-3868
-334
67
-3937
-423
123
-4074
-129
124
-4184
-310
165
-4270
314
297
-4534
518
343
-4475
452
562
-4235
545
507
-4145
436
1001
-4001
385
1308
-3884
203
1563
-3538
-415
1600
-3339
-775
1602
-3174
-597
2055
-2765
-714
2058
-3213
-36
2443
-3207
-315
2536
-3092
-134
2497
-2890
-558
2615
-2650
-726
2802
-2731
-521
3017
-2428
-1101
3035
-2289
-389
3338
-1983
-1235
3131
-1896
-837
3374
-1773
-549
3361
-1514
-1659
3068
-1419
-551
3819
-1531
-489
3511
-1342
-884
3415
-1080
-805
3813
-935
-877
4069
-878
-832
3890
-898
-833
4286
-603
-735
4345
-555
-419
4325
-504
-91
4279
-589
-13
3989
-388
-194
3852
-195
-589
3955
260
-832
3905
443
-617
3840
246
-724
3804
31
-796
3888
-86
-865
3841
-202
-780
3923
-412
-910
3993
-564
-1251
4180
-824
-1292
4276
-1013
-1548
4320
-1124
-1026
4143
-1262
-1279
4042
-1217
-1289
3976
-1138
-1225
3977
-1268
-1216
3845
-1443
-725
3563
-1530
-1076
3314
-1568
-1001
3329
-1394
-1104
3100
-1438
-1214
2993
-1654
-942
3078
-1677
-1056
2844
-1864
-1044
2272
-2030
-1110
2316
-2199
-1340
2114
-2586
-751
2174
-2739
-978
2103
-2694
-1007
1954
-2854
-952
1798
-3004
-1129
1651
-3104
-875
1552
-3225
-1037
1472
-3374
-918
1372
-3493
-813
1361
-3591
-614
1271
-3773
-520
1089
-3758
-703
975
-3843
-659
968
-3967
-810
777
-3989
-508
542
-3905
-616
486
-3711
-795
371
-3554
-780
413
-3669
-887
99
-3728
-831
183
-3997
-340
465
-4113
-842
200
-4029
-1130
378
-4186
-888
531
-4673
-442
491
-5021
-547
561
-4835
-601
586
-4626
-317
513
-4175
-393
409
-3769
-352
376
-3629
-332
334
-3615
-459
423
-3797
-422
430
-4031
-521
500
-4120
-409
538
-4198
-252
556
-4333
-59
643
-4422
424
691
-4710
697
822
-4788
537
930
-4578
925
1071
-4485
779
1415
-4217
422
1540
-3898
327
1660
-3355
-259
1676
-2948
22
1679
-2753
-913
1861
-2786
-712
1819
-2910
-903
2019
-3023
-950
2258
-3131
-692
2347
-3139
-1274
2685
-2971
-1085
2602
-2766
-1174
2585
-2496
-1038
2535
-2119
-1312
2401
-1963
-1049
2740
-1652
-1389
2809
-2000
-729
2801
-1806
-1013
3113
-1461
-1560
2957
-1723
-1227
3302
-1509
-1255
3677
-1318
-1457
3707
-1110
-1563
4171
-1082
-1196
4152
-1208
-973
4027
-1247
-837
4360
-1079
-886
4414
-874
-180
4426
-667
-158
3957
-372
-85
3529
-152
-74
3508
60
-244
3942
74
-59
4090
-106
-26
3928
-39
-219
3811
161
-663
4324
307
-634
4304
110
-460
3559
-72
-220
3689
-29
-303
3916
-422
-610
4124
-621
-359
4291
-722
-494
4171
-689
-978
4029
-688
-998
4075
-712
-1078
4072
-418
-892
3831
-564
-728
3898
-853
-578
3994
-915
-960
3929
-1230
-598
3986
-1504
-641
3908
-1690
-828
3801
-1726
-678
3698
-1970
-822
3628
-1882
-1034
3135
-2045
-909
2690
-2046
-1473
2880
-1903
-1003
2519
-1711
-1039
2328
-1852
-1337
2152
-2084
-838
1897
-2426
-1192
2036
-2603
-1016
1945
-2757
-1066
1633
-3110
-621
1683
-3247
-705
1329
-3593
-1106
1117
-3967
-640
1240
-4212
-683
1129
-4386
-142
791
-4159
-682
547
-3848
-654
192
-3497
-380
-271
-3396
-480
-85
-3230
-283
-462
-3424
-260
-396
-3560
-352
-649
-3712
-249
-299
-4016
75
-345
-4232
188
-527
-4492
-2
-359
-4794
340
-171
-5122
672
-125
-4968
26
-101
-4303
-345
-194
-3961
-257
-135
-3741
-239
-148
-3790
-125
-135
-4031
-9
-32
-4132
164
-79
-4367
367
-61
-4546
640
78
-4818
779
129
-4703
514
168
-4597
948
473
-4256
1117
683
-3910
608
905
-3749
234
1482
-3611
166
1342
-3656
466
1732
-3105
-294
1728
-2970
-164
1860
-2959
-484
2156
-3290
-277
2370
-3412
-260
2354
-3264
-1247
2524
-3136
-685
2670
-3090
-983
2521
-2714
-345
2741
-2392
-1057
2534
-2185
-395
2776
-2154
-63
2675
-2140
-600
2969
-1605
-350
3063
-1312
-924
2918
-1256
-573
3372
-1100
-1004
3302
-1294
-1247
3763
-1383
-779
4282
-1404
-1126
4469
-1332
-1275
4491
-1305
-792
4515
-1261
-863
4227
-942
-196
3883
-713
-231
3898
-227
-206
3798
-42
-331
3973
-77
-494
4087
15
-386
3925
-94
-358
3979
-79
-902
3810
465
-773
3762
502
-650
3931
333
-565
3786
9
-781
3855
-351
-668
4189
-598
-485
4266
-712
-938
4246
-577
-981
4232
-807
-663
4472
-1019
-827
4172
-922
-1101
4038
-1187
-670
4176
-1123
-995
3718
-1033
-1169
3596
-1267
-1016
3735
-1284
-1183
3483
-1366
-874
3033
-1648
-1086
3308
-1635
-1137
3191
-1639
-1086
2771
-1926
-889
2775
-2109
-903
2777
-2258
-717
2731
-2350
-815
2485
-2495
-752
2012
-2760
-773
1931
-2941
-898
1799
-3067
-783
1859
-3093
-671
1557
-3194
-314
1099
-3366
-239
1221
-3447
-49
919
-3600
-225
798
-3513
-383
649
-3551
-536
360
-3664
-626
838
-4112
252
728
-4459
44
375
-4383
-50
259
-4460
21
332
-4169
-384
93
-3986
-303
-33
-4000
-426
-126
-3998
-506
-228
-4070
-415
-103
-3970
-189
-294
-3993
93
-189
-3992
-5
-124
-4083
54
-7
-4153
24
61
-4188
83
176
-4349
271
103
-4423
145
95
-4359
110
82
-4310
144
100
-4200
30
69
-4158
191
106
-4193
379
42
-4279
202
56
-4249
369
196
-4152
419
382
-4176
729
459
-4022
521
462
-4013
1036
973
-3891
971
1405
-3873
242
1457
-3659
253
1909
-3393
128
1811
-3384
99
1952
-3281
-192
2251
-3256
-202
2156
-3131
-572
2422
-3260
8
2569
-3108
-722
2405
-2978
-647
2804
-2753
-181
2884
-2401
-1145
2628
-2253
-94
3247
-2192
-334
2980
-1890
-970
2938
-2004
352
3289
-1841
-267
2993
-1350
-1018
2805
-1666
-508
3205
-1503
-601
3768
-1234
-1039
3620
-1111
-909
4152
-979
-733
4180
-959
-596
3827
-1040
-371
3934
-839
-404
4163
-653
-436
4444
-454
-359
4295
-65
-67
4079
-351
-86
4001
-208
75
4257
-228
-316
4005
397
-313
3689
860
-60
3704
682
-133
3917
481
-525
3947
635
-255
3758
524
-172
3764
317
-569
3831
15
-797
3949
-408
-924
4353
-593
-489
4472
-880
-950
4368
-807
-1311
4266
-742
-839
4271
-918
-1192
4149
-781
-1323
3911
-671
-1010
3755
-734
-1145
3768
-891
-1212
3776
-907
-852
3616
-1031
-1187
3416
-1147
-1084
3057
-1238
-1207
2786
-1425
-1148
2910
-1619
-1050
2991
-1823
-1185
2644
-2130
-1034
2406
-2306
-976
2345
-2577
-1165
2071
-2769
-1029
2225
-2927
-1298
1970
-3078
-1499
1842
-3026
-1188
2051
-3144
-1127
1765
-3188
-1071
1826
-3286
-598
1883
-3392
-857
1764
-3638
-431
1561
-4010
-403
1270
-4148
-574
1213
-4067
-471
875
-4174
-450
843
-4213
-326
534
-4187
-686
382
-3779
-963
346
-3629
-972
144
-3503
-646
342
-3718
-262
18
-3730
-644
98
-3585
-334
0
-3770
-263
2
-3909
-147
55
-4253
-33
-69
-4362
-323
45
-4532
-88
176
-4755
-76
80
-4650
-347
77
-4371
-262
96
-4147
-241
89
-3949
-319
85
-3875
-177
115
-3899
-122
62
-3923
-58
85
-4032
110
181
-4202
288
193
-4334
695
373
-4467
1070
664
-4203
1002
387
-4149
1016
760
-4070
1327
1266
-3659
400
919
-3484
-462
1388
-3256
-517
1558
-3550
-622
1696
-3638
-258
2154
-3555
-338
2312
-3430
-378
2298
-3263
-708
2581
-3241
-450
2827
-3225
-930
2787
-3132
-677
3001
-2854
-931
2846
-2674
-842
2861
-2105
-838
2722
-1979
-1435
2396
-2147
-768
2920
-1876
-2041
2218
-1736
-1422
2877
-1828
-323
3342
-1927
-1317
2969
-1442
-639
3454
-1280
-529
3449
-1185
-573
3558
-1217
-544
3785
-1160
-539
4018
-1352
-282
4137
-1154
-550
4203
-936
-510
4470
-690
-449
4197
-416
-221
3990
-208
-171
4002
-7
0
4004
17
-225
4056
70
342
4273
-317
204
4198
-100
-549
3791
798
-447
3639
908
-432
3634
673
-500
3924
390
-318
3944
225
-569
3940
409
-358
3871
405
-295
3929
256
-327
3953
7
-496
3960
-277
-281
4236
-688
-187
4302
-877
-262
4193
-773
-791
4137
-780
-925
4111
-734
-958
4035
-751
-842
3857
-1013
-711
3756
-976
-1006
3533
-921
-1073
3654
-1021
-953
3716
-1051
-1189
3450
-1148
-1069
3386
-1347
-1079
3309
-1365
-1271
3203
-1482
-1238
3002
-1774
-1096
3058
-1873
-1131
2995
-1984
-1097
2701
-2119
-1200
2686
-2187
-1193
2670
-2502
-1196
2359
-2702
-1348
2349
-2836
-1477
2204
-2891
-1514
2001
-3101
-1509
1905
-3286
-1397
1876
-3343
-1326
1532
-3269
-1475
1273
-3418
-1442
1396
-3373
-1174
1185
-3520
-817
901
-3610
-1407
494
-3764
-1073
660
-4034
-1023
608
-3931
-947
663
-3788
-629
739
-3703
-754
419
-3813
-515
346
-4103
-280
361
-4031
-442
176
-4185
-505
206
-4152
-566
284
-4242
-330
263
-4427
-562
242
-4447
-817
343
-4499
-770
429
-4374
-837
421
-4187
-442
348
-4084
-65
394
-4004
-199
515
-4279
228
492
-4573
573
882
-4276
462
1036
-3787
546
1032
-3088
-186
1328
-3100
149
1762
-3317
167
2022
-3240
-480
2542
-3254
-649
2758
-3179
-1247
2312
-3078
-991
2459
-3059
-1308
2607
-2945
-1001
2842
-3160
-718
2866
-3051
-1272
2997
-2756
-1111
3185
-2616
-1302
2818
-2461
-1132
3155
-2234
-1189
2895
-2221
-1359
2878
-2081
-904
3281
-1972
-1402
2691
-2070
-941
3122
-1794
-824
3224
-1775
-857
3045
-1567
-881
3279
-1303
-872
3220
-1158
-784
3320
-1014
-664
3549
-966
-733
3667
-776
-595
3703
-688
-516
3897
-377
-659
3906
-343
-484
4080
-415
-628
4426
-348
-635
4378
-361
-262
4578
-385
1106
4328
-791
1425
4362
-1200
-282
3995
261
-762
3509
1342
-361
3575
1031
-204
3821
434
-446
3994
336
-539
3895
425
-639
3838
626
-541
3774
624
-430
3828
468
-433
3857
473
-513
3845
427
-570
3889
348
-546
3953
316
-529
3960
199
-395
3997
24
-535
3917
-27
-481
4165
-81
-573
4049
-202
-417
3967
-321
-523
3956
-322
-700
3895
-306
-706
3948
-326
-982
3876
-266
-900
3953
-583
-584
3851
-755
-1123
3688
-825
-1060
3739
-1128
-1000
3808
-923
-1875
3613
-798
-399
3494
-1826
-1322
3585
-3192
-1858
3226
-1391
-749
3363
-1944
-1732
3439
-1284
-2168
3243
-1393
-1213
3200
-1875
-1599
2943
-2093
-1189
3053
-2557
-1602
2777
-2242
-1911
2648
-2182
-1644
2275
-2580
-2188
1784
-2653
-2349
1785
-2842
-922
1942
-2859
-1174
1192
-3178
-286
1304
-3373
-507
956
-3406
-31
632
-3672
-419
446
-4021
-503
401
-4226
754
66
-4245
605
-174
-4092
870
-223
-3659
527
-402
-3508
554
-524
-3500
521
-493
-3719
926
-340
-3801
797
-387
-4100
758
-155
-4124
1105
-295
-4186
973
-133
-4120
714
-191
-4175
798
-150
-4100
598
-181
-4011
714
-137
-3877
739
-211
-3867
619
-105
-3948
1003
-150
-4180
1080
-133
-4231
897
-104
-4186
954
-140
-4078
871
-136
-3976
964
-151
-3990
927
-110
-4105
987
20
-4309
1387
-30
-4512
1409
127
-4494
1601
-57
-4401
1666
108
-4125
1663
192
-3719
1340
73
-3578
1213
300
-3219
1102
248
-3247
1299
593
-2977
1610
460
-3044
1369
685
-3174
1655
1377
-3075
1351
1627
-3183
1297
1800
-2865
1192
1504
-2989
1243
1895
-2941
682
2135
-2851
505
2231
-2945
810
2174
-2816
197
2248
-2752
372
2640
-2304
118
2568
-2489
138
2830
-2146
363
3027
-2320
609
3008
-2272
612
3168
-1955
-600
2984
-2137
-109
3513
-1998
31
3866
-2016
-242
3522
-1892
-150
3772
-1522
-418
3602
-1153
-617
3595
-974
-402
3991
-1034
-211
4157
-899
-268
4273
-899
-13
4420
-876
-223
4184
-729
-359
4109
-577
-420
4150
-324
58
4015
-492
-98
4032
-340
-258
4082
-143
40
3912
19
-452
3828
456
-667
3854
516
-526
3808
408
-490
3830
280
-300
3907
102
-200
4038
148
-322
3926
353
-394
3807
353
-430
3891
279
-435
3880
124
-501
3861
-200
-231
4226
-181
-201
4025
-231
-590
3838
-279
-728
3960
-383
-562
4126
-529
-415
4118
-778
-380
3961
-910
-449
4020
-1047
-554
4190
-926
-593
3984
-1051
-664
3927
-1139
-439
3845
-1150
-631
3527
-1270
-666
3491
-1369
-474
3329
-1398
-719
3070
-1580
-871
3444
-1910
-911
3349
-2003
-998
3266
-2181
-761
3100
-2339
-798
3011
-2352
-757
2816
-2511
-493
2689
-2501
-714
2529
-2565
-809
2413
-2691
-648
2355
-2774
-806
2017
-2963
-609
1967
-3105
-761
1761
-3229
-799
1376
-3338
-651
1398
-3423
-626
1083
-3538
-198
1021
-3477
-156
980
-3396
48
706
-3523
-63
554
-3646
-30
557
-3936
195
407
-4069
-98
389
-4034
341
305
-3928
-62
311
-3836
49
201
-3815
-29
183
-3803
-98
221
-3877
20
237
-4045
-96
328
-4252
456
266
-4570
537
366
-4714
391
437
-4673
498
373
-4474
294
309
-4257
188
428
-4217
359
438
-4243
293
414
-4165
420
376
-4121
533
346
-4157
607
445
-4144
639
295
-4185
583
335
-4088
532
388
-4138
648
388
-4166
623
446
-4029
1033
641
-4009
1271
768
-4167
889
630
-4005
1229
811
-3774
966
864
-3585
978
1201
-3342
774
1034
-3407
630
1451
-3500
653
1567
-3534
574
1750
-3484
499
1628
-3444
291
1743
-3244
269
1719
-3275
305
1788
-3110
286
2130
-2964
-80
2272
-2847
135
2168
-2686
-312
2325
-2623
-150
2470
-2333
-410
2457
-2247
-440
2735
-1951
-395
2813
-2139
-452
2876
-1956
-368
3221
-1686
-672
3154
-2055
-263
3371
-1727
-639
3637
-1942
-817
3612
-1992
-693
4165
-1682
-1054
3785
-1506
-1114
3941
-1401
-188
4306
-1322
306
4255
-1181
616
4223
-922
137
3896
-408
-101
3871
-211
-360
3941
-9
-261
4220
-3
-87
4180
-50
-94
3995
-207
196
4002
-663
298
4166
-655
-694
3870
288
-494
3783
514
-479
3774
449
-446
3879
383
-396
3841
205
-266
3944
68
-342
3930
90
-324
3890
103
-445
4034
24
-377
4003
-354
-451
3965
-626
-426
4042
-555
-401
4015
-433
-633
4005
-271
-511
4098
-336
-494
4018
-549
-399
3827
-979
-392
4070
-1134
-591
4171
-1125
-635
4003
-1066
-583
3816
-1033
-816
3773
-1121
-547
3719
-1290
-688
3551
-1309
-788
3199
-1626
-634
3116
-1830
-761
3371
-1897
-654
3126
-2157
-723
3062
-2343
-585
3137
-2392
-548
3059
-2367
-674
2767
-2371
-490
2716
-2459
-512
2491
-2559
-625
2151
-2855
-556
2136
-2904
-607
2068
-2994
-866
1611
-3153
-762
1679
-3186
-642
1725
-3452
-434
1270
-3412
-967
1018
-3321
-1161
954
-3375
-533
971
-3521
-347
807
-3714
-197
521
-3747
-440
368
-3734
-283
327
-3845
-412
69
-3869
-496
118
-3877
-384
588
-4048
-59
615
-4252
-98
429
-4346
153
486
-4416
469
577
-4347
107
615
-4293
165
642
-4465
206
491
-4546
529
544
-4523
297
462
-4306
44
448
-3992
69
370
-3755
-209
405
-3557
-98
359
-3726
34
410
-3946
259
405
-4174
412
530
-4373
492
679
-4431
757
733
-4621
820
803
-4665
1063
712
-4712
1366
943
-4407
1107
1056
-3902
744
805
-3949
995
1302
-3721
871
1483
-3581
587
1676
-3289
366
1714
-3180
142
1655
-3205
29
1894
-3222
-121
1825
-3139
-139
2148
-3071
-453
2147
-3067
-211
2246
-3099
-675
2044
-2920
-677
2354
-2779
-842
2209
-2647
-1266
2190
-2435
-442
2716
-2387
