2891
1955
-1872
2723
2105
-1809
2831
2025
-2052
2752
2032
-2420
2468
2016
-2486
2345
2068
-2397
2456
2064
-2526
2340
2031
-2574
2277
2079
-2644
2135
2113
-2661
2111
2058
-2702
2132
2043
-2877
2049
2008
-3022
1841
1981
-3034
1915
2004
-2936
2005
2061
-2832
1959
2068
-2941
1849
2040
-3027
1863
1999
-3122
1850
1837
-3138
1994
1908
-3361
2068
1929
-3309
2042
1981
-2887
2514
2117
-2395
2105
2241
-2034
1979
2312
-2076
1958
2159
-2870
2295
1997
-2858
2147
2005
-2811
1761
1903
-3469
1813
1836
-3332
2071
1981
-2807
2112
2113
-2682
2080
2051
-2925
1990
1997
-2883
2013
2024
-2788
2050
2035
-2851
2127
2000
-2917
2134
1996
-2933
2076
2019
-2848
2073
1992
-2906
2037
2003
-2921
2049
2009
-2867
2032
2009
-2853
2051
2007
-2875
2021
1995
-2904
2048
2011
-2902
2067
1997
-2891
2133
1999
-2841
2110
1997
-2814
2078
1995
-2873
2048
1979
-2882
2123
1997
-2856
2132
1972
-2828
2109
1959
-2896
2110
1979
-2914
2113
2013
-2839
2129
2004
-2836
2178
2014
-2811
2175
1995
-2777
2159
1989
-2788
2199
2005
-2831
2196
1990
-2804
2090
2036
-2831
2060
2057
-2970
2039
1981
-2877
2060
1942
-2749
2111
1992
-2792
2155
2062
-2775
2209
2085
-2815
2126
2099
-2805
2069
2107
-2728
2100
2069
-2703
2170
2051
-2751
2208
2049
-2792
2126
2050
-2779
2150
2050
-2764
2160
2042
-2764
2182
2068
-2763
2178
2062
-2780
2119
2051
-2810
2051
2028
-2850
2001
2051
-2863
2022
2036
-2856
2078
2030
-2858
2063
2043
-2842
2034
2053
-2818
2078
2054
-2841
2089
2051
-2829
2145
2046
-2823
2138
2020
-2810
1960
1973
-2942
2117
2015
-3006
2184
2062
-2776
2066
2075
-2744
1992
2116
-2841
1906
2112
-2921
1837
2106
-2870
1868
2109
-2856
2034
2099
-3038
2025
2080
-2944
2001
2111
-2925
1880
2126
-2907
1777
2163
-2810
1811
2198
-2752
1979
2177
-2848
1967
2107
-2980
1862
2098
-2994
1865
2120
-2965
1809
2122
-2980
1796
2115
-2987
1860
2129
-2934
1871
2159
-2864
1843
2141
-2941
1826
2107
-2970
1836
2118
-2973
1868
2113
-2975
1897
2106
-2965
1819
2118
-2980
1841
2126
-2937
1901
2149
-2900
1899
2123
-2888
1874
2115
-2902
1870
2148
-2949
1897
2122
-2953
1898
2105
-2940
1880
2132
-2943
1855
2128
-2928
1862
2142
-2931
1869
2130
-2921
1859
2130
-2894
1861
2159
-2905
1886
2152
-2939
1869
2125
-2950
1829
2146
-2901
1846
2185
-2904
1859
2154
-2946
1838
2121
-2964
1842
2138
-2950
1828
2159
-2949
1774
2153
-2949
1732
2148
-2965
1788
2156
-3003
1769
2150
-3022
1748
2140
-2991
1767
2146
-2990
1756
2151
-2984
1752
2148
-2997
1754
2137
-3032
1733
2143
-2976
1731
2143
-3036
1739
2141
-3042
1771
2132
-3035
1764
2124
-3039
1748
2163
-2987
1744
2192
-2926
1759
2186
-2929
1772
2177
-2959
1781
2168
-2998
1765
2145
-3038
1746
2121
-3048
1706
2169
-2974
1726
2183
-2947
1783
2171
-2931
1818
2178
-2960
1777
2179
-2996
1722
2155
-2985
1771
2169
-2981
1784
2160
-3011
1772
2136
-3003
1736
2153
-2982
1726
2171
-3000
1740
2170
-2968
1760
2166
-2966
1746
2161
-2990
1735
2148
-3028
1747
2141
-3029
1748
2153
-3015
1740
2152
-2993
1754
2171
-2981
1775
2157
-2982
1749
2145
-2994
1713
2145
-2997
1742
2162
-3001
1784
2150
-3017
1748
2136
-3011
1725
2167
-3025
1733
2158
-3019
1744
2173
-2978
1740
2170
-2963
1724
2174
-2976
1742
2170
-2988
1764
2175
-2997
1755
2162
-2978
1744
2163
-2985
1770
2179
-2987
1771
2150
-2974
1747
2154
-2977
1739
2172
-2973
1785
2164
-3000
1783
2140
-2998
1753
2139
-2990
1749
2163
-2987
1764
2154
-2995
1770
2147
-2988
1775
2160
-2990
1760
2172
-2984
1762
2164
-2964
1777
2162
-2961
1781
2156
-2967
1786
2156
-2986
1788
2156
-2983
1750
2156
-2954
1741
2168
-2968
1798
2161
-3009
1786
2143
-3003
1771
2134
-3014
1784
2158
-2980
1809
2170
-2977
1775
2157
-2944
1806
2161
-2945
1798
2169
-2961
1769
2164
-2961
1766
2162
-2977
1783
2152
-2985
1789
2163
-2989
1774
2156
-2971
1771
2167
-2951
1783
2166
-2962
1797
2160
-2975
1822
2154
-2985
1779
2137
-2988
1745
2156
-2982
1767
2160
-2982
1776
2166
-2975
1791
2162
-2981
1789
2167
-2979
1762
2165
-2950
1765
2160
-2971
1790
2164
-2989
1803
2154
-3002
1784
2170
-2972
1754
2161
-2955
1750
2170
-2965
1794
2181
-2972
1802
2163
-2964
1775
2171
-2965
1741
2183
-2960
1743
2178
-2960
1789
2165
-2969
1803
2176
-2969
1758
2178
-2956
1768
2182
-2950
1781
2192
-2942
1770
2165
-2949
1788
2169
-2974
1797
2165
-2974
1773
2158
-2978
1774
2156
-2973
1806
2148
-2988
1801
2127
-2981
1774
2139
-2983
1787
2151
-2992
1828
2146
-2986
1788
2145
-2973
1756
2159
-2970
1792
2159
-2985
1801
2150
-2967
1782
2149
-2966
1776
2148
-2956
1802
2149
-2975
1786
2144
-2960
1775
2151
-2956
1816
2150
-2984
1813
2123
-2987
1788
2131
-2974
1809
2151
-2999
1822
2136
-2995
1759
2138
-2958
1769
2136
-2985
1791
2133
-3013
1761
2133
-2981
1765
2136
-2977
1785
2113
-2997
1815
2122
-3000
1792
2111
-3007
1775
2104
-3032
1746
2109
-3029
1828
2118
-3009
1768
2115
-2991
1688
2093
-3098
1796
2111
-3027
1815
2154
-2934
1799
2129
-3007
1809
2123
-2999
1674
2113
-2942
1926
2128
-3038
1853
2123
-3010
1749
2094
-2977
1784
2138
-2930
1796
2144
-2938
1829
2112
-2977
1854
2113
-3014
1821
2110
-3016
1739
2089
-3046
1740
2112
-3024
1825
2134
-2982
1815
2132
-2947
1751
2113
-2983
1774
2117
-3025
1782
2103
-3028
1759
2089
-3047
1773
2103
-3041
1818
2112
-3023
1775
2126
-2957
1757
2124
-2993
1765
2124
-2983
1814
2131
-3012
1813
2094
-3050
1763
2110
-2991
1779
2138
-2987
1771
2141
-2986
1780
2135
-2955
1795
2131
-2948
1803
2139
-2967
1820
2127
-2990
1795
2113
-3014
1784
2109
-2987
1815
2105
-3001
1813
2109
-2986
1827
2102
-2990
1812
2119
-2967
1813
2113
-3016
1815
2083
-3005
1787
2105
-2995
1811
2114
-3015
1823
2116
-2993
1802
2119
-2970
1800
2113
-2967
1826
2122
-3006
1789
2115
-3003
1787
2102
-2981
1829
2103
-2986
1853
2111
-3002
1840
2094
-2993
1796
2094
-2984
1797
2100
-3002
1841
2097
-3026
1844
2091
-3014
1802
2106
-2993
1796
2121
-2973
1817
2129
-2954
1779
2137
-2957
1783
2127
-2981
1834
2122
-3012
1809
2108
-3013
1770
2114
-2992
1806
2122
-2977
1828
2123
-2967
1819
2131
-2981
1785
2131
-2959
1782
2118
-2989
1810
2126
-3009
1831
2139
-2998
1790
2124
-2986
1761
2118
-2979
1766
2137
-2997
1789
2133
-2990
1786
2125
-2983
1779
2125
-3002
1784
2129
-3018
1787
2123
-3012
1790
2122
-2985
1814
2127
-2978
1812
2121
-2977
1795
2116
-2999
1802
2124
-2990
1801
2124
-2995
1773
2119
-2996
1782
2140
-2999
1801
2117
-2988
1780
2117
-2979
1760
2140
-3003
1780
2136
-2993
1789
2137
-2970
1786
2140
-2981
1789
2123
-2997
1804
2116
-3003
1798
2113
-2990
1808
2118
-2969
1823
2110
-3004
1743
2090
-3069
1882
2101
-3014
1863
2132
-2928
1680
2101
-3011
1743
2105
-2982
1826
2104
-3036
1784
2063
-3089
1735
2059
-3066
1739
2078
-3067
1780
2083
-3047
1734
2071
-3029
1714
2044
-3093
1762
2067
-3082
1652
2039
-3071
1805
2026
-3086
1810
2037
-3099
1710
2001
-3134
1705
1994
-3120
1743
2017
-3080
1821
2027
-3081
1737
2019
-3107
1626
2001
-3144
1793
2022
-3225
1796
2031
-3087
1719
2001
-3120
1695
2023
-3090
1704
2022
-3132
1705
2018
-3119
1754
2042
-3077
1770
2036
-3102
1703
2028
-3089
1682
2046
-3068
1670
2023
-3130
1818
2017
-3115
1851
2034
-3076
1724
2026
-3097
1672
2024
-3111
1689
2026
-3096
1715
2028
-3109
1737
2027
-3111
1769
2026
-3114
1713
2013
-3115
1688
2017
-3123
1694
2040
-3102
1718
2038
-3079
1718
2040
-3097
1712
2047
-3111
1728
2034
-3119
1702
2046
-3091
1713
2048
-3086
1733
2050
-3068
1737
2040
-3083
1719
2038
-3093
1715
2039
-3105
1723
2026
-3108
1705
2040
-3093
1701
2037
-3093
1752
2038
-3104
1743
2031
-3095
1696
2017
-3108
1710
2018
-3115
1752
2018
-3126
1731
2024
-3108
1707
2018
-3084
1727
2033
-3095
1752
2005
-3129
1733
2003
-3136
1736
2015
-3117
1726
2013
-3112
1751
2023
-3091
1737
2023
-3096
1724
2014
-3099
1725
2024
-3101
1732
2023
-3115
1755
2001
-3135
1734
2011
-3098
1731
2010
-3102
1743
2020
-3097
1757
2021
-3230
1735
2011
-3110
1725
2012
-3119
1751
2012
-3120
1735
2010
-3111
1742
2003
-3125
1748
2011
-3101
1749
2030
-3085
1739
2032
-3072
1729
2033
-3087
1747
2023
-3099
1729
2023
-3119
1747
2016
-3128
1738
2010
-3106
1719
2029
-3088
1720
2041
-3087
1757
2039
-3079
1761
2042
-3102
1713
2028
-3096
1727
2024
-3100
1763
2035
-3100
1732
2033
-3094
1709
2027
-3091
1724
2017
-3105
1744
2034
-3117
1733
2024
-3112
1716
2022
-3096
1708
2030
-3105
1739
2028
-3244
1747
2027
-3107
1717
2021
-3091
1706
2046
-3103
1744
2047
-3088
1754
2053
-3089
1694
2048
-3084
1688
2050
-3073
1718
2064
-3074
1752
2054
-3082
1747
2054
-3087
1724
2048
-3071
1745
2048
-3098
1730
2049
-3070
1718
2030
-3066
1738
2051
-3067
1768
2035
-3104
1753
2013
-3117
1731
2017
-3110
1723
2030
-3103
1744
2022
-3097
1753
2028
-3081
1752
2032
-3090
1747
2033
-3111
1728
2038
-3081
1733
2041
-3069
1760
2026
-3087
1759
2033
-3093
1750
2019
-3230
1740
2022
-3084
1749
2041
-3078
1771
2030
-3076
1758
2034
-3066
1750
2035
-3079
1771
2030
-3090
1760
2030
-3091
1745
2031
-3102
1756
2022
-3096
1753
2028
-3093
1726
2032
-3096
1727
2057
-3073
1751
2048
-3055
1763
2046
-3060
1766
2045
-3081
1777
2032
-3083
1740
2034
-3079
1725
2046
-3086
1756
2042
-3104
1771
2035
-3071
1752
2054
-3073
1728
2060
-3063
1731
2052
-3082
1748
2047
-3098
1752
2055
-3083
1729
2055
-3072
1721
2059
-3066
1747
2057
-3072
1751
2050
-3064
1729
2066
-3067
1732
2047
-3081
1746
2044
-3107
1733
2045
-3095
1750
2050
-3091
1754
2050
-3081
1731
2054
-3073
1719
2071
-3069
1718
2065
-3062
1728
2063
-3082
1731
2054
-3105
1738
2065
-3086
1707
2075
-3047
1721
2059
-3076
1719
2066
-3072
1737
2058
-3063
1761
2058
-3047
1756
2061
-3074
1751
2051
-3107
1680
2024
-3097
1649
2000
-3165
1788
2001
-3135
1897
2035
-3160
1636
1969
-3231
1707
2026
-2908
1864
2160
-2924
1707
2090
-2900
1778
2043
-3056
1779
2043
-3184
1750
1997
-3204
1745
2027
-3122
1737
2057
-3047
1761
2063
-2992
1791
2062
-3010
1739
2055
-3062
1758
2032
-3113
1765
2013
-3125
1758
2022
-3113
1755
2028
-3095
1763
2033
-3066
1751
2038
-3084
1721
2026
-3110
1769
2044
-3114
1733
2049
-3072
1705
2063
-3036
1765
2053
-3056
1775
2048
-3073
1746
2054
-3060
1745
2041
-3078
1732
2040
-3096
1697
2043
-3109
1729
2038
-3087
1808
1912
-3117
1757
2030
-3110
1675
2039
-3065
1756
2053
-3075
1729
2066
-3028
1747
2055
-3065
1739
2042
-3102
1721
2049
-3119
1704
2043
-3083
1743
2048
-3088
1775
2048
-3083
1760
2043
-3093
1722
2044
-3111
1718
2047
-3079
1736
2060
-3069
1722
2051
-3075
1719
2056
-3083
1740
2056
-3098
1732
2053
-3088
1713
2056
-3078
1723
2060
-3079
1736
2067
-3074
1721
2067
-3067
1723
2062
-3070
1742
2062
-3082
1715
2067
-3082
1715
2054
-3059
1758
2065
-3069
1758
2068
-3080
1722
2053
-3071
1707
2036
-3216
1733
2052
-3108
1769
2048
-3105
1716
2040
-3065
1706
2058
-3062
1745
2039
-3095
1792
2029
-3116
1735
2029
-3104
1716
2033
-3104
1756
2040
-3093
1750
2050
-3080
1737
2037
-3063
1738
2051
-3072
1759
2054
-3090
1740
2048
-3073
1728
2034
-3079
1749
2034
-3092
1759
2047
-3079
1727
2037
-3075
1754
2036
-3080
1762
2034
-3106
1736
2028
-3101
1741
2024
-3072
1754
2029
-3120
1741
2027
-3092
1742
2025
-3090
1737
2038
-3078
1754
2036
-3102
1740
2032
-3228
1740
2058
-3062
1769
2045
-3068
1779
2063
-3053
1748
2065
-3040
1725
2042
-3067
1750
2052
-3055
1762
2034
-3070
1727
2029
-3082
1752
2020
-3083
1912
2026
-3147
1770
2028
-3095
1721
2022
-3066
1733
2056
-3052
1716
2049
-3050
1792
2046
-3069
1781
2029
-3078
1762
2033
-3089
1727
2049
-3098
1752
2034
-3099
1748
2055
-3062
1724
2050
-3071
1767
2058
-3062
1742
2041
-3095
1653
2019
-3062
1788
2029
-3169
1800
1888
-3163
1687
2035
-3061
1722
2069
-3045
1712
2065
-3032
1731
2055
-3050
1773
2045
-3101
1736
2040
-3127
1675
2030
-3125
1708
2062
-3072
1771
2069
-3052
1745
2047
-3076
1681
2049
-3099
1735
2038
-3105
1773
2060
-3087
1756
2044
-3064
1721
2042
-3047
1736
2041
-3083
1759
2042
-3089
1759
2026
-3095
1739
2018
-3104
1736
2031
-3108
1765
2027
-3092
1748
2031
-3079
1750
2037
-3093
1759
2042
-3072
1733
2042
-3060
1724
2047
-3065
1774
2031
-3091
1770
2021
-3082
1735
2027
-3067
1786
2023
-3260
1803
2018
-3118
1733
2027
-3051
1776
2027
-3058
1767
2034
-3053
1716
2008
-3118
1702
1989
-3177
1712
2003
-3125
1738
2029
-3137
1743
2018
-3118
1762
2026
-3097
1712
2036
-3051
1717
2051
-3067
1747
2052
-3086
1754
2037
-3086
1764
2028
-3104
1718
2027
-3104
1712
2035
-3106
1733
2042
-3084
1773
2041
-3083
1734
2053
-3063
1723
2039
-3085
1733
2038
-3098
1713
2048
-3101
1728
2028
-3108
1737
2035
-3099
1746
2044
-3071
1758
2041
-3095
1737
2044
-3216
1708
2032
-3082
1702
2041
-3091
1731
2045
-3108
1753
2028
-3109
1736
2041
-3091
1681
2031
-3107
1699
2056
-3091
1762
2068
-3065
1738
2050
-3075
1719
2051
-3091
1709
2049
-3101
1736
2048
-3084
1733
2051
-3087
1709
2055
-3074
1727
2055
-3076
1749
2052
-3086
1750
2052
-3089
1717
2038
-3083
1711
2056
-3074
1738
2050
-3085
1775
2029
-3102
1742
2039
-3084
1729
2026
-3098
1733
2046
-3081
1733
2048
-3073
1738
2028
-3072
1759
2035
-3101
1771
2034
-3251
1739
2025
-3095
1735
2028
-3089
1757
2025
-3087
1756
2039
-3078
1747
2027
-3092
1740
2026
-3078
1743
2040
-3090
1751
2025
-3100
1769
2015
-3110
1737
2020
-3096
1727
2024
-3102
1759
2033
-3094
1755
2034
-3072
1740
2037
-3075
1753
2042
-3101
1742
2037
-3092
1720
2031
-3085
1732
2030
-3080
1761
2035
-3093
1752
2044
-3069
1749
2037
-3068
1747
2025
-3075
1742
2044
-3105
1755
2029
-3116
1770
2015
-3107
1744
2019
-3096
1733
2041
-3069
1736
2047
-3203
1743
2043
-3077
1707
2046
-3077
1737
2030
-3114
1758
2037
-3132
1710
2028
-3100
1709
2037
-3070
1762
2037
-3069
1769
2037
-3088
1718
2019
-3108
1704
2022
-3104
1749
2036
-3113
1756
2030
-3086
1741
2037
-3087
1713
2030
-3092
1725
2030
-3116
1713
2021
-3158
1683
2022
-3125
1708
2037
-3091
1731
2048
-3092
1725
2050
-3086
1716
2050
-3084
1693
2041
-3102
1724
2036
-3123
1751
2036
-3097
1730
2048
-3075
1720
2051
-3084
1706
2043
-3113
1712
2043
-3237
1728
2057
-3058
1719
2046
-3109
1689
2028
-3144
1658
2029
-3133
1693
2006
-3212
1771
2019
-3113
1798
2020
-3053
1595
2029
-3061
1784
2084
-3015
1888
2082
-2988
1727
2033
-3017
1732
2019
-3121
1779
2019
-3164
1744
1998
-3161
1722
2021
-3088
1742
2041
-3059
1750
2047
-3047
1773
2025
-3098
1729
2024
-3101
1742
2018
-3116
1737
2016
-3107
1742
2027
-3091
1748
2035
-3078
1743
2028
-3083
1772
2035
-3094
1803
1914
-3102
1720
2025
-3100
1644
2013
-3203
1708
1991
-3164
1753
1972
-3226
1867
1960
-3163
1769
1987
-3106
1569
2008
-3075
1711
2054
-2999
1923
2036
-3101
1803
1995
-3103
1666
1995
-3133
1723
2012
-3149
1768
2030
-3104
1745
2028
-3071
1767
2029
-3094
1768
2046
-3101
1707
2033
-3101
1685
2023
-3097
1726
2033
-3098
1713
2034
-3111
1690
2028
-3109
1675
2027
-3137
1684
2035
-3166
1689
2054
-3100
1727
2070
-3072
1715
2050
-3064
1693
2063
-3050
1611
2028
-3187
1696
2006
-3177
1758
2050
-3071
1668
2060
-3071
1709
2058
-3100
1792
2054
-3079
1710
2055
-3084
1681
2047
-3111
1724
2052
-3100
1726
2063
-3087
1718
2044
-3090
1712
2070
-3090
1710
2056
-3083
1687
2062
-3102
1708
2057
-3118
1768
2057
-3092
1734
2085
-3063
1676
2064
-3065
1697
2064
-3083
1740
2076
-3106
1731
2059
-3097
1703
2069
-3063
1712
2077
-3038
1764
2068
-3065
1758
2060
-3089
1718
2040
-3102
1698
2045
-3076
1719
2050
-3093
1743
2052
-3090
1779
2047
-3101
1747
2045
-3228
1716
2065
-3075
1735
2061
-3060
1726
2069
-3053
1759
2061
-3070
1745
2050
-3096
1708
2046
-3104
1722
2048
-3108
1748
2055
-3104
1736
2066
-3056
1747
2061
-3051
1785
2041
-3083
1747
2060
-3095
1718
2054
-3084
1726
2049
-3070
1752
2069
-3073
1757
2069
-3044
1746
2058
-3052
1733
2064
-3085
1735
2061
-3080
1716
2068
-3075
1719
2067
-3070
1750
2080
-3064
1769
2073
-3076
1748
2056
-3071
1733
2068
-3081
1716
2072
-3070
1723
2070
-3061
1718
2075
-3065
1724
2062
-3073
1737
2061
-3097
1717
2060
-3100
1717
2064
-3103
1738
2056
-3083
1733
2069
-3079
1722
2073
-3079
1728
2057
-3085
1722
2077
-3071
1722
2066
-3064
1725
2076
-3081
1723
2070
-3082
1722
2075
-3079
1733
2075
-3067
1726
2070
-3071
1713
2062
-3102
1720
2081
-3086
1729
2076
-3069
1720
2074
-3057
1719
2077
-3059
1724
2077
-3068
1720
2081
-3076
1721
2074
-3073
1722
2070
-3069
1728
2073
-3071
1732
2068
-3064
1746
2059
-3080
1729
2056
-3097
1719
2047
-3087
1733
2064
-3070
1726
2056
-3084
1741
2055
-3085
1750
2050
-3089
1725
2054
-3071
1739
2054
-3081
1733
2050
-3092
1731
2059
-3083
1739
2055
-3065
1750
2056
-3073
1737
2061
-3073
1718
2050
-3081
1732
2047
-3083
1760
2037
-3089
1735
2043
-3101
1725
2033
-3101
1768
2044
-3081
1769
2037
-3069
1723
2028
-3107
1711
2023
-3171
1737
2038
-3114
1691
2049
-3068
1736
2060
-3041
1751
2065
-3046
1732
2063
-3079
1701
2051
-3141
1626
2011
-3300
1677
2025
-3131
1716
2038
-3136
1799
2037
-3103
1596
2023
-3048
1669
2031
-3134
1871
2047
-3084
1776
2054
-3024
1667
2009
-3130
1669
2013
-3119
1753
2027
-3126
1739
2014
-3144
1695
2028
-3109
1696
2028
-3103
1716
2021
-3109
1728
2035
-3104
1725
2028
-3132
1703
2033
-3122
1680
2032
-3113
1700
2043
-3094
1718
2047
-3088
1709
2044
-3096
1726
2032
-3111
1717
2033
-3109
1704
2058
-3096
1716
2048
-3087
1731
2037
-3101
1705
2039
-3107
1711
2046
-3238
1686
2036
-3094
1697
2052
-3107
1737
2043
-3105
1716
2036
-3100
1667
2036
-3119
1704
2040
-3118
1735
2053
-3097
1719
2052
-3079
1707
2043
-3091
1726
2048
-3104
1721
2039
-3109
1705
2034
-3096
1712
2044
-3095
1735
2039
-3109
1728
2022
-3104
1707
2022
-3110
1713
2016
-3128
1712
2031
-3110
1706
2031
-3111
1733
2017
-3117
1746
2026
-3113
1712
2024
-3100
1718
2016
-3119
1722
2019
-3128
1722
2020
-3125
1711
2019
-3100
1736
2025
-3109
1746
2020
-3245
1708
2019
-3110
1695
2016
-3105
1745
2017
-3104
1751
2017
-3112
1724
2005
-3120
1722
2000
-3147
1717
2009
-3139
1722
2017
-3113
1727
2027
-3089
1739
2027
-3086
1726
2021
-3111
1702
2017
-3124
1718
2015
-3122
1729
2030
-3107
1716
2029
-3108
1718
2034
-3099
1716
2049
-3109
1694
2050
-3093
1708
2047
-3076
1758
2029
-3092
1725
2035
-3122
1709
2021
-3132
1728
2019
-3126
1740
2031
-3100
1708
2035
-3102
1688
2036
-3102
1733
2026
-3126
1738
2014
-3258
1679
2029
-3126
1669
2035
-3118
1724
2034
-3113
1731
2046
-3100
1702
2036
-3092
1695
2049
-3089
1717
2044
-3111
1719
2043
-3113
1720
2037
-3096
1724
2051
-3090
1710
2040
-3100
1698
2029
-3127
1697
2033
-3126
1704
2047
-3109
1704
2052
-3084
1716
2041
-3089
1733
2042
-3111
1708
2038
-3117
1696
2034
-3118
1689
2049
-3108
1719
2050
-3095
1714
2054
-3069
1695
2044
-3083
1732
2030
-3122
1733
2035
-3131
1712
2014
-3114
1709
2013
-3127
1734
2025
-3243
1747
2023
-3107
1715
2028
-3110
1711
2015
-3125
1728
2028
-3111
1714
2038
-3101
1710
2023
-3101
1734
2001
-3136
1722
2015
-3128
1713
2015
-3119
1728
2023
-3117
1740
2031
-3106
1705
2027
-3096
1730
2017
-3118
1747
2010
-3132
1709
2010
-3120
1713
2013
-3107
1750
2015
-3121
1731
2019
-3127
1707
2017
-3103
1715
2020
-3109
1741
2018
-3107
1735
2026
-3122
1689
2014
-3118
1713
2028
-3106
1741
2026
-3103
1712
2032
-3091
1695
2041
-3095
1728
2031
-3244
1733
2037
-3123
1703
2034
-3103
1713
2036
-3097
1718
2036
-3092
1718
2036
-3105
1715
2036
-3111
1729
2035
-3101
1704
2031
-3102
1702
2026
-3117
1734
2032
-3124
1724
2026
-3132
1692
2035
-3110
1696
2037
-3104
1711
2041
-3119
1738
2041
-3113
1710
2031
-3098
1676
2041
-3106
1716
2037
-3116
1734
2038
-3126
1705
2047
-3109
1678
2049
-3077
1716
2049
-3098
1743
2049
-3115
1712
2040
-3109
1682
2040
-3092
1704
2047
-3105
1726
2044
-3097
1717
2038
-3236
1714
2045
-3109
1703
2045
-3102
1703
2051
-3090
1692
2050
-3105
1696
2046
-3116
1738
2036
-3117
1726
2025
-3118
1676
2032
-3105
1709
2036
-3111
1748
2044
-3101
1704
2035
-3087
1701
2032
-3108
1737
2039
-3127
1718
2024
-3125
1699
2022
-3106
1724
2027
-3094
1723
2037
-3099
1720
2037
-3107
1711
2022
-3117
1712
2024
-3117
1708
2016
-3129
1715
2026
-3107
1719
2034
-3101
1723
2023
-3119
1740
2019
-3117
1719
2009
-3120
1713
2019
-3121
1733
2017
-3248
1725
2017
-3112
1708
2019
-3119
1735
2021
-3131
1727
2029
-3114
1684
2029
-3092
1712
2034
-3099
1752
2028
-3106
1726
2027
-3115
1695
2031
-3100
1718
2034
-3101
1727
2031
-3110
1714
2046
-3108
1707
2028
-3105
1705
2034
-3103
1729
2044
-3089
1731
2028
-3097
1706
2018
-3118
1701
2031
-3138
1726
2027
-3133
1729
2033
-3098
1716
2043
-3075
1710
2043
-3107
1703
2036
-3118
1706
2026
-3119
1717
2027
-3123
1723
2028
-3124
1694
2029
-3110
1717
2026
-3241
1734
2029
-3124
1704
2025
-3127
1681
2036
-3104
1699
2042
-3090
1718
2047
-3093
1739
2040
-3110
1703
2027
-3119
1674
2040
-3112
1704
2039
-3122
1740
2051
-3105
1700
2049
-3087
1682
2039
-3099
1731
2046
-3115
1732
2040
-3113
1710
2037
-3091
1693
2028
-3097
1712
2045
-3100
1727
2038
-3107
1713
2024
-3111
1710
2041
-3104
1725
2028
-3111
1728
2029
-3102
1698
2037
-3096
1708
2021
-3111
1749
2020
-3132
1712
2016
-3136
1678
2013
-3148
1744
2024
-3226
1726
2048
-3105
1673
2022
-3128
1709
2013
-3121
1670
2025
-3107
1724
2021
-3156
1768
1999
-3230
1567
1979
-3074
1690
2046
-3059
1794
2035
-3165
1743
1991
-3170
1669
2003
-3082
1685
2035
-3085
1740
2037
-3122
1718
2025
-3134
1706
2008
-3145
1694
2029
-3127
1735
2036
-3127
1767
2054
-3069
1632
2056
-3003
1603
2045
-3122
1727
2010
-3260
1740
2020
-3156
1580
2047
-3045
1655
2046
-3163
1763
2041
-3117
1586
2037
-3062
1782
2049
-3111
1719
2057
-3104
1640
2023
-3183
1624
2014
-3147
1658
2050
-3134
1651
2025
-3196
1776
2066
-3040
1708
2077
-3077
1611
2036
-3106
1657
2047
-3134
1700
2055
-3145
1705
2045
-3132
1655
2061
-3106
1697
2061
-3102
1687
2053
-3100
1673
2057
-3126
1689
2051
-3133
1714
2062
-3099
1683
2070
-3088
1661
2052
-3103
1695
2048
-3121
1701
2054
-3138
1673
2050
-3120
1664
2063
-3097
1680
2073
-3079
1709
2074
-3097
1700
2052
-3121
1654
2053
-3110
1657
2053
-3107
1708
2048
-3128
1709
2050
-3101
1674
2052
-3096
1720
2047
-3129
1708
2050
-3116
1677
2052
-3093
1675
2047
-3091
1726
2041
-3126
1708
2047
-3120
1669
2034
-3117
1701
2050
-3120
1715
2041
-3117
1683
2044
-3100
1672
2058
-3100
1710
2040
-3116
1711
2037
-3113
1692
2037
-3126
1698
2027
-3126
1725
2047
-3126
1695
2036
-3110
1670
2033
-3116
1703
2038
-3120
1733
2037
-3144
1686
2038
-3112
1660
2043
-3091
1709
2043
-3107
1728
2050
-3113
1700
2038
-3108
1685
2043
-3230
1712
2052
-3113
1702
2039
-3096
1680
2049
-3109
1677
2057
-3102
1739
2051
-3117
1711
2050
-3102
1662
2050
-3081
1671
2047
-3112
1733
2054
-3140
1698
2045
-3105
1654
2044
-3096
1698
2048
-3114
1727
2050
-3132
1674
2035
-3119
1671
2048
-3101
1713
2054
-3109
1698
2043
-3106
1672
2046
-3110
1700
2046
-3130
1706
2040
-3111
1674
2049
-3095
1670
2052
-3107
1705
2053
-3120
1709
2054
-3112
1676
2038
-3097
1659
2051
-3109
1694
2049
-3126
1692
2047
-3232
1686
2051
-3104
1700
2045
-3118
1694
2057
-3122
1673
2047
-3115
1688
2053
-3102
1711
2050
-3115
1696
2053
-3116
1670
2057
-3107
1680
2059
-3096
1697
2052
-3100
1688
2054
-3114
1674
2053
-3095
1682
2060
-3102
1694
2044
-3116
1723
2044
-3126
1695
2032
-3127
1680
2032
-3112
1694
2041
-3115
1706
2034
-3118
1694
2043
-3121
1690
2027
-3124
1715
2042
-3120
1696
2038
-3125
1687
2030
-3108
1713
2043
-3113
1706
2039
-3106
1688
2045
-3103
1693
2029
-3250
1728
2024
-3136
1703
2025
-3129
1665
2027
-3105
1694
2035
-3111
1730
2016
-3151
1724
2015
-3154
1650
2006
-3129
1687
2020
-3131
1743
2043
-3117
1705
2036
-3088
1667
2036
-3098
1708
2031
-3126
1711
2042
-3137
1680
2038
-3117
1684
2035
-3097
1709
2054
-3097
1711
2047
-3106
1684
2041
-3098
1691
2035
-3118
1718
2038
-3137
1702
2040
-3113
1680
2042
-3108
1669
2040
-3118
1700
2043
-3126
1720
2026
-3125
1691
2034
-3125
1657
2035
-3119
1679
2032
-3256
1712
2048
-3110
1694
2041
-3105
1680
2044
-3111
1683
2046
-3124
1701
2037
-3132
1693
2043
-3118
1688
2040
-3105
1685
2046
-3100
1690
2046
-3106
1704
2040
-3116
1686
2038
-3134
1663
2042
-3121
1700
2050
-3115
1675
2042
-3126
1658
2050
-3119
1707
2044
-3128
1702
2042
-3119
1654
2053
-3102
1671
2051
-3107
1703
2055
-3114
1680
2074
-3081
1678
2051
-3073
1726
2038
-3129
1701
2046
-3164
1658
2031
-3131
1679
2029
-3097
1717
2048
-3095
1708
2041
-3227
1685
2030
-3116
1697
2023
-3140
1707
2032
-3127
1694
2034
-3105
1673
2035
-3117
1697
2028
-3137
1701
2025
-3118
1670
2029
-3089
1658
2039
-3063
1658
2021
-3073
1759
1980
-3220
1802
1977
-3245
1728
1972
-3151
1691
1990
-3136
1714
2002
-3111
1754
2000
-3109
1722
1993
-3128
1712
1987
-3155
1708
1996
-3146
1707
1998
-3143
1707
2002
-3127
1707
2012
-3131
1675
2006
-3124
1710
2013
-3117
1733
2004
-3128
1695
2004
-3130
1695
2012
-3129
1719
2010
-3249
1720
2020
-3104
1707
2010
-3112
1701
2003
-3143
1706
2008
-3144
1700
2003
-3143
1695
2012
-3122
1729
2010
-3118
1685
2007
-3137
1701
1993
-3151
1715
2011
-3147
1695
2013
-3129
1701
2019
-3118
1678
2018
-3123
1687
2026
-3120
1680
2013
-3128
1679
2001
-3139
1738
2009
-3152
1750
2014
-3144
1708
2010
-3142
1664
2005
-3122
1689
2016
-3116
1690
2018
-3126
1698
2014
-3128
1723
2020
-3138
1709
2000
-3144
1670
1997
-3151
1688
2008
-3156
1730
2013
-3255
1708
2019
-3098
1668
2014
-3125
1672
2011
-3154
1695
2024
-3138
1709
2015
-3124
1714
1997
-3147
1694
2007
-3133
1714
2004
-3117
1713
2014
-3121
1690
2016
-3132
1690
2002
-3132
1717
2001
-3144
1704
2007
-3139
1701
2007
-3136
1712
2000
-3129
1699
2011
-3119
1706
2007
-3123
1705
2003
-3133
1708
2013
-3138
1729
1994
-3137
1697
2008
-3114
1700
2008
-3139
1713
1997
-3149
1712
1991
-3139
1706
1998
-3136
1710
1995
-3147
1724
1996
-3153
1706
1999
-3260
1698
2007
-3124
1713
2010
-3114
1720
2016
-3117
1694
2008
-3135
1688
2003
-3142
1715
2005
-3125
1716
2014
-3110
1715
2018
-3118
1692
2021
-3119
1693
2011
-3134
1699
2005
-3131
1692
2005
-3142
1714
2021
-3125
1752
2006
-3132
1697
1992
-3158
1628
1992
-3165
1717
2011
-3130
1743
2024
-3100
1696
2017
-3119
1682
2003
-3137
1711
2007
-3143
1700
2006
-3138
1686
2019
-3122
1708
2012
-3127
1697
2016
-3115
1690
2016
-3122
1710
2007
-3135
1693
2017
-3265
1687
2007
-3131
1702
2011
-3125
1686
2017
-3127
1707
2013
-3132
1725
2005
-3139
1674
2001
-3143
1682
2012
-3132
1718
2024
-3127
1700
2021
-3116
1678
2010
-3140
1682
2016
-3140
1713
2026
-3124
1698
2017
-3115
1679
2021
-3118
1717
2019
-3131
1719
2013
-3131
1721
2005
-3131
1690
2025
-3105
1677
2006
-3164
1708
1982
-3161
1753
2031
-3059
1708
2027
-3084
1699
2018
-3117
1720
1991
-3168
1672
1956
-3224
1820
1859
-3162
1648
2026
-3052
1668
2004
-3204
1806
2038
-3116
1732
2008
-3128
1716
2014
-3120
1688
2026
-3105
1704
2016
-3097
1735
2012
-3128
1734
2002
-3125
1733
2017
-3097
1695
1991
-3145
1713
1983
-3162
1746
1996
-3138
1715
2007
-3119
1703
2005
-3141
1757
2002
-3149
1641
1992
-3102
1727
2004
-3127
1764
2014
-3154
1676
1999
-3098
1707
2024
-3087
1716
2035
-3104
1739
2024
-3116
1721
2021
-3138
1679
2010
-3114
1716
2025
-3112
1730
2011
-3110
1709
2005
-3124
1727
2012
-3136
1711
1999
-3265
1700
1998
-3150
1729
2001
-3139
1716
2017
-3105
1704
2004
-3141
1705
2008
-3140
1723
2016
-3122
1698
1997
-3128
1681
2016
-3130
1725
2011
-3134
1728
2030
-3121
1692
2017
-3109
1675
2011
-3113
1720
2025
-3126
1740
2013
-3128
1697
2017
-3123
1696
2006
-3125
1708
2015
-3118
1702
2011
-3125
1709
2004
-3133
1706
2009
-3132
1703
2005
-3123
1712
2027
-3111
1680
2023
-3102
1680
2017
-3122
1737
2014
-3148
1712
2008
-3125
1665
2008
-3103
1714
2019
-3243
1761
2009
-3134
1713
2002
-3130
1691
1993
-3137
1739
1994
-3148
1730
2008
-3118
1706
2002
-3119
1724
1997
-3132
1702
1999
-3135
1703
2008
-3132
1734
1997
-3122
1718
2006
-3115
1738
2007
-3136
1708
1996
-3118
1719
2009
-3126
1729
2004
-3127
1725
1990
-3128
1724
2000
-3122
1735
1994
-3134
1716
1990
-3142
1725
1994
-3150
1714
2007
-3124
1721
2011
-3104
1738
2020
-3109
1694
2009
-3111
1695
2007
-3119
1734
2007
-3127
1711
2007
-3128
1688
2005
-3246
1732
2014
-3124
1735
2017
-3119
1734
2016
-3105
1691
2007
-3122
1695
2023
-3119
1756
2008
-3100
1734
2000
-3137
1666
2005
-3153
1699
2019
-3111
1742
2017
-3110
1712
2017
-3122
1685
2010
-3121
1721
2013
-3131
1738
2020
-3138
1689
2011
-3119
1707
2013
-3110
1724
2018
-3110
1681
2022
-3101
1705
2003
-3121
1748
2007
-3162
1703
2004
-3143
1742
2012
-3125
1667
2018
-3110
1654
2018
-3103
1765
2023
-3140
1714
2009
-3140
1664
2007
-3134
1694
2024
-3247
1722
2020
-3114
1706
2020
-3123
1675
2024
-3124
1724
2029
-3118
1729
2023
-3116
1694
2018
-3124
1691
2019
-3124
1709
2020
-3119
1708
2008
-3128
1706
2003
-3130
1693
2010
-3137
1725
2006
-3149
1709
2014
-3111
1698
2022
-3110
1745
2022
-3118
1729
2005
-3121
1700
2006
-3122
1696
2010
-3124
1708
2016
-3114
1728
2026
-3111
1723
2010
-3121
1712
2011
-3128
1713
2018
-3127
1713
2021
-3089
1751
1995
-3131
1723
2011
-3123
1683
2006
-3130
1715
2004
-3259
1740
1986
-3158
1723
2000
-3156
1701
2012
-3114
1712
2017
-3090
1724
2013
-3111
1717
2003
-3130
1703
1998
-3133
1706
2020
-3126
1725
2024
-3114
1715
2030
-3098
1675
2026
-3107
1717
2029
-3128
1732
2024
-3120
1707
2012
-3116
1697
2021
-3124
1718
2009
-3114
1720
2010
-3124
1710
2004
-3132
1737
2002
-3143
1699
2003
-3126
1713
2006
-3130
1696
2018
-3110
1692
2010
-3121
1720
2001
-3148
1721
2011
-3154
1658
2013
-3133
1691
2018
-3118
1754
2029
-3226
1715
2041
-3097
1685
2016
-3116
1714
2012
-3147
1724
2025
-3140
1675
2018
-3100
1693
2026
-3092
1753
2032
-3117
1720
2004
-3143
1671
2004
-3127
1712
2028
-3133
1724
2026
-3115
1688
2015
-3113
1662
2030
-3119
1723
2028
-3125
1711
2010
-3132
1675
2017
-3129
1696
2032
-3132
1718
2030
-3134
1696
2036
-3094
1710
2041
-3091
1706
2023
-3128
1699
2027
-3141
1730
2043
-3081
1738
2039
-3102
1650
2022
-3119
1670
2023
-3104
1705
2028
-3134
1716
2009
-3289
1679
2003
-3180
1650
2009
-3121
1678
2030
-3091
1672
2004
-3207
1704
1993
-3159
1682
1991
-3140
1661
1980
-3186
1685
1981
-3170
1646
1972
-3178
1705
1968
-3250
1620
1978
-3137
1643
2012
-3099
1687
2005
-3205
1693
1984
-3173
1603
2004
-3113
1681
2015
-3113
1752
2035
-3082
1668
1999
-3154
1530
1955
-3287
1728
1978
-3214
1766
2042
-3042
1598
2027
-3117
1629
1988
-3183
1775
2013
-3123
1715
2004
-3143
1612
1980
-3192
1669
2000
-3162
1746
2013
-3241
1693
2007
-3129
1654
2007
-3146
1688
2006
-3168
1697
2002
-3152
1656
2017
-3123
1696
2018
-3127
1726
2022
-3117
1681
2014
-3123
1671
2008
-3125
1683
2023
-3110
1720
2018
-3145
1726
2020
-3133
1679
2016
-3129
1650
2029
-3125
1730
2036
-3113
1724
2024
-3115
1648
2024
-3124
1646
2023
-3136
1717
2037
-3122
1715
2035
-3109
1662
2024
-3115
1681
2023
-3137
1719
2031
-3121
1698
2023
-3120
1673
2021
-3129
1705
2036
-3112
1700
2015
-3116
1696
2010
-3262
1711
2011
-3143
1713
2014
-3132
1688
2014
-3142
1697
2015
-3120
1697
2020
-3120
1713
2014
-3132
