-862
-3368
-3948
-850
-1317
-3946
-861
-1336
-3942
-865
-1297
-3961
-857
-1332
-3943
-848
-1294
-3956
-872
-1324
-3952
-856
-1315
-3948
-850
-1302
-3948
-865
-1315
-3950
-859
-1305
-3950
-862
-1320
-3950
-855
-1317
-3946
-867
-1315
-3958
-858
-1329
-3941
-853
-1309
-3953
-861
-1332
-3939
-866
-1327
-3947
-862
-1332
-3942
-853
-1321
-3944
-856
-1317
-3948
-862
-1312
-3952
-853
-1311
-3948
-852
-1321
-3940
-866
-1320
-3948
-858
-1330
-3947
-845
-1325
-3948
-872
-1332
-3946
-847
-1324
-3943
-866
-1332
-3940
-852
-1329
-3937
-867
-1321
-3955
-863
-1307
-3940
-858
-1319
-3944
-854
-1320
-3950
-863
-1308
-3947
-852
-1301
-3954
-864
-1316
-3943
-857
-1320
-3943
-862
-1317
-3953
-854
-1323
-3950
-860
-1324
-3956
-856
-1309
-3944
-862
-1322
-3946
-857
-1311
-3950
-865
-1307
-3953
-860
-1311
-3948
-857
-1304
-3956
-856
-1306
-3952
-861
-1289
-3953
-861
-1291
-3949
-862
-1299
-3952
-858
-1300
-3952
-868
-1295
-3953
-871
-1302
-3959
-860
-1290
-3949
-858
-1303
-3956
-868
-1305
-3945
-866
-1290
-3956
-855
-1314
-3948
-861
-1312
-3947
-872
-1310
-3956
-858
-1302
-3952
-860
-1301
-3952
-865
-1301
-3953
-859
-1296
-3951
-857
-1308
-3943
-870
-1309
-3947
-859
-1299
-3951
-865
-1334
-3943
-854
-1301
-3951
-863
-1308
-3945
-862
-1318
-3945
-875
-1337
-3966
-840
-1311
-3922
-875
-1323
-3953
-865
-1307
-3949
-864
-1322
-3945
-866
-1316
-3948
-853
-1329
-3945
-856
-1316
-3943
-878
-1305
-3960
-864
-1331
-3945
-841
-1312
-3948
-865
-1311
-3947
-874
-1310
-3949
-859
-1316
-3951
-853
-1329
-3947
-871
-1306
-3949
-871
-1300
-3951
-857
-1304
-3952
-858
-1304
-3949
-867
-1297
-3949
-862
-1299
-3952
-857
-1302
-3949
-863
-1312
-3950
-863
-1303
-3950
-857
-1302
-3945
-863
-1310
-3952
-865
-1288
-3961
-858
-1305
-3951
-859
-1300
-3957
-862
-1294
-3952
-865
-1291
-3955
-870
-1280
-3954
-852
-1287
-3960
-865
-1289
-3959
-870
-1286
-3956
-864
-1290
-3951
-854
-1294
-3961
-861
-1298
-3956
-863
-1285
-3957
-871
-1303
-3957
-858
-1283
-3960
-867
-1294
-3957
-866
-1282
-3959
-860
-1292
-3957
-861
-1298
-3952
-864
-1286
-3956
-862
-1291
-3962
-866
-1291
-3960
-859
-1286
-3959
-858
-1293
-3953
-860
-1290
-3954
-868
-1307
-3954
-861
-1297
-3952
-856
-1286
-3958
-856
-1311
-3954
-865
-1308
-3957
-863
-1314
-3949
-865
-1291
-3949
-853
-1311
-3954
-867
-1288
-3950
-866
-1322
-3951
-849
-1326
-3947
-877
-1299
-3943
-875
-1314
-3946
-859
-1331
-3933
-855
-1330
-3943
-905
-1336
-3953
-874
-1315
-3934
-882
-1378
-3932
-872
-1365
-3930
-894
-1343
-3932
-900
-1354
-3923
-909
-1368
-3929
-891
-1351
-3919
-920
-1349
-3934
-904
-1330
-3945
-918
-1345
-3935
-909
-1354
-3932
-912
-1331
-3929
-913
-1336
-3930
-911
-1348
-3928
-912
-1292
-3943
-901
-1343
-3926
-917
-1331
-3934
-911
-1324
-3936
-901
-1343
-3933
-905
-1338
-3926
-901
-1339
-3928
-898
-1336
-3936
-894
-1352
-3928
-909
-1321
-3932
-898
-1342
-3934
-891
-1343
-3931
-906
-1292
-3950
-914
-1283
-3958
-900
-1300
-3948
-887
-1316
-3938
-893
-1306
-3949
-895
-1304
-3951
-910
-1259
-3947
-887
-1277
-3956
-869
-1319
-3935
-889
-1281
-3952
-895
-1265
-3962
-876
-1269
-3954
-876
-1285
-3958
-894
-1299
-3967
-878
-1281
-3963
-855
-1328
-3940
-891
-1324
-3956
-866
-1317
-3941
-838
-1296
-3948
-861
-1333
-3938
-876
-1309
-3960
-852
-1293
-3947
-833
-1369
-3932
-853
-1358
-3939
-850
-1293
-3988
-854
-1261
-3964
-826
-1318
-3921
-854
-1341
-3980
-808
-1292
-3938
-856
-1320
-3991
-822
-1293
-3924
-808
-1372
-3926
-822
-1252
-3950
-828
-1331
-3936
-840
-1319
-3961
-844
-1296
-3974
-842
-1307
-3961
-842
-1300
-3964
-838
-1300
-3954
-844
-1295
-3963
-853
-1286
-3965
-834
-1290
-3950
-844
-1300
-3960
-848
-1295
-3961
-841
-1290
-3962
-842
-1304
-3949
-843
-1291
-3970
-840
-1302
-3958
-854
-1320
-3964
-838
-1304
-3961
-824
-1323
-3942
-871
-1462
-3934
-812
-1664
-3865
-781
-1813
-3840
-815
-1787
-3816
-821
-1978
-3757
-696
-1276
-3838
-920
-1990
-3651
-802
-2237
-3474
-632
-2145
-3365
-830
-2445
-3387
-900
-2323
-3412
-935
-2375
-3452
-983
-2380
-3368
-877
-2505
-3346
-831
-2395
-3414
-886
-2364
-3423
-830
-2505
-3379
-845
-2469
-3328
-871
-2477
-3364
-907
-2428
-3394
-895
-2436
-3367
-902
-2401
-3365
-939
-2364
-3434
-890
-2362
-3394
-864
-2460
-3335
-948
-2461
-3368
-887
-2452
-3332
-898
-2569
-3330
-889
-2528
-3297
-852
-2557
-3254
-901
-2494
-3364
-902
-2465
-3322
-886
-2514
-3302
-887
-2481
-3341
-874
-2423
-3387
-898
-2413
-3389
-899
-2445
-3369
-840
-2450
-3334
-845
-2421
-3368
-853
-2425
-3402
-862
-2433
-3366
-893
-2335
-3387
-886
-2379
-3429
-895
-2421
-3409
-867
-2211
-3458
-952
-2218
-3565
-880
-2325
-3405
-919
-2294
-3456
-919
-2268
-3454
-905
-2337
-3444
-923
-2322
-3460
-930
-2309
-3469
-928
-2310
-3425
-885
-2336
-3452
-847
-2372
-3397
-882
-2355
-3411
-902
-2300
-3465
-900
-2254
-3477
-902
-2294
-3461
-898
-2317
-3446
-903
-2278
-3471
-903
-2282
-3466
-903
-2296
-3462
-897
-2287
-3466
-899
-2285
-3455
-911
-2282
-3467
-913
-2289
-3461
-901
-2296
-3464
-891
-2285
-3464
-916
-2272
-3470
-915
-2273
-3467
-903
-2286
-3467
-906
-2257
-3476
-926
-2276
-3466
-909
-2290
-3469
-906
-2241
-3487
-918
-2265
-3475
-919
-2260
-3484
-902
-2261
-3473
-913
-2267
-3483
-914
-2260
-3470
-909
-2261
-3485
-903
-2270
-3471
-908
-2264
-3479
-915
-2261
-3477
-906
-2261
-3479
-909
-2271
-3475
-916
-2265
-3480
-915
-2268
-3478
-903
-2266
-3471
-909
-2259
-3475
-915
-2257
-3481
-906
-2261
-3478
-899
-2266
-3472
-916
-2266
-3474
-912
-2271
-3475
-903
-2275
-3477
-910
-2276
-3467
-908
-2280
-3468
-906
-2275
-3464
-921
-2282
-3467
-910
-2286
-3463
-914
-2276
-3476
-912
-2269
-3462
-922
-2296
-3467
-909
-2265
-3484
-919
-2257
-3458
-918
-2330
-3442
-892
-2263
-3479
-925
-2271
-3465
-924
-2303
-3450
-905
-2267
-3466
-924
-2290
-3482
-914
-2286
-3454
-912
-2267
-3470
-925
-2285
-3465
-913
-2294
-3459
-907
-2298
-3461
-921
-2244
-3471
-913
-2227
-3487
-915
-2254
-3483
-918
-2249
-3476
-917
-2243
-3492
-910
-2259
-3475
-922
-2252
-3486
-917
-2253
-3489
-913
-2257
-3479
-914
-2242
-3488
-915
-2248
-3487
-922
-2248
-3487
-918
-2240
-3499
-918
-2238
-3492
-916
-2245
-3488
-916
-2238
-3493
-916
-2224
-3494
-918
-2228
-3497
-915
-2223
-3496
-917
-2230
-3499
-917
-2219
-3499
-912
-2232
-3497
-915
-2232
-3494
-915
-2223
-3503
-917
-2237
-3490
-911
-2222
-3492
-924
-2235
-3500
-912
-2218
-3504
-912
-2256
-3479
-910
-2214
-3501
-931
-2221
-3500
-914
-2235
-3491
-904
-2220
-3504
-918
-2216
-3496
-925
-2224
-3500
-911
-2235
-3497
-917
-2231
-3500
-921
-2230
-3494
-907
-2230
-3492
-910
-2237
-3490
-929
-2238
-3497
-907
-2216
-3507
-912
-2241
-3488
-925
-2253
-3490
-925
-2233
-3493
-918
-2220
-3502
-912
-2249
-3483
-918
-2232
-3493
-919
-2243
-3496
-916
-2223
-3495
-922
-2244
-3491
-916
-2235
-3499
-919
-2222
-3498
-915
-2235
-3497
-910
-2230
-3492
-910
-2257
-3487
-918
-2252
-3490
-910
-2228
-3499
-903
-2239
-3478
-922
-2276
-3488
-904
-2272
-3477
-903
-2228
-3503
-905
-2253
-3481
-916
-2238
-3489
-903
-2235
-3495
-900
-2251
-3483
-910
-2237
-3493
-897
-2232
-3492
-900
-2245
-3485
-901
-2251
-3489
-910
-2257
-3497
-898
-2245
-3490
-903
-2261
-3485
-891
-2271
-3491
-917
-2204
-3520
-896
-2259
-3496
-887
-2213
-3494
-896
-2189
-3509
-899
-2243
-3492
-886
-2245
-3501
-888
-2236
-3500
-898
-2235
-3496
-890
-2238
-3503
-890
-2237
-3503
-890
-2234
-3500
-892
-2225
-3504
-894
-2235
-3505
-878
-2240
-3501
-890
-2229
-3500
-891
-2245
-3494
-884
-2225
-3508
-887
-2237
-3498
-891
-2223
-3508
-892
-2230
-3503
-885
-2234
-3504
-896
-2218
-3512
-883
-2231
-3502
-896
-2219
-3506
-899
-2224
-3510
-883
-2226
-3505
-895
-2224
-3511
-884
-2221
-3506
-885
-2223
-3508
-892
-2228
-3506
-880
-2215
-3506
-892
-2240
-3498
-882
-2219
-3508
-889
-2231
-3504
-884
-2225
-3508
-889
-2224
-3508
-886
-2215
-3510
-887
-2212
-3514
-885
-2224
-3507
-884
-2222
-3501
-888
-2229
-3505
-885
-2225
-3505
-884
-2226
-3506
-881
-2233
-3507
-880
-2225
-3514
-896
-2238
-3495
-870
-2238
-3508
-885
-2224
-3500
-892
-2263
-3497
-883
-2238
-3503
-877
-2237
-3499
-886
-2227
-3503
-879
-2220
-3505
-882
-2234
-3502
-877
-2237
-3501
-883
-2232
-3509
-879
-2234
-3506
-875
-2247
-3502
-877
-2227
-3501
-886
-2242
-3506
-869
-2247
-3500
-876
-2223
-3502
-881
-2246
-3494
-880
-2246
-3500
-876
-2247
-3498
-872
-2234
-3502
-880
-2235
-3499
-882
-2231
-3507
-879
-2227
-3503
-881
-2236
-3506
-876
-2223
-3506
-884
-2221
-3506
-885
-2230
-3505
-881
-2219
-3517
-887
-2236
-3504
-878
-2217
-3510
-884
-2234
-3507
-884
-2236
-3506
-890
-2229
-3508
-885
-2210
-3514
-888
-2212
-3510
-868
-2213
-3518
-888
-2199
-3518
-888
-2202
-3516
-889
-2206
-3521
-886
-2214
-3519
-888
-2221
-3511
-896
-2212
-3517
-885
-2201
-3520
-893
-2210
-3515
-877
-2208
-3511
-885
-2206
-3518
-899
-2219
-3509
-891
-2207
-3515
-882
-2221
-3513
-896
-2191
-3523
-890
-2201
-3524
-878
-2188
-3518
-889
-2189
-3516
-887
-2193
-3521
-883
-2186
-3533
-886
-2201
-3517
-890
-2205
-3521
-886
-2206
-3527
-882
-2192
-3527
-887
-2213
-3517
-879
-2195
-3515
-890
-2203
-3523
-881
-2209
-3502
-892
-2187
-3538
-875
-2220
-3510
-881
-2208
-3525
-893
-2200
-3522
-886
-2206
-3521
-878
-2209
-3514
-885
-2210
-3520
-892
-2203
-3517
-879
-2219
-3517
-881
-2215
-3519
-891
-2210
-3518
-883
-2213
-3509
-873
-2217
-3512
-891
-2232
-3510
-879
-2198
-3519
-893
-2214
-3512
-883
-2230
-3514
-887
-2226
-3512
-885
-2215
-3508
-881
-2203
-3521
-883
-2223
-3510
-883
-2214
-3521
-886
-2214
-3512
-881
-2216
-3515
-883
-2223
-3510
-882
-2214
-3515
-885
-2222
-3513
-866
-2210
-3508
-889
-2235
-3513
-885
-2220
-3507
-877
-2201
-3517
-885
-2230
-3505
-889
-2220
-3515
-880
-2218
-3505
-878
-2200
-3518
-889
-2211
-3518
-888
-2204
-3521
-891
-2207
-3518
-880
-2211
-3519
-892
-2214
-3519
-888
-2207
-3520
-881
-2213
-3514
-878
-2213
-3512
-883
-2208
-3521
-884
-2223
-3514
-874
-2198
-3520
-891
-2215
-3511
-887
-2205
-3522
-881
-2213
-3514
-878
-2208
-3516
-889
-2196
-3525
-890
-2208
-3522
-888
-2205
-3521
-886
-2212
-3515
-879
-2205
-3523
-891
-2202
-3521
-883
-2209
-3517
-882
-2198
-3522
-889
-2209
-3517
-883
-2202
-3516
-885
-2203
-3520
-886
-2199
-3518
-884
-2197
-3523
-891
-2208
-3515
-891
-2186
-3532
-887
-2204
-3520
-880
-2192
-3519
-898
-2199
-3528
-880
-2196
-3515
-890
-2196
-3529
-889
-2199
-3522
-894
-2200
-3527
-884
-2199
-3516
-879
-2200
-3518
-890
-2200
-3519
-882
-2206
-3522
-877
-2210
-3516
-881
-2200
-3518
-885
-2199
-3521
-877
-2207
-3517
-883
-2204
-3521
-882
-2199
-3526
-898
-2215
-3510
-873
-2207
-3517
-883
-2208
-3514
-887
-2222
-3515
-882
-2217
-3518
-881
-2211
-3510
-885
-2202
-3523
-885
-2223
-3509
-880
-2207
-3517
-883
-2216
-3513
-887
-2210
-3513
-878
-2222
-3511
-876
-2223
-3513
-886
-2220
-3511
-883
-2217
-3514
-877
-2223
-3509
-880
-2220
-3513
-881
-2220
-3517
-883
-2220
-3513
-881
-2217
-3514
-880
-2205
-3517
-889
-2230
-3510
-878
-2198
-3524
-883
-2208
-3516
-884
-2228
-3508
-885
-2220
-3513
-884
-2207
-3511
-883
-2192
-3525
-881
-2213
-3515
-884
-2202
-3521
-883
-2205
-3519
-881
-2197
-3518
-882
-2204
-3519
-885
-2221
-3520
-888
-2205
-3525
-883
-2196
-3524
-884
-2203
-3520
-883
-2206
-3520
-885
-2203
-3513
-886
-2205
-3522
-876
-2197
-3520
-890
-2205
-3524
-884
-2203
-3522
-888
-2189
-3527
-881
-2213
-3518
-885
-2191
-3524
-881
-2199
-3525
-882
-2193
-3521
-879
-2191
-3522
-883
-2194
-3523
-886
-2187
-3530
-878
-2190
-3528
-884
-2191
-3530
-886
-2189
-3524
-884
-2187
-3533
-882
-2193
-3528
-882
-2186
-3531
-882
-2191
-3527
-886
-2195
-3521
-881
-2191
-3525
-880
-2191
-3526
-883
-2187
-3534
-884
-2203
-3524
-874
-2186
-3525
-884
-2195
-3526
-886
-2196
-3536
-878
-2200
-3514
-876
-2203
-3528
-879
-2186
-3533
-886
-2204
-3520
-885
-2194
-3525
-881
-2199
-3528
-877
-2195
-3526
-880
-2195
-3528
-881
-2192
-3521
-882
-2199
-3521
-877
-2201
-3521
-878
-2206
-3521
-880
-2202
-3522
-876
-2194
-3521
-888
-2206
-3526
-880
-2215
-3521
-868
-2176
-3533
-887
-2214
-3517
-887
-2213
-3524
-882
-2204
-3524
-877
-2186
-3532
-882
-2192
-3529
-882
-2203
-3522
-881
-2192
-3530
-884
-2195
-3522
-885
-2197
-3525
-879
-2198
-3524
-883
-2194
-3527
-885
-2194
-3529
-878
-2197
-3528
-882
-2191
-3530
-885
-2198
-3527
-880
-2198
-3523
-882
-2182
-3530
-886
-2203
-3519
-875
-2197
-3528
-885
-2194
-3522
-879
-2190
-3526
-884
-2191
-3533
-882
-2190
-3531
-884
-2190
-3530
-881
-2190
-3526
-881
-2194
-3530
-870
-2190
-3528
-888
-2200
-3527
-878
-2196
-3530
-885
-2186
-3532
-880
-2189
-3532
-884
-2188
-3535
-882
-2188
-3528
-882
-2180
-3531
-883
-2191
-3530
-878
-2183
-3537
-885
-2192
-3527
-875
-2182
-3535
-880
-2183
-3538
-884
-2185
-3537
-879
-2181
-3532
-885
-2183
-3530
-880
-2185
-3533
-885
-2184
-3532
-878
-2177
-3543
-877
-2189
-3527
-878
-2190
-3532
-878
-2192
-3532
-872
-2179
-3534
-886
-2193
-3539
-881
-2199
-3524
-874
-2178
-3535
-874
-2196
-3524
-880
-2195
-3532
-876
-2200
-3525
-876
-2175
-3536
-883
-2184
-3530
-881
-2191
-3531
-880
-2183
-3535
-880
-2191
-3525
-878
-2190
-3532
-878
-2195
-3525
-871
-2192
-3528
-882
-2193
-3524
-872
-2198
-3521
-875
-2199
-3525
-869
-2182
-3529
-889
-2209
-3525
-869
-2190
-3525
-874
-2185
-3530
-879
-2209
-3519
-878
-2198
-3523
-876
-2205
-3522
-869
-2178
-3537
-889
-2210
-3519
-874
-2188
-3529
-882
-2191
-3533
-877
-2196
-3526
-876
-2199
-3523
-881
-2189
-3524
-881
-2187
-3529
-874
-2195
-3528
-880
-2199
-3531
-878
-2182
-3532
-883
-2200
-3529
-872
-2193
-3524
-884
-2192
-3526
-881
-2193
-3526
-882
-2192
-3532
-875
-2196
-3526
-883
-2177
-3539
-883
-2193
-3533
-876
-2190
-3528
-883
-2182
-3535
-883
-2185
-3527
-877
-2187
-3535
-873
-2180
-3532
-881
-2187
-3534
-880
-2192
-3530
-876
-2186
-3530
-879
-2190
-3527
-879
-2179
-3538
-881
-2183
-3541
-878
-2191
-3530
-878
-2184
-3533
-882
-2192
-3527
-879
-2178
-3536
-880
-2188
-3529
-878
-2175
-3535
-879
-2183
-3540
-878
-2184
-3538
-881
-2179
-3537
-879
-2185
-3537
-874
-2179
-3537
-879
-2194
-3530
-873
-2184
-3531
-872
-2189
-3533
-874
-2188
-3532
-873
-2187
-3532
-874
-2189
-3530
-874
-2187
-3532
-875
-2194
-3526
-871
-2190
-3525
-881
-2191
-3537
-880
-2208
-3522
-867
-2173
-3532
-879
-2200
-3523
-881
-2200
-3523
-878
-2201
-3525
-872
-2182
-3528
-872
-2188
-3531
-876
-2197
-3524
-877
-2192
-3530
-874
-2192
-3527
-873
-2199
-3528
-874
-2210
-3519
-875
-2194
-3526
-874
-2196
-3521
-869
-2192
-3527
-873
-2201
-3530
-878
-2195
-3528
-876
-2192
-3527
-874
-2192
-3531
-881
-2209
-3525
-871
-2182
-3531
-880
-2194
-3529
-878
-2199
-3525
-883
-2198
-3529
-875
-2191
-3528
-872
-2183
-3535
-879
-2191
-3527
-877
-2193
-3530
-879
-2192
-3528
-872
-2187
-3528
-878
-2193
-3532
-876
-2189
-3532
-875
-2188
-3529
-877
-2191
-3529
-874
-2186
-3529
-875
-2195
-3525
-878
-2192
-3534
-874
-2181
-3534
-877
-2190
-3534
-875
-2186
-3532
-879
-2183
-3531
-880
-2189
-3528
-873
-2181
-3537
-878
-2189
-3528
-872
-2183
-3532
-879
-2182
-3531
-879
-2185
-3533
-876
-2184
-3539
-880
-2178
-3535
-881
-2181
-3531
-881
-2182
-3531
-875
-2183
-3530
-882
-2182
-3530
-877
-2183
-3532
-878
-2188
-3534
-878
-2186
-3535
-878
-2188
-3534
-878
-2188
-3529
-868
-2180
-3534
-882
-2191
-3539
-875
-2195
-3526
-867
-2173
-3540
-883
-2196
-3529
-877
-2190
-3530
-879
-2196
-3529
-872
-2183
-3533
-872
-2186
-3534
-875
-2196
-3530
-872
-2193
-3527
-873
-2190
-3525
-875
-2187
-3531
-872
-2202
-3528
-872
-2192
-3534
-873
-2189
-3527
-868
-2199
-3527
-877
-2199
-3531
-870
-2201
-3526
-866
-2201
-3518
-872
-2194
-3530
-879
-2215
-3521
-868
-2185
-3536
-877
-2204
-3523
-878
-2214
-3529
-872
-2200
-3527
-869
-2190
-3530
-873
-2190
-3534
-876
-2202
-3525
-874
-2189
-3529
-876
-2198
-3529
-877
-2192
-3532
-874
-2203
-3524
-881
-2188
-3530
-873
-2195
-3529
-883
-2191
-3528
-875
-2199
-3530
-867
-2182
-3533
-880
-2193
-3529
-878
-2200
-3517
-881
-2188
-3534
-877
-2197
-3532
-865
-2187
-3537
-869
-2198
-3533
-874
-2185
-3527
-881
-2182
-3531
-870
-2187
-3531
-879
-2186
-3532
-882
-2187
-3532
-877
-2186
-3531
-868
-2192
-3528
-875
-2184
-3540
-883
-2189
-3530
-872
-2194
-3536
-872
-2190
-3536
-876
-2193
-3540
-867
-2188
-3520
-880
-2180
-3542
-882
-2192
-3527
-872
-2177
-3547
-871
-2183
-3527
-884
-2190
-3531
-883
-2179
-3540
-867
-2181
-3532
-878
-2189
-3535
-871
-2187
-3532
-876
-2190
-3535
-870
-2192
-3533
-870
-2182
-3538
-872
-2191
-3534
-870
-2186
-3529
-874
-2190
-3528
-874
-2191
-3532
-872
-2188
-3531
-867
-2199
-3530
-868
-2195
-3531
-875
-2188
-3523
-877
-2196
-3537
-868
-2203
-3520
-866
-2184
-3535
-879
-2200
-3526
-868
-2202
-3533
-867
-2205
-3524
-871
-2189
-3526
-875
-2187
-3542
-857
-2199
-3530
-868
-2197
-3528
-885
-2190
-3527
-876
-2191
-3528
-855
-2213
-3522
-871
-2199
-3525
-879
-2201
-3522
-866
-2206
-3522
-859
-2210
-3525
-877
-2202
-3521
-864
-2186
-3533
-871
-2217
-3521
-864
-2197
-3517
-878
-2189
-3529
-872
-2203
-3523
-867
-2199
-3528
-869
-2198
-3521
-874
-2177
-3532
-871
-2194
-3531
-867
-2195
-3529
-878
-2190
-3533
-872
-2192
-3530
-868
-2193
-3529
-872
-2190
-3528
-875
-2189
-3531
-867
-2195
-3536
-876
-2196
-3528
-875
-2191
-3533
-872
-2183
-3533
-877
-2192
-3539
-878
-2193
-3527
-868
-2181
-3537
-879
-2194
-3530
-871
-2180
-3541
-876
-2189
-3537
-875
-2181
-3536
-874
-2184
-3535
-879
-2184
-3540
-872
-2185
-3542
-868
-2184
-3534
-875
-2182
-3536
-873
-2191
-3532
-867
-2183
-3532
-878
-2182
-3539
-878
-2183
-3531
-870
-2196
-3531
-869
-2194
-3532
-878
-2192
-3528
-866
-2186
-3531
-873
-2207
-3529
-870
-2176
-3539
-875
-2192
-3532
-864
-2202
-3525
-873
-2199
-3526
-877
-2186
-3529
-874
-2182
-3530
-863
-2209
-3530
-867
-2183
-3529
-863
-2210
-3523
-882
-2189
-3531
-883
-2207
-3529
-846
-2189
-3533
-886
-2202
-3525
-863
-2203
-3521
-874
-2203
-3526
-871
-2202
-3523
-882
-2191
-3525
-861
-2222
-3540
-856
-2169
-3518
-877
-2232
-3528
-904
-2183
-3530
-872
-2219
-3524
-851
-2180
-3526
-884
-2190
-3544
-898
-2193
-3525
-848
-2192
-3536
-862
-2198
-3528
-878
-2180
-3535
-889
-2196
-3533
-853
-2206
-3529
-862
-2187
-3527
-891
-2199
-3526
-880
-2180
-3534
-864
-2195
-3524
-873
-2196
-3535
-881
-2186
-3536
-874
-2188
-3535
-859
-2206
-3525
-863
-2191
-3533
-896
-2184
-3534
-871
-2189
-3534
-871
-2190
-3532
-874
-2188
-3538
-880
-2181
-3540
-870
-2188
-3531
-872
-2187
-3533
-876
-2187
-3533
-870
-2181
-3533
-871
-2194
-3529
-874
-2187
-3534
-878
-2187
-3541
-870
-2191
-3534
-870
-2181
-3532
-879
-2175
-3540
-877
-2191
-3538
-868
-2180
-3535
-875
-2197
-3529
-869
-2182
-3535
-884
-2194
-3531
-870
-2189
-3529
-869
-2197
-3534
-873
-2191
-3533
-873
-2184
-3531
-869
-2193
-3529
-869
-2191
-3531
-875
-2195
-3531
-872
-2193
-3530
-869
-2196
-3532
-871
-2199
-3532
-872
-2198
-3531
-869
-2200
-3525
-874
-2196
-3524
-868
-2183
-3529
-884
-2210
-3526
-868
-2205
-3528
-867
-2185
-3538
-878
-2219
-3525
-876
-2210
-3527
-866
-2200
-3525
-872
-2186
-3532
-875
-2200
-3531
-869
-2198
-3527
-874
-2195
-3528
-873
-2198
-3522
-872
-2202
-3527
-868
-2199
-3526
-869
-2186
-3535
-877
-2197
-3527
-872
-2197
-3530
-877
-2199
-3529
-874
-2192
-3530
-876
-2200
-3527
-878
-2200
-3524
-867
-2187
-3531
-879
-2201
-3526
-869
-2192
-3528
-878
-2197
-3529
-866
-2186
-3533
-873
-2189
-3534
-876
-2195
-3529
-874
-2182
-3532
-879
-2190
-3531
-873
-2190
-3533
-879
-2193
-3531
-873
-2188
-3537
-877
-2186
-3532
-876
-2201
-3533
-875
-2187
-3528
-874
-2194
-3537
-866
-2193
-3532
-878
-2190
-3537
-874
-2193
-3537
-875
-2189
-3540
-874
-2196
-3529
-874
-2184
-3538
-876
-2199
-3527
-877
-2183
-3537
-876
-2197
-3538
-873
-2185
-3539
-875
-2175
-3531
-876
-2197
-3532
-878
-2180
-3544
-867
-2192
-3526
-879
-2179
-3538
-874
-2190
-3534
-872
-2187
-3527
-876
-2181
-3537
-873
-2195
-3536
-870
-2193
-3533
-869
-2188
-3533
-875
-2193
-3539
-867
-2200
-3527
-872
-2197
-3529
-869
-2182
-3542
-867
-2200
-3538
-886
-2208
-3515
-860
-2182
-3535
-882
-2198
-3531
-875
-2209
-3532
-868
-2207
-3525
-875
-2184
-3531
-873
-2194
-3526
-870
-2199
-3527
-875
-2199
-3534
-861
-2207
-3524
-869
-2207
-3524
-877
-2199
-3527
-868
-2199
-3534
-873
-2207
-3527
-876
-2191
-3538
-875
-2199
-3532
-862
-2199
-3527
-867
-2196
-3528
-869
-2188
-3536
-881
-2203
-3538
-868
-2199
-3537
-869
-2192
-3529
-876
-2203
-3526
-876
-2193
-3539
-870
-2208
-3526
-868
-2178
-3532
-874
-2189
-3532
-872
-2200
-3539
-872
-2182
-3535
-864
-2194
-3529
-874
-2190
-3539
-876
-2184
-3535
-865
-2182
-3535
-873
-2195
-3535
-876
-2202
-3529
-865
-2195
-3532
-870
-2195
-3538
-871
-2186
-3536
-869
-2188
-3534
-867
-2180
-3535
-875
-2195
-3535
-876
-2172
-3545
-880
-2183
-3535
-858
-2197
-3535
-878
-2176
-3543
-881
-2182
-3539
-873
-2165
-3543
-865
-2170
-3541
-888
-2162
-3553
-873
-2177
-3542
-865
-2181
-3540
-870
-2170
-3547
-880
-2163
-3541
-870
-2173
-3536
-871
-2181
-3537
-879
-2184
-3545
-867
-2179
-3541
-871
-2172
-3542
-868
-2189
-3543
-873
-2169
-3536
-886
-2191
-3536
-869
-2208
-3528
-869
-2170
-3542
-883
-2199
-3526
-864
-2204
-3532
-870
-2192
-3533
-873
-2180
-3538
-869
-2188
-3532
-868
-2205
-3524
-873
-2197
-3534
-874
-2200
-3532
-874
-2187
-3536
-868
-2188
-3531
-867
-2189
-3536
-874
-2189
-3534
-883
-2186
-3538
-876
-2182
-3539
-861
-2179
-3532
-878
-2192
-3543
-888
-2177
-3538
-862
-2176
-3540
-875
-2184
-3538
-875
-2178
-3546
-868
-2180
-3537
-879
-2176
-3537
-870
-2181
-3538
-866
-2179
-3539
-880
-2177
-3543
-883
-2173
-3544
-868
-2173
-3543
-869
-2184
-3539
-878
-2173
-3551
-874
-2183
-3543
-870
-2187
-3537
-877
-2178
-3546
-875
-2176
-3547
-873
-2177
-3539
-879
-2181
-3545
-867
-2166
-3536
-879
-2180
-3549
-870
-2168
-3545
-879
-2181
-3542
-866
-2169
-3551
-869
-2170
-3543
-871
-2181
-3538
-879
-2171
-3548
-868
-2171
-3539
-873
-2173
-3547
-878
-2167
-3546
-872
-2168
-3544
-866
-2172
-3542
-873
-2176
-3540
-872
-2167
-3545
-878
-2188
-3544
-861
-2170
-3539
-877
-2154
-3556
-878
-2173
-3540
-871
-2167
-3544
-872
-2170
-3542
-872
-2163
-3549
-874
-2167
-3544
-863
-2171
-3548
-872
-2171
-3549
-880
-2162
-3542
-875
-2171
-3542
-863
-2173
-3546
-871
-2171
-3542
-878
-2169
-3548
-862
-2164
-3549
-863
-2174
-3539
-873
-2168
-3548
-872
-2175
-3550
-867
-2181
-3530
-866
-2174
-3542
-869
-2164
-3556
-874
-2192
-3540
-855
-2166
-3549
-868
-2180
-3539
-876
-2178
-3540
-871
-2187
-3534
-868
-2179
-3536
-869
-2168
-3547
-874
-2182
-3536
-865
-2178
-3539
-865
-2181
-3543
-877
-2175
-3545
-864
-2190
-3532
-873
-2184
-3542
-865
-2185
-3533
-866
-2179
-3537
-869
-2185
-3537
-866
-2183
-3543
-860
-2172
-3544
-881
-2203
-3533
-869
-2168
-3551
-864
-2177
-3539
-883
-2186
-3534
-866
-2191
-3537
-859
-2186
-3537
-881
-2147
-3571
-876
-2169
-3543
-870
-2177
-3550
-868
-2174
-3544
-868
-2174
-3542
-880
-2171
-3545
-872
-2174
-3540
-865
-2169
-3553
-871
-2176
-3541
-873
-2174
-3545
-875
-2174
-3550
-866
-2164
-3551
-877
-2168
-3546
-873
-2165
-3549
-868
-2175
-3549
-870
-2174
-3542
-871
-2164
-3553
-871
-2174
-3541
-865
-2163
-3556
-868
-2169
-3546
-869
-2168
-3544
-872
-2166
-3554
-872
-2164
-3552
-870
-2167
-3542
-874
-2173
-3546
-870
-2167
-3551
-870
-2172
-3541
-874
-2170
-3545
-871
-2166
-3546
-868
-2169
-3547
-868
-2163
-3549
-871
-2173
-3549
-867
-2175
-3543
-874
-2159
-3551
-877
-2175
-3539
-871
-2161
-3559
-868
-2170
-3548
-876
-2169
-3553
-873
-2163
-3546
-866
-2168
-3546
-874
-2163
-3550
-877
-2168
-3543
-863
-2164
-3553
-864
-2179
-3539
-874
-2164
-3553
-867
-2172
-3542
-863
-2179
-3546
-867
-2168
-3555
-874
-2171
-3539
-873
-2172
-3542
-859
-2177
-3544
-871
-2168
-3540
-871
-2168
-3556
-874
-2186
-3542
-860
-2157
-3546
-873
-2180
-3541
-869
-2176
-3546
-869
-2190
-3539
-871
-2171
-3550
-864
-2169
-3546
-867
-2182
-3543
-869
-2168
-3546
-877
-2180
-3542
-863
-2183
-3535
-867
-2188
-3539
-869
-2183
-3541
-869
-2179
-3538
-868
-2192
-3537
-866
-2183
-3543
-869
-2183
-3535
-871
-2191
-3543
-860
-2174
-3546
-879
-2188
-3542
-862
-2176
-3538
-863
-2166
-3544
-872
-2189
-3537
-869
-2178
-3540
-869
-2178
-3543
-869
-2166
-3545
-873
-2179
-3544
-867
-2177
-3542
-872
-2175
-3549
-870
-2181
-3536
-869
-2175
-3545
-871
-2177
-3546
-861
-2169
-3544
-872
-2182
-3537
-867
-2179
-3548
-867
-2177
-3542
-875
-2175
-3543
-871
-2177
-3546
-866
-2174
-3545
-875
-2179
-3545
-866
-2170
-3548
-873
-2181
-3541
-870
-2173
-3544
-879
-2172
-3547
-869
-2177
-3539
-865
-2171
-3548
-875
-2167
-3545
-867
-2169
-3544
-870
-2174
-3546
-873
-2168
-3548
-876
-2174
-3545
-871
-2179
-3544
-865
-2172
-3552
-872
-2170
-3548
-874
-2169
-3545
-872
-2170
-3543
-871
-2167
-3548
-871
-2165
-3551
-869
-2171
-3550
-877
-2168
-3546
-868
-2161
-3548
-867
-2178
-3544
-870
-2163
-3551
-875
-2166
-3545
-864
-2170
-3549
-873
-2177
-3552
-875
-2167
-3550
-868
-2170
-3547
-866
-2169
-3547
-874
-2165
-3550
-869
-2170
-3549
-870
-2167
-3549
-875
-2175
-3546
-866
-2176
-3548
-864
-2166
-3547
-869
-2172
-3545
-872
-2170
-3548
-868
-2174
-3547
-869
-2174
-3550
-870
-2166
-3548
-864
-2169
-3548
-868
-2172
-3542
-869
-2168
-3545
-867
-2164
-3556
-874
-2189
-3542
-858
-2162
-3553
-873
-2172
-3547
-875
-2178
-3545
-870
-2180
-3544
-865
-2176
-3544
-868
-2163
-3548
-869
-2175
-3549
-862
-2175
-3541
-869
-2175
-3543
-875
-2170
-3546
-870
-2175
-3544
-858
-2180
-3540
-869
-2174
-3547
-871
-2174
-3545
-864
-2176
-3545
-862
-2187
-3537
-870
-2181
-3539
-868
-2184
-3547
-864
-2185
-3540
-866
-2163
-3544
-878
-2187
-3542
-864
-2175
-3534
-865
-2169
-3546
-874
-2187
-3544
-869
-2180
-3544
-868
-2176
-3538
-868
-2167
-3548
-873
-2175
-3543
-870
-2174
-3543
-869
-2173
-3543
-871
-2178
-3541
-870
-2178
-3544
-872
-2179
-3546
-869
-2169
-3546
-868
-2174
-3542
-870
-2173
-3543
-875
-2174
-3549
-868
-2174
-3547
-867
-2173
-3545
-869
-2174
-3546
-868
-2165
-3547
-874
-2170
-3549
-864
-2183
-3541
-859
-2167
-3537
-883
-2181
-3537
-862
-2171
-3540
-879
-2172
-3549
-869
-2170
-3550
-867
-2170
-3546
-872
-2171
-3545
-868
-2170
-3549
-876
-2166
-3551
-870
-2175
-3535
-867
-2177
-3547
-873
-2165
-3548
-874
-2176
-3546
-861
-2184
-3538
-877
-2171
-3554
-884
-2170
-3541
-871
-2176
-3544
-857
-2171
-3554
-882
-2169
-3545
-885
-2163
-3547
-869
-2169
-3551
-868
-2164
-3553
-885
-2163
-3551
-866
-2160
-3556
-868
-2178
-3544
-878
-2166
-3546
-883
-2164
-3549
-868
-2170
-3547
-865
-2172
-3545
-878
-2163
-3555
-872
-2162
-3549
-870
-2169
-3544
-871
-2160
-3551
-882
-2167
-3551
-867
-2171
-3550
-864
-2165
-3550
-878
-2170
-3550
-873
-2167
-3547
-866
-2170
-3546
-869
-2169
-3544
-877
-2166
-3548
-868
-2182
-3550
-863
-2169
-3545
-875
-2172
-3546
-868
-2162
-3551
-874
-2189
-3541
-862
-2169
-3547
-879
-2168
-3549
-873
-2181
-3543
-872
-2181
-3544
-874
-2168
-3548
-870
-2154
-3549
-864
-2155
-3545
-864
-2183
-3537
-872
-2157
-3546
-878
-2168
-3547
-880
-2225
-3513
-798
-2176
-3580
-925
-2188
-3509
-854
-2158
-3572
-862
-2223
-3522
-853
-2211
-3541
-880
-2149
-3550
-853
-2134
-3554
-869
-2193
-3547
-858
-2164
-3551
-884
-2187
-3550
-873
-2212
-3534
-854
-2168
-3551
-868
-2131
-3546
-878
-2186
-3545
-862
-2138
-3552
-873
-2192
-3549
-871
-2177
-3544
-857
-2125
-3560
-880
-2184
-3540
-859
-2154
-3560
-883
-2168
-3559
-875
-2207
-3534
-841
-2152
-3547
-870
-2165
-3547
-891
-2199
-3539
-855
-2129
-3562
-872
-2185
-3543
-869
-2167
-3548
-863
-2170
-3537
-849
-2195
-3534
-874
-2202
-3540
-894
-2124
-3553
-851
-2138
-3556
-843
-2195
-3536
-870
-2209
-3534
-877
-2169
-3540
-859
-2188
-3540
-863
-2142
-3557
-874
-2142
-3553
-863
-2168
-3547
-855
-2195
-3531
-871
-2171
-3544
-881
-2186
-3547
-852
-2187
-3542
-847
-2161
-3533
-881
-2158
-3552
-880
-2172
-3546
-848
-2187
-3531
-856
-2203
-3528
-878
-2189
-3541
-878
-2183
-3538
-856
-2166
-3539
-852
-2142
-3550
-876
-2185
-3540
-889
-2181
-3554
-872
-2186
-3538
-859
-2168
-3546
-870
-2124
-3564
-870
-2159
-3553
-872
-2169
-3544
-866
-2171
-3544
-867
-2170
-3542
-866
-2189
-3539
-872
-2202
-3532
-869
-2187
-3533
-868
-2201
-3535
-867
-2188
-3537
-872
-2169
-3549
-877
-2182
-3537
-872
-2192
-3544
-869
-2192
-3530
-875
-2126
-3555
-866
-2138
-3560
-865
-2184
-3543
-879
-2153
-3549
-866
-2147
-3558
-854
-2170
-3546
-873
-2175
-3551
-885
-2164
-3549
-874
-2171
-3548
-854
-2160
-3548
-870
-2152
-3552
-882
-2163
-3545
-868
-2155
-3556
-868
-2166
-3549
-878
-2163
-3554
-882
-2145
-3553
-863
-2162
-3544
-866
-2148
-3558
-879
-2151
-3561
-871
-2154
-3555
-865
-2154
-3551
-868
-2157
-3555
-886
-2145
-3562
-870
-2143
-3564
-862
-2144
-3556
-880
-2143
-3567
-871
-2134
-3564
-856
-2146
-3561
-867
-2146
-3550
-869
-2166
-3556
-871
-2178
-3555
-873
-2154
-3560
-875
-2156
-3559
-864
-2146
-3560
-863
-2135
-3562
-870
-2144
-3560
-862
-2162
-3561
-871
-2159
-3549
-855
-2152
-3555
-859
-2155
-3560
-888
-2133
-3562
-860
-2136
-3564
-845
-2165
-3561
-866
-2151
-3552
-892
-2140
-3572
-865
-2153
-3560
-847
-2140
-3562
-872
-2133
-3564
-885
-2149
-3562
-863
-2169
-3554
-858
-2151
-3559
-879
-2136
-3570
-881
-2143
-3559
-862
-2144
-3555
-867
-2132
-3570
-868
-2143
-3564
-883
-2143
-3562
-874
-2157
-3557
-865
-2163
-3556
-871
-2174
-3555
-874
-2156
-3560
-866
-2155
-3549
-869
-2164
-3553
-863
-2158
-3554
-871
-2150
-3553
-879
-2158
-3548
-873
-2155
-3561
-862
-2166
-3546
-869
-2160
-3554
-877
-2152
-3558
-875
-2160
-3546
-869
-2155
-3555
-873
-2150
-3551
-874
-2159
-3554
-868
-2162
-3559
-868
-2163
-3545
-889
-2156
-3549
-865
-2160
-3555
-866
-2162
-3558
-882
-2150
-3557
-880
-2157
-3555
-865
-2152
-3553
-866
-2168
-3552
-879
-2155
-3552
-883
-2155
-3560
-869
-2167
-3551
-869
-2153
-3558
-881
-2153
-3563
-878
-2145
-3570
-868
-2157
-3553
-882
-2144
-3559
-873
-2155
-3558
-872
-2162
-3548
-878
-2155
-3556
-870
-2151
-3557
-877
-2138
-3561
-873
-2163
-3557
-879
-2157
-3555
-881
-2150
-3559
-876
-2151
-3562
-869
-2153
-3554
-872
-2139
-3562
-885
-2148
-3562
-878
-2140
-3561
-886
-2145
-3560
-876
-2140
-3567
-872
-2148
-3558
-878
-2139
-3560
-881
-2131
-3575
-875
-2141
-3551
-881
-2140
-3568
-877
-2139
-3563
-876
-2140
-3561
-879
-2134
-3563
-880
-2139
-3562
-875
-2140
-3559
-875
-2132
-3569
-877
-2148
-3562
-877
-2142
-3562
-882
-2134
-3557
-870
-2133
-3573
-873
-2138
-3558
-887
-2136
-3566
-874
-2148
-3560
-866
-2134
-3565
-884
-2142
-3558
-873
-2144
-3560
-865
-2143
-3565
-877
-2137
-3561
-882
-2136
-3564
-875
-2137
-3560
-872
-2136
-3567
-878
-2150
-3559
-879
-2133
-3568
-874
-2143
-3559
-874
-2139
-3568
-876
-2138
-3566
-873
-2144
-3561
-873
-2145
-3562
-882
-2144
-3562
-875
-2137
-3566
-870
-2133
-3565
-880
-2141
-3569
-873
-2145
-3557
-869
-2130
-3564
-879
-2145
-3558
-871
-2134
-3568
-870
-2143
-3565
-867
-2141
-3562
-879
-2155
-3559
-870
-2157
-3557
-870
-2134
-3570
-875
-2164
-3553
-874
-2152
-3562
-873
-2146
-3562
-875
-2147
-3559
-874
-2135
-3562
-868
-2143
-3559
-869
-2142
-3555
-881
-2156
-3554
-875
-2164
-3556
-872
-2148
-3561
-866
-2146
-3556
-869
-2145
-3562
-885
-2173
-3548
-860
-2153
-3554
-873
-2168
-3547
-869
-2187
-3543
-868
-2177
-3547
-870
-2180
-3541
-874
-2156
-3558
-868
-2165
-3552
-865
-2166
-3545
-875
-2178
-3539
-874
-2142
-3557
-878
-2168
-3550
-874
-2158
-3559
-866
-2126
-3562
-872
-2147
-3553
-876
-2151
-3562
-872
-2149
-3555
-869
-2163
-3548
-874
-2167
-3555
-862
-2137
-3561
-878
-2144
-3560
-883
-2170
-3550
-875
-2154
-3554
-870
-2103
-3577
-862
-2122
-3567
-873
-2147
-3563
-886
-2118
-3570
-876
-2148
-3560
-865
-2147
-3559
-874
-2139
-3561
-878
-2154
-3558
-869
-2130
-3568
-888
-2140
-3562
-875
-2152
-3562
-857
-2141
-3565
-869
-2121
-3564
-891
-2126
-3567
-874
-2146
-3559
-864
-2137
-3569
-881
-2149
-3558
-874
-2140
-3566
-879
-2132
-3570
-870
-2133
-3572
-887
-2131
-3573
-878
-2128
-3574
-872
-2127
-3576
-882
-2120
-3574
-885
-2117
-3572
-876
-2121
-3570
-866
-2127
-3571
-874
-2121
-3571
-881
-2113
-3575
-879
-2122
-3571
-865
-2150
-3567
-869
-2139
-3564
-876
-2136
-3571
-872
-2146
-3560
-862
-2132
-3576
-880
-2146
-3559
-876
-2123
-3570
-877
-2135
-3566
-882
-2114
-3577
-864
-2128
-3571
-883
-2131
-3576
-873
-2123
-3575
-874
-2131
-3570
-881
-2131
-3572
-880
-2126
-3575
-876
-2130
-3572
-868
-2133
-3565
-882
-2128
-3575
-874
-2134
-3570
-874
-2136
-3570
-867
-2134
-3572
-876
-2130
-3572
-879
-2134
-3568
-868
-2124
-3576
-878
-2143
-3561
-873
-2131
-3568
-879
-2123
-3580
-869
-2135
-3565
